0.00100999919200065	0.00125999899200081	1.595	0.958	16.63
0.00199999840000128	0.00215999827200138	1.741	0.967	21.01
0.00299999760000192	0.00323999740800207	1.797	1.015	28.95
0.00399999680000256	0.00413999668800265	1.819	1.048	34.56
0.00600999519200385	0.00611999510400392	2.096	1.081	58.84
0.00900999279200577	0.00917999265600588	2.376	1.163	76.44
0.0129999896000083	0.0131399894880084	2.593	1.135	107.56
0.0190099847920122	0.0190799847360122	2.785	1.258	149.69
0.0280099775920179	0.028079977536018	3.459	1.358	217.44
0.0420099663920269	0.042119966304027	4.041	1.446	343.9
0.0630099495920403	0.0631799494560404	5.608	1.78	513.13
0.0940099247920602	0.0943199245440604	7.549	2.106	845.53
0.14099988720009	0.14129988696009	16.3	2.667	1146.78
0.211009831192135	0.211139831088135	13.612	3.381	1913.34
0.316009747192202	0.316079747136202	20.57	4.837	2557.57
0.474009620792303	0.474299620560304	27.648	6.504	4367.18
0.711009431192455	0.711179431056455	61.555	9.726	6288.3
1.06599914720068	1.06613914708868	59.639	14.023	8321.57
1.59900872079302	1.59911872070502	133.236	21.977	13315.16
2.39800808159353	2.39813808148954	127.03	30.194	20822.22
3.5969971224023	3.5971171223063	193.634	44.981	30148.82
5.39500568399545	5.39513568389145	293.325	67.677	47408.29
8.09200352639718	8.09225352619718	435.237	101.338	70564.7
12.1380002895998	12.1381102895118	642.298	148.336	105447.15
18.2069954344037	18.2071654342677	1000.043	223.036	155675.52
27.3099881520095	27.3101181519055	1418.348	333.353	237664.55
37.3099801520159	37.3101901518479	1925.062	451.177	323626.85
47.3099721520223	47.3100821519343	2516.138	569.364	408800.05
57.3099641520287	57.3101541518767	3049.327	694.062	498966.61
67.3099561520351	67.3100461519631	3562.135	817.182	585318.26
77.3099481520415	77.3101181519055	4129.135	961.698	667953.14
87.3099401520479	87.3101901518479	4642.304	1064.867	755204.46
97.3099321520543	97.3100821519343	4949.032	2935.069	842332.44
