0.00100999919200065	0.00125999899200081	1.508	0.86	15.29
0.00200999839200129	0.00215999827200138	1.612	1.071	21.01
0.00300999759200193	0.00305999755200196	1.661	0.943	30.39
0.00400999679200257	0.00413999668800265	1.791	0.961	45.14
0.00599999520000384	0.00611999510400392	2.1	1.01	58.75
0.00900999279200577	0.00917999265600588	2.28	1.113	83.24
0.0130099895920083	0.0131399894880084	2.544	1.143	117.18
0.0190099847920122	0.0192599845920123	3.009	1.288	167.36
0.0280099775920179	0.0282599773920181	3.984	1.441	233.74
0.0420099663920269	0.042119966304027	4.619	1.711	358.68
0.0630099495920403	0.0631799494560404	6.21	2.169	571.67
0.0940099247920602	0.0941399246880602	8.001	2.879	753.45
0.14100988719209	0.14111988710409	11.816	3.368	1244.57
0.211009831192135	0.211139831088135	15.721	4.543	1879.24
0.316009747192202	0.316079747136202	20.571	5.967	2432.8
0.474009620792303	0.474299620560304	29.648	7.868	4277.68
0.711009431192455	0.711179431056455	50.179	11.115	6240.6
1.06600914719268	1.06613914708868	68.754	15.786	9732.57
1.59899872080102	1.59911872070502	89.859	21.725	13309.73
2.39800808159353	2.39831808134553	163.766	31.847	19780.49
3.5970071223943	3.5971171223063	191.304	46.415	30871.84
5.39500568399545	5.39513568389145	299.865	68.528	46492.61
8.09200352639718	8.09225352619718	502.052	102.674	67249.39
12.1380002895998	12.1382902893678	715.9	146.387	102084.43
18.2069854344117	18.2071654342677	1019.097	217.849	157539.23
27.3099881520095	27.3101181519055	1502.39	324.514	235393.7
37.3099701520239	37.3101901518479	2121.863	443.393	324919.79
47.3099721520223	47.3102621517903	2629.964	583.088	413324.17
57.3099541520367	57.3101541518767	3184.686	679.258	500384.11
67.3099561520351	67.3100461519631	3575.758	788.39	585104.06
77.3099481520415	77.3101181519055	4258.055	912.313	671111.35
87.3099401520479	87.3100101519919	4564.32	1018.013	755718.85
97.3099321520543	97.3102621517903	5228.001	1142.476	841635.02
