0.00100999919200065	0.00107999913600069	1.514	0.913	15.51
0.00200999839200129	0.00215999827200138	1.513	0.9	23.71
0.00299999760000192	0.00323999740800207	1.771	0.961	31.75
0.00400999679200257	0.00413999668800265	1.761	0.97	41.2
0.00600999519200385	0.00611999510400392	2.084	1.027	56.3
0.00900999279200577	0.00917999265600588	2.362	1.06	92.75
0.0130099895920083	0.0131399894880084	2.555	1.136	119.92
0.0190099847920122	0.0190799847360122	3.069	1.289	149.69
0.0280099775920179	0.028079977536018	3.587	1.589	240.45
0.0419999664000269	0.042119966304027	4.557	1.798	362.78
0.0630099495920403	0.0631799494560404	5.985	2.265	484.66
0.0940099247920602	0.0941399246880602	8.355	2.915	884.88
0.14100988719209	0.14111988710409	10.889	3.52	1281.07
0.210999831200135	0.211139831088135	15.747	4.499	1951.21
0.316009747192202	0.316079747136202	441.24	6.285	2366.24
0.473999620800303	0.474299620560304	31.234	8.589	3835.38
0.711009431192455	0.711179431056455	64.371	11.071	5806.46
1.06600914719268	1.06613914708868	62.846	15.701	8601.07
1.59900872079302	1.59911872070502	91.955	21.886	13940.66
2.39799808160153	2.39813808148954	147.273	32.539	21212.92
3.5970071223943	3.5971171223063	193.49	45.764	31593.53
5.39500568399545	5.39513568389145	341.82	67.085	46652.79
8.09200352639718	8.09207352634118	481.06	104.363	70331.48
12.1380002895998	12.1381102895118	947.942	147.013	103749.08
18.2069954344037	18.2071654342677	948.926	214.468	155766.05
27.3099781520175	27.3101181519055	1614.649	322.3	237847.79
37.3099701520239	37.3101901518479	2047.825	447.628	325010.53
47.3099621520303	47.3102621517903	2502.527	559.47	409268.02
57.3099541520367	57.3101541518767	3150.527	677.219	497802.46
67.3099461520431	67.3100461519631	3553.287	784.216	584039.11
77.3099481520415	77.3101181519055	4125.6	895.102	669781.88
87.3099401520479	87.3101901518479	19791.598	1032.743	755595.24
97.3099221520623	97.3100821519343	5338.514	1135.123	842333.9
