0.00100999919200065	0.00125999899200081	1.345	0.868	15.44
0.00200999839200129	0.00215999827200138	2.901	0.879	22.11
0.00300999759200193	0.00305999755200196	1.74	0.929	30.23
0.00400999679200257	0.00413999668800265	1.756	0.942	42.59
0.00599999520000384	0.00629999496000403	2.158	1.002	57.44
0.00900999279200577	0.00917999265600588	2.288	1.051	79.25
0.0130099895920083	0.0131399894880084	2.611	1.284	134.78
0.0190099847920122	0.0192599845920123	3.275	1.241	151.21
0.0280099775920179	0.028079977536018	3.712	1.407	232.31
0.0420099663920269	0.042119966304027	4.968	1.729	332.81
0.0630099495920403	0.0631799494560404	6.122	2.026	534.86
0.0940099247920602	0.0943199245440604	8.617	2.612	757.53
0.14100988719209	0.14111988710409	11.435	3.297	1304.21
0.211009831192135	0.211139831088135	16.011	5.034	1879.24
0.315999747200202	0.316079747136202	29.623	6.049	2510.32
0.474009620792303	0.474119620704303	48.539	7.827	4029.62
0.711009431192455	0.711179431056455	46.093	10.908	6083.28
1.06599914720068	1.06613914708868	69.429	15.802	8740.85
1.59900872079302	1.59911872070502	110.531	21.467	14065.23
2.39800808159353	2.39813808148954	148.289	30.492	20187.67
3.5970071223943	3.5971171223063	234.799	44.869	29375.44
5.39500568399545	5.39513568389145	362.3	69.754	45525.38
8.09200352639718	8.09207352634118	498.431	96.704	69567.76
12.1380002895998	12.1382902893678	812.744	143.996	104859.77
18.2069954344037	18.2071654342677	1088.536	213.938	155958.77
27.3099881520095	27.3101181519055	1735.251	314.782	238260.02
37.3099801520159	37.3101901518479	2336.184	438.211	322182.15
47.3099721520223	47.3100821519343	2816.317	538.649	411585.05
57.3099541520367	57.3101541518767	3384.745	661.718	497954.67
67.3099461520431	67.3102261518191	4041.91	768.374	585813.54
77.3099481520415	77.3101181519055	4512.077	888.819	671385.4
87.3099401520479	87.3101901518479	5161.877	985.595	755722.61
97.3099321520543	97.3100821519343	5872.297	1101.664	842424.72
