0.00100999919200065	0.00125999899200081	1.592	1.052	15.47
0.00200999839200129	0.00215999827200138	1.982	1.107	22.31
0.00300999759200193	0.00323999740800207	1.637	1.09	31.69
0.00399999680000256	0.00413999668800265	1.976	1.194	34.56
0.00600999519200385	0.00629999496000403	2.25	1.167	56.23
0.00900999279200577	0.00917999265600588	2.449	1.254	77.94
0.0130099895920083	0.0131399894880084	2.828	1.318	121.3
0.0189999848000122	0.0190799847360122	3.024	1.431	156.63
0.0280099775920179	0.0282599773920181	3.796	1.662	221.69
0.0420099663920269	0.042119966304027	4.521	1.887	332.81
0.0630099495920403	0.0631799494560404	5.914	2.229	583.8
0.0940099247920602	0.0941399246880602	8.201	2.865	799.38
0.14100988719209	0.14111988710409	10.855	4.07	1273.01
0.211009831192135	0.211139831088135	14.962	4.84	1602.55
0.316009747192202	0.316259746992202	20.958	6.342	2686.38
0.474009620792303	0.474299620560304	28.474	8.495	3648.46
0.711009431192455	0.711179431056455	49.807	11.817	6312.78
1.06600914719268	1.06613914708868	59.807	16.475	9370.14
1.59900872079302	1.59911872070502	92.162	23.448	13549.73
2.39799808160153	2.39813808148954	190.601	34.157	21432.82
3.5970071223943	3.5972971221623	220.224	47.349	31300.35
5.39500568399545	5.39513568389145	293.006	69.469	44876.77
8.09200352639718	8.09207352634118	489.604	106.721	67442.07
12.1380002895998	12.1382902893678	1048.649	154.985	107185.02
18.2069954344037	18.2071654342677	966.717	225.992	156814.91
27.3099881520095	27.3101181519055	1520.417	333.687	238816.17
37.3099801520159	37.3101901518479	2123	463.086	323563.32
47.3099621520303	47.3102621517903	2524.451	580.59	409063.26
57.3099641520287	57.3101541518767	3121.267	719	499438.74
67.3099561520351	67.3102261518191	3481.824	820.206	585318.32
77.3099481520415	77.3101181519055	4020.642	948.259	669771.26
87.3099401520479	87.3101901518479	6508.45	1071.871	755219.42
97.3099321520543	97.3100821519343	5147.492	1182.917	842044.7
