0.00100999919200065	0.00125999899200081	1.429	0.844	16.63
0.00200999839200129	0.00215999827200138	1.56	0.828	22.33
0.00300999759200193	0.00323999740800207	2.651	0.897	30.33
0.00400999679200257	0.00413999668800265	1.718	1.048	42.53
0.00600999519200385	0.00611999510400392	1.939	0.878	52.22
0.00900999279200577	0.00917999265600588	2.192	0.909	87.5
0.0130099895920083	0.0131399894880084	2.323	1.147	123.97
0.0189999848000122	0.0190799847360122	2.763	1.022	155.25
0.0280099775920179	0.0282599773920181	3.347	1.137	262.24
0.0420099663920269	0.042119966304027	4.263	1.261	343.9
0.0630099495920403	0.0631799494560404	5.366	1.486	559.29
0.0939899248080601	0.0941399246880602	7.441	1.762	766.95
0.14100988719209	0.14111988710409	10.539	2.513	1211.89
0.211009831192135	0.211319830944135	15.1	3.006	1921.41
0.316009747192202	0.316079747136202	21.889	4.455	2790.86
0.474009620792303	0.474119620704303	31.847	6.089	4030.91
0.711009431192455	0.711179431056455	60.268	8.827	6546.06
1.06600914719268	1.06613914708868	74.739	12.99	8508.98
1.59900872079302	1.59929872056102	120.117	19.31	12444.3
2.39799808160153	2.39813808148954	146.67	29.071	20152.12
3.5970071223943	3.5971171223063	216.611	42.868	32108.76
5.39500568399545	5.39513568389145	370.037	63.677	45088.41
8.09200352639718	8.09207352634118	485.282	94.197	70734.32
12.1380002895998	12.1382902893678	792.789	137.852	104087.88
18.2069954344037	18.2071654342677	1078.107	206.866	159154.79
27.3099881520095	27.3102981517615	1623.833	311.318	237971.15
37.3099701520239	37.3100101519919	2197.034	419.247	325196.41
47.3099721520223	47.3100821519343	3843.446	541.288	409082.05
57.3099641520287	57.3101541518767	3358.772	649.958	499350.63
67.3099561520351	67.3100461519631	4054.66	750.12	585360.6
77.3099481520415	77.3101181519055	4575.821	876.183	671835.8
87.3099401520479	87.3101901518479	5316.831	989.577	755694.2
97.3099321520543	97.3102621517903	5716.865	3507.967	842444.9
