0.00100999919200065	0.00125999899200081	1.554	0.795	16.71
0.00200999839200129	0.00215999827200138	2.145	0.814	22.19
0.00300999759200193	0.00323999740800207	6.97	0.868	29.05
0.00400999679200257	0.00431999654400277	1.721	0.87	42.45
0.00599999520000384	0.00611999510400392	1.852	0.885	54.66
0.00900999279200577	0.00917999265600588	2.17	0.938	79.25
0.0130099895920083	0.0133199893440085	2.354	0.969	115.94
0.0190099847920122	0.0192599845920123	2.624	1.031	167.38
0.0280099775920179	0.0282599773920181	3.253	1.17	256.78
0.0420099663920269	0.0422999661600271	4.239	1.346	393.75
0.0630099495920403	0.0631799494560404	5.384	1.523	556.77
0.0940099247920602	0.0941399246880602	7.346	2.131	924.41
0.14100988719209	0.14129988696009	10.149	2.396	1281.07
0.211009831192135	0.211319830944135	13.439	3.339	1797.89
0.316009747192202	0.316259746992202	30.216	4.416	2705.47
0.474009620792303	0.474119620704303	27.594	6.228	4460.84
0.711009431192455	0.711179431056455	43.229	9.2	6045.48
1.06600914719268	1.06613914708868	63.998	13.547	8576.67
1.59899872080102	1.59911872070502	98.424	21.655	13152.39
2.39800808159353	2.39813808148954	132.531	30.445	20747.77
3.5970071223943	3.5971171223063	200.965	44.002	30744.32
5.39500568399545	5.39531568374745	292.752	65.536	46333.98
8.09200352639718	8.09225352619718	473.028	96.112	67463.57
12.1380002895998	12.1381102895118	714.02	145.239	106974.93
18.2069954344037	18.2071654342677	1002.22	216.086	153082.85
27.3099881520095	27.3101181519055	1595.341	315.808	235221.46
37.3099801520159	37.3100101519919	2042.169	437.545	325177.7
47.3099721520223	47.3102621517903	2551.479	553.089	412773.53
57.3099641520287	57.3101541518767	3107.231	668.045	497890.61
67.3099561520351	67.3102261518191	3687.526	790.174	582312.3
77.3099481520415	77.3101181519055	4148.659	900.014	671101.9
87.3099401520479	87.3100101519919	4806.744	1034.656	754766.28
97.3099321520543	97.3100821519343	5128.509	3029.24	842371.61
