0.00100999919200065	0.00107999913600069	1.559	0.903	15.26
0.00200999839200129	0.00215999827200138	1.683	0.932	22.37
0.00300999759200193	0.00323999740800207	1.726	0.937	30.39
0.00400999679200257	0.00413999668800265	1.867	0.973	42.72
0.00600999519200385	0.00611999510400392	2.598	0.981	58.95
0.00900999279200577	0.00917999265600588	2.169	1.076	86.13
0.0129999896000083	0.0133199893440085	2.728	1.166	119.84
0.0190099847920122	0.0192599845920123	2.862	1.347	168.74
0.0280099775920179	0.028079977536018	3.446	1.439	220.19
0.0419999664000269	0.0422999661600271	4.587	1.702	369.38
0.0630099495920403	0.0631799494560404	5.78	2.107	560.73
0.0940099247920602	0.0941399246880602	8.114	2.608	809.07
0.14099988720009	0.14129988696009	15.277	3.55	1306.99
0.211009831192135	0.211139831088135	15.585	4.397	1879.24
0.316009747192202	0.316259746992202	46.833	6.964	2677.16
0.474009620792303	0.474119620704303	28.192	8.102	4025.59
0.711009431192455	0.711179431056455	51.032	11.415	6560.98
1.06600914719268	1.06613914708868	60.512	16.046	8949.64
1.59899872080102	1.59911872070502	107.835	22.323	12493.11
2.39800808159353	2.39813808148954	147.769	33.351	20443.88
3.5969971224023	3.5971171223063	239.194	46.049	30567.99
5.39499568400345	5.39513568389145	315.747	67.465	46128.83
8.09200352639718	8.09225352619718	464.602	100.145	68677.55
12.1380002895998	12.1382902893678	653.18	145.257	107111.73
18.2069954344037	18.2071654342677	968.604	216.069	153241.64
27.3099881520095	27.3102981517615	1489.969	326.166	238247.67
37.3099801520159	37.3100101519919	2107.567	453.912	324941.46
47.3099621520303	47.3100821519343	2579.007	556.28	408848.89
57.3099641520287	57.3101541518767	3171.904	673.07	498369.74
67.3099461520431	67.3100461519631	3564.205	788.016	585275.16
77.3099481520415	77.3101181519055	4138.669	907.32	668251.8
87.3099401520479	87.3100101519919	4620.681	1038.766	757299.2
97.3099221520623	97.3100821519343	5315.942	1143.143	842332.42
