0.00100999919200065	0.00125999899200081	1.606	0.933	15.51
0.00199999840000128	0.00215999827200138	1.529	0.885	23.51
0.00299999760000192	0.00323999740800207	1.736	0.95	28.95
0.00399999680000256	0.00413999668800265	2.424	0.987	34.56
0.00600999519200385	0.00611999510400392	2.026	1.164	58.9
0.00900999279200577	0.00917999265600588	2.256	1.025	84.44
0.0130099895920083	0.0133199893440085	2.621	1.135	117.24
0.0190099847920122	0.0190799847360122	3.023	1.244	166.09
0.0280099775920179	0.028079977536018	3.564	1.379	233.74
0.0420099663920269	0.042119966304027	4.731	1.704	363.92
0.0630099495920403	0.0631799494560404	6.38	2.069	516.07
0.0940099247920602	0.0941399246880602	7.967	2.532	887.59
0.14100988719209	0.14111988710409	12.266	3.413	1186.25
0.211009831192135	0.211139831088135	16.065	4.324	1863.07
0.316009747192202	0.316079747136202	22.921	5.827	2675.62
0.473999620800303	0.474119620704303	34.622	8.811	4212.68
0.711009431192455	0.711179431056455	47.136	11.823	5837.66
1.06600914719268	1.06613914708868	68.716	15.621	9331.07
1.59900872079302	1.59911872070502	102.27	21.497	12402.25
2.39800808159353	2.39813808148954	177.275	30.868	21395.02
3.5970071223943	3.5971171223063	238.412	44.11	32370.67
5.39500568399545	5.39531568374745	355.371	66.714	47075.99
8.09200352639718	8.09207352634118	502.9	97.119	70459.05
12.1380002895998	12.1381102895118	716.745	141.861	106063.17
18.2069954344037	18.2071654342677	1107.825	210.747	155109.65
27.3099681520255	27.3101181519055	1677.883	318.898	237973.84
37.3099701520239	37.3101901518479	2304.304	432.435	325824.72
47.3099721520223	47.3100821519343	2813.835	540.539	408725.37
57.3099641520287	57.3101541518767	3322.461	653.848	496338.93
67.3099561520351	67.3100461519631	3908.383	752.094	585386.08
77.3099481520415	77.3101181519055	4634.546	885.215	670138.68
87.3099401520479	87.3100101519919	5359.181	984.15	755774.22
97.3099321520543	97.3100821519343	5851.234	1107.167	841955.31
