0.00100999919200065	0.00107999913600069	1.822	1.066	15.44
0.00200999839200129	0.00215999827200138	1.869	1.074	22.31
0.00300999759200193	0.00305999755200196	1.606	1.121	30.33
0.00400999679200257	0.00413999668800265	2.267	1.102	46.48
0.00600999519200385	0.00611999510400392	2.318	1.173	50.73
0.00900999279200577	0.00917999265600588	2.349	1.288	75.19
0.0130099895920083	0.0133199893440085	2.69	1.377	122.62
0.0190099847920122	0.0192599845920123	3.15	1.395	176.68
0.0279999776000179	0.0282599773920181	3.604	1.626	233.74
0.0420099663920269	0.0422999661600271	4.453	1.928	373.68
0.0630099495920403	0.0631799494560404	5.884	2.285	516.12
0.0940099247920602	0.0941399246880602	8.005	2.935	832.21
0.14100988719209	0.14111988710409	11.286	3.695	1099.43
0.211009831192135	0.211139831088135	14.811	4.822	1795.38
0.316009747192202	0.316259746992202	23.909	6.287	2476.13
0.474009620792303	0.474119620704303	32.261	8.501	4090.55
0.711009431192455	0.711179431056455	45.528	12.2	5638.36
1.06600914719268	1.06613914708868	70.849	17.913	8540.11
1.59899872080102	1.59911872070502	90.673	23.203	13631.34
2.39800808159353	2.39831808134553	141.872	34.185	20274.42
3.5970071223943	3.5972971221623	198.266	48.155	31587.94
5.39500568399545	5.39513568389145	365.304	97.963	44121.21
8.09200352639718	8.09225352619718	475.84	106.409	67829.88
12.1380002895998	12.1382902893678	695.604	155.437	105464.77
18.2069954344037	18.2071654342677	938.656	224.653	159006.89
27.3099881520095	27.3101181519055	1401.854	336.161	235942.85
37.3099801520159	37.3101901518479	1983.671	458.903	325773.2
47.3099721520223	47.3102621517903	2540.463	578.649	409080.77
57.3099641520287	57.3099741520207	3072.181	706.98	497828.41
67.3099461520431	67.3100461519631	3625.459	825.002	586862.18
77.3099481520415	77.3101181519055	4134.787	941.474	668156.94
87.3099401520479	87.3100101519919	4599.349	1060.407	755654.88
97.3099321520543	97.3100821519343	5092.258	1191.662	841645.81
