0.00100999919200065	0.00125999899200081	1.488	0.828	15.44
0.00200999839200129	0.00215999827200138	1.473	0.846	23.39
0.00300999759200193	0.00305999755200196	1.543	0.821	30.23
0.00399999680000256	0.00413999668800265	1.568	0.871	43.98
0.00600999519200385	0.00611999510400392	2.02	0.888	58.75
0.00900999279200577	0.00917999265600588	2.062	0.965	79.25
0.0130099895920083	0.0131399894880084	2.351	0.966	107.78
0.0190099847920122	0.0190799847360122	9.5	1.055	174.13
0.0280099775920179	0.0282599773920181	3.252	1.17	263.71
0.0420099663920269	0.042119966304027	3.895	1.311	388.64
0.0630099495920403	0.0631799494560404	5.253	1.509	516.12
0.0940099247920602	0.0941399246880602	7.887	1.945	810.41
0.14099988720009	0.14129988696009	9.72	2.637	1146.78
0.211009831192135	0.211139831088135	18.699	3.146	1696.21
0.316009747192202	0.316259746992202	23.933	4.317	2808.59
0.473989620808303	0.474119620704303	27.986	6.352	4029.32
0.711009431192455	0.711179431056455	60.962	9.195	5639.88
1.06600914719268	1.06631914694468	60.234	13.619	8008.3
1.59900872079302	1.59911872070502	90.864	19.814	13086.02
2.39800808159353	2.39831808134553	138.121	29.691	20299.9
3.5970071223943	3.5972971221623	232.187	44.44	31941.96
5.39499568400345	5.39513568389145	307.484	64.293	46080.07
8.09200352639718	8.09207352634118	442.2	97.28	69505.13
12.1380002895998	12.1381102895118	662.42	144.622	106311.49
18.2069954344037	18.2071654342677	984.271	215.034	157419.79
27.3099881520095	27.3101181519055	1523.57	320.94	233805.1
37.3099801520159	37.3101901518479	2066.468	456.421	325768.87
47.3099721520223	47.3102621517903	2570.825	543.929	412004.15
57.3099641520287	57.3101541518767	3152.724	672.916	497360.41
67.3099561520351	67.3100461519631	3710.407	786.253	584880.3
77.3099481520415	77.3101181519055	4108.387	904.708	670327.38
87.3099401520479	87.3100101519919	4696.995	1014.478	757267.81
97.3099321520543	97.3100821519343	5070.386	3033.104	842359.58
