0.00100999919200065	0.00107999913600069	1.627	0.935	15.47
0.00199999840000128	0.00215999827200138	1.83	1.026	23.51
0.00300999759200193	0.00323999740800207	1.756	0.984	28.95
0.00400999679200257	0.00413999668800265	1.803	1	41.23
0.00600999519200385	0.00611999510400392	2.159	1.126	56.22
0.00900999279200577	0.00917999265600588	2.159	1.114	73.9
0.0129999896000083	0.0131399894880084	2.603	1.181	122.75
0.0190099847920122	0.0190799847360122	2.726	1.249	168.74
0.0280099775920179	0.0282599773920181	3.485	1.319	232.31
0.0420099663920269	0.0422999661600271	4.138	1.466	381.59
0.0630099495920403	0.0631799494560404	6.084	1.711	563.67
0.0940099247920602	0.0941399246880602	7.257	2.088	834.86
0.14100988719209	0.14111988710409	10.551	2.845	1211.89
0.211009831192135	0.211319830944135	13.449	3.366	1642.01
0.316009747192202	0.316259746992202	23.158	4.57	2914.28
0.473999620800303	0.474119620704303	26.877	6.611	3926.43
0.711009431192455	0.711179431056455	44.278	9.704	6432.07
1.06600914719268	1.06631914694468	64.708	14.817	9359.35
1.59900872079302	1.59911872070502	106.679	22.432	14103.41
2.39800808159353	2.39813808148954	136.201	31.31	20993.35
3.5970071223943	3.5971171223063	198.518	46.737	32476.62
5.39500568399545	5.39531568374745	339.131	91.019	45304.17
8.09200352639718	8.09225352619718	462.649	98.344	70520.04
12.1380002895998	12.1381102895118	675.236	154.113	105588.41
18.2069954344037	18.2071654342677	1062.385	224.676	153184.77
27.3099881520095	27.3101181519055	1458.094	334.306	238444.38
37.3099801520159	37.3101901518479	2039.443	456.046	320357.87
47.3099721520223	47.3102621517903	2435.938	574.932	411829.32
57.3099641520287	57.3101541518767	3050.296	699.198	497612.82
67.3099561520351	67.3102261518191	3461.786	814.178	585256.06
77.3099481520415	77.3101181519055	4226.286	941.623	672511.26
87.3099401520479	87.3101901518479	4559.394	1060.069	757236.85
97.3099321520543	97.3100821519343	5067.485	2929.992	842175.2
