0.00100999919200065	0.00107999913600069	2.432	0.874	14.18
0.00200999839200129	0.00215999827200138	1.713	0.922	23.59
0.00300999759200193	0.00323999740800207	1.7	1.045	30.25
0.00400999679200257	0.00413999668800265	1.746	0.93	39.78
0.00600999519200385	0.00629999496000403	2.18	1.024	54.66
0.00899999280000576	0.00917999265600588	2.089	1.091	83.12
0.0130099895920083	0.0131399894880084	2.634	1.134	110.53
0.0190099847920122	0.0192599845920123	3.004	1.282	176.68
0.0280099775920179	0.028079977536018	3.637	1.438	240.45
0.0420099663920269	0.042119966304027	4.912	1.755	325.94
0.0630099495920403	0.0631799494560404	5.825	2.158	547.09
0.0940099247920602	0.0943199245440604	7.957	2.754	810.41
0.14100988719209	0.14111988710409	15.521	3.671	1248.53
0.210999831200135	0.211139831088135	15.444	4.433	1590.2
0.316009747192202	0.316079747136202	23.19	5.909	2755.47
0.474009620792303	0.474119620704303	30.44	8.168	3990.32
0.711009431192455	0.711179431056455	43.02	10.989	5555.48
1.06600914719268	1.06631914694468	72.805	16.846	9056.83
1.59900872079302	1.59911872070502	95.4	22.282	14146.84
2.39800808159353	2.39813808148954	154.132	31.791	20007.02
3.5969971224023	3.5971171223063	225.559	46.867	30775.32
5.39500568399545	5.39513568389145	349.119	70.143	45715.35
8.09199352640518	8.09207352634118	471.187	99.693	67519.38
12.1380002895998	12.1381102895118	644.04	148.796	105073.05
18.2069954344037	18.2071654342677	1024.027	214.372	158602.64
27.3099881520095	27.3102981517615	1436.745	320.993	233628.76
37.3099701520239	37.3101901518479	2079.881	437.393	322434.46
47.3099721520223	47.3100821519343	2610.373	559.996	408547.82
57.3099641520287	57.3101541518767	3162.693	673.333	497904.34
67.3099561520351	67.3102261518191	3608.679	792.31	581123.82
77.3099481520415	77.3101181519055	4183.084	899.761	668101.04
87.3099401520479	87.3101901518479	4786.961	1035.009	758659.9
97.3099321520543	97.3100821519343	5384.616	1135.17	841653.98
