0.00100999919200065	0.00125999899200081	1.44	0.796	15.51
0.00200999839200129	0.00215999827200138	1.566	0.854	22.31
0.00300999759200193	0.00305999755200196	1.554	0.852	30.45
0.00400999679200257	0.00413999668800265	1.756	0.856	42.72
0.00599999520000384	0.00629999496000403	2.018	0.875	57.44
0.00900999279200577	0.00917999265600588	2.166	0.928	76.59
0.0130099895920083	0.0133199893440085	2.556	0.987	111.74
0.0190099847920122	0.0192599845920123	2.916	1.102	172.63
0.0280099775920179	0.0282599773920181	3.253	1.167	250.04
0.0420099663920269	0.042119966304027	4.096	1.318	372.33
0.0630099495920403	0.0631799494560404	6.524	1.513	516.07
0.0939999248000602	0.0943199245440604	7.159	1.882	798.07
0.14100988719209	0.14111988710409	10.275	2.517	1304.21
0.211009831192135	0.211139831088135	28.402	3.074	1850.86
0.316009747192202	0.316259746992202	18.892	4.279	2648.54
0.473999620800303	0.474119620704303	28.262	6.586	3862.78
0.711009431192455	0.711179431056455	43.949	9.203	6448.38
1.06600914719268	1.06613914708868	63.237	13.749	9360.66
1.59900872079302	1.59929872056102	90.239	20.033	14502.14
2.39800808159353	2.39813808148954	149.276	30.58	20305.56
3.5970071223943	3.5971171223063	187.594	43.749	29551.99
5.39500568399545	5.39513568389145	306.663	66.974	48026.89
8.09200352639718	8.09207352634118	474.793	96.423	67304.82
12.1380002895998	12.1381102895118	744.43	153.893	101650.41
18.2069954344037	18.2071654342677	1016.735	214.427	159519.73
27.3099881520095	27.3101181519055	1449.53	325.353	239124.2
37.3099801520159	37.3101901518479	2035.111	435.28	325290.13
47.3099721520223	47.3100821519343	2555.261	560.479	412759.77
57.3099641520287	57.3101541518767	3134.522	670.953	497869.15
67.3099561520351	67.3102261518191	3640.097	785.509	583819.48
77.3099481520415	77.3101181519055	4303.979	904.078	673600.52
87.3099401520479	87.3100101519919	4732.759	1024.306	755610.11
97.3099321520543	97.3100821519343	5068.056	3023.816	842362.22
