0.00100999919200065	0.00125999899200081	2.636	1.126	14.2
0.00200999839200129	0.00215999827200138	1.711	1.067	23.39
0.00300999759200193	0.00323999740800207	1.962	1.093	30.47
0.00400999679200257	0.00413999668800265	1.811	1.106	43.8
0.00600999519200385	0.00629999496000403	2.612	1.179	53.45
0.00900999279200577	0.00917999265600588	2.316	1.28	81.86
0.0130099895920083	0.0131399894880084	2.71	1.503	121.44
0.0190099847920122	0.0192599845920123	3.177	1.478	157.94
0.0280099775920179	0.0282599773920181	3.581	1.568	221.69
0.0420099663920269	0.0422999661600271	4.453	1.878	377.59
0.0630099495920403	0.0631799494560404	6.32	2.384	490.38
0.0940099247920602	0.0941399246880602	7.818	2.851	848.49
0.14100988719209	0.14111988710409	10.816	3.611	1248.53
0.211009831192135	0.211139831088135	15.973	5.421	1769.49
0.316009747192202	0.316079747136202	29.338	6.482	2557.59
0.473999620800303	0.474299620560304	28.868	8.714	4029.32
0.711009431192455	0.711179431056455	42.911	11.53	6102.34
1.06600914719268	1.06613914708868	115.855	16.653	9208.91
1.59900872079302	1.59911872070502	95.069	23.465	13529.48
2.39800808159353	2.39813808148954	145.077	35.731	20726.13
3.5970071223943	3.5971171223063	185.89	47.711	32556.7
5.39500568399545	5.39513568389145	303.693	70.283	48798.77
8.09200352639718	8.09225352619718	460.658	105.866	69966.35
12.1380002895998	12.1381102895118	727.131	159.844	104377.14
18.2069954344037	18.2071654342677	1032.802	232.199	159578.32
27.3099781520175	27.3101181519055	1560.269	349.387	238409.23
37.3099701520239	37.3101901518479	2088.24	466.015	325906.2
47.3099721520223	47.3100821519343	2557.288	580.533	409938.11
57.3099641520287	57.3101541518767	3059.867	703.65	495893.96
67.3099561520351	67.3100461519631	3605.407	817.412	585962.8
77.3099481520415	77.3101181519055	4261.282	960.294	668681.76
87.3099401520479	87.3100101519919	4630.165	1063.615	755118.96
97.3099321520543	97.3100821519343	5178.939	1201.083	842412.31
