0.00100999919200065	0.00107999913600069	1.468	0.879	15.54
0.00199999840000128	0.00215999827200138	1.782	0.965	23.45
0.00300999759200193	0.00305999755200196	1.843	0.93	31.86
0.00400999679200257	0.00413999668800265	1.732	0.955	34.45
0.00600999519200385	0.00611999510400392	2.205	0.99	56.06
0.00900999279200577	0.00917999265600588	2.201	1.026	73.9
0.0130099895920083	0.0133199893440085	4.515	1.141	111.74
0.0189999848000122	0.0192599845920123	2.965	1.219	175.44
0.0280099775920179	0.028079977536018	3.578	1.386	240.59
0.0420099663920269	0.042119966304027	4.819	1.648	358.68
0.0630099495920403	0.0631799494560404	6.875	2.027	554.05
0.0939899248080601	0.0941399246880602	9.12	2.606	750.65
0.14100988719209	0.14129988696009	11.6	3.937	1277.13
0.211009831192135	0.211139831088135	16.964	4.449	1850.86
0.316009747192202	0.316079747136202	23.024	6.983	2691.8
0.474009620792303	0.474119620704303	32.26	7.694	3961.74
0.711009431192455	0.711179431056455	47.856	11.111	6004.78
1.06600914719268	1.06613914708868	76.957	15.136	9807.25
1.59900872079302	1.59911872070502	112.195	22.091	14385.49
2.39799808160153	2.39813808148954	168.065	30.189	21058.34
3.5970071223943	3.5971171223063	243.376	42.97	30837.85
5.39500568399545	5.39513568389145	331.102	64.533	44031.6
8.09200352639718	8.09207352634118	547.641	98.143	71035.43
12.1380002895998	12.1381102895118	726.83	140.071	100901.55
18.2069954344037	18.2071654342677	1126.814	212.917	159218.85
27.3099881520095	27.3101181519055	1685.205	318.607	235394.84
37.3099801520159	37.3101901518479	2261.775	426.824	322392.43
47.3099721520223	47.3100821519343	2830.882	546.589	411065.39
57.3099641520287	57.3101541518767	3563.745	652.783	500666.41
67.3099561520351	67.3100461519631	4061.28	755.668	581650.34
77.3099481520415	77.3101181519055	4603.596	891.338	672359.4
87.3099401520479	87.3101901518479	5069.606	990.212	754994.28
97.3099321520543	97.3100821519343	5769.52	1099.11	842333.85
