0.00100999919200065	0.00107999913600069	1.758	1.158	15.44
0.00200999839200129	0.0023399981280015	1.913	1.136	20.87
0.00300999759200193	0.00323999740800207	2.094	1.122	30.47
0.00400999679200257	0.00413999668800265	2.094	1.117	41.31
0.00600999519200385	0.00629999496000403	4.619	1.192	54.66
0.00900999279200577	0.00917999265600588	2.316	1.245	87.19
0.0130099895920083	0.0131399894880084	2.764	1.305	121.12
0.0190099847920122	0.0190799847360122	3.331	1.418	152.54
0.0280099775920179	0.0282599773920181	3.726	1.617	213.47
0.0420099663920269	0.042119966304027	4.478	1.825	381.59
0.0630099495920403	0.0631799494560404	16.38	2.653	530.97
0.0940099247920602	0.0943199245440604	8.887	2.91	766.99
0.14100988719209	0.14111988710409	16.65	3.525	1134.57
0.211009831192135	0.211139831088135	15.136	4.565	1921.41
0.316009747192202	0.316079747136202	22.334	6.652	2510.32
0.474009620792303	0.474299620560304	45.443	8.383	3863.91
0.711009431192455	0.711179431056455	41.726	12.515	6669.23
1.06600914719268	1.06613914708868	63.994	15.979	9478.8
1.59900872079302	1.59911872070502	94.614	23.084	12491.55
2.39800808159353	2.39813808148954	164.918	33.255	20542.98
3.5970071223943	3.5971171223063	206.297	46.337	30601.72
5.39500568399545	5.39531568374745	330.73	68.39	46381.29
8.09200352639718	8.09225352619718	485.049	99.91	67810.82
12.1380002895998	12.1382902893678	697.626	146.327	106882.58
18.2069854344117	18.2071654342677	1048.39	227.429	156204.52
27.3099881520095	27.3102981517615	1455.552	324.346	237751.46
37.3099801520159	37.3101901518479	2098.893	440.415	325964.35
47.3099721520223	47.3100821519343	2701.824	567.186	413233.15
57.3099641520287	57.3101541518767	3567.152	694.928	494762.55
67.3099561520351	67.3102261518191	3853.774	796.486	586315.38
77.3099481520415	77.3101181519055	4314.443	909.285	672454.52
87.3099401520479	87.3101901518479	4789.764	1014.836	755722.88
97.3099321520543	97.3100821519343	5306.203	1147.177	842226.68
