0.00100999919200065	0.00125999899200081	1.475	0.799	15.51
0.00200999839200129	0.00215999827200138	1.768	0.824	22.19
0.00299999760000192	0.00323999740800207	1.913	0.83	30.45
0.00400999679200257	0.00413999668800265	1.88	0.851	42.58
0.00600999519200385	0.00629999496000403	3.26	0.944	56.22
0.00900999279200577	0.00917999265600588	3.174	0.935	76.59
0.0130099895920083	0.0131399894880084	2.716	0.957	122.53
0.0190099847920122	0.0192599845920123	3.327	1.073	167.38
0.0280099775920179	0.0282599773920181	4.059	1.156	244.86
0.0420099663920269	0.042119966304027	5.122	1.322	358.47
0.0630099495920403	0.0631799494560404	6.851	1.559	472.47
0.0940099247920602	0.0941399246880602	9.442	1.831	819.82
0.14099988720009	0.14111988710409	13.633	2.362	1146.78
0.211009831192135	0.211319830944135	18.665	3.327	1921.41
0.316009747192202	0.316079747136202	28.751	4.271	2457.41
0.474009620792303	0.474119620704303	41.439	6.063	3522.21
0.710999431200455	0.711179431056455	59.107	8.667	5281.6
1.06600914719268	1.06613914708868	104.01	13.41	9071.66
1.59900872079302	1.59911872070502	166.245	18.753	13454.7
2.39800808159353	2.39813808148954	199.07	29.854	20354.26
3.5970071223943	3.5971171223063	295.607	41.919	29733.49
5.39500568399545	5.39513568389145	494.846	63.34	46268.67
8.09200352639718	8.09207352634118	774.22	95.415	69372.17
12.1380002895998	12.1381102895118	967.766	135.942	101803.73
18.2069954344037	18.2071654342677	1543.694	207.791	159518.6
27.3099881520095	27.3101181519055	2324.569	308.348	237645.49
37.3099801520159	37.3101901518479	3105.783	420.183	325858.53
47.3099721520223	47.3100821519343	4007.337	533.049	410187.98
57.3099541520367	57.3101541518767	4826.032	650.343	494777.58
67.3099561520351	67.3102261518191	5772.766	769.525	585810.88
77.3099481520415	77.3101181519055	6557.464	869.693	669193.31
87.3099401520479	87.3101901518479	7273.735	986.935	755261.52
97.3099321520543	97.3100821519343	8239.724	4681.179	841632.48
