0.00100999919200065	0.00107999913600069	1.934	1.002	15.32
0.00199999840000128	0.00215999827200138	10.473	1.051	22.33
0.00300999759200193	0.00323999740800207	1.703	0.915	29.05
0.00400999679200257	0.00413999668800265	1.804	0.965	42.59
0.00600999519200385	0.00611999510400392	2.967	1.03	53.58
0.00900999279200577	0.00917999265600588	2.121	1.054	84.72
0.0129999896000083	0.0133199893440085	2.616	1.163	119.84
0.0190099847920122	0.0192599845920123	4.905	1.338	157.94
0.0279999776000179	0.028079977536018	3.707	1.395	233.75
0.0420099663920269	0.042119966304027	4.709	1.654	373.68
0.0630099495920403	0.0631799494560404	7.454	1.997	495.49
0.0940099247920602	0.0941399246880602	8.78	2.611	750.65
0.14100988719209	0.14111988710409	12.563	3.386	1186.16
0.211009831192135	0.211319830944135	17.086	4.45	1902.25
0.316009747192202	0.316079747136202	23.131	5.941	2510.32
0.474009620792303	0.474119620704303	34.41	7.989	4150.34
0.711009431192455	0.711179431056455	49.822	11.183	6581.22
1.06600914719268	1.06613914708868	72.391	15.552	9044.67
1.59900872079302	1.59929872056102	101.477	21.8	13434.45
2.39799808160153	2.39831808134553	149.186	31.93	19876.76
3.5969971224023	3.5971171223063	229.006	46.294	30040.38
5.39500568399545	5.39531568374745	343.244	65.443	45930.93
8.09200352639718	8.09207352634118	500.96	97.782	70391.01
12.1379902896078	12.1381102895118	744.144	144.659	106290.96
18.2069854344117	18.2069854344117	1107.864	213.937	159139.91
27.3099881520095	27.3101181519055	1768.588	312.659	238093.26
37.3099801520159	37.3101901518479	2157.253	430.543	324974.17
47.3099621520303	47.3100821519343	2832.481	544.086	411635.13
57.3099641520287	57.3099741520207	3532.04	645.269	497802.58
67.3099561520351	67.3100461519631	3960.781	760.481	585294.1
77.3099481520415	77.3101181519055	4557.455	878.723	671753.18
87.3099401520479	87.3100101519919	5162.699	983.793	758395.31
97.3099321520543	97.3100821519343	5815.169	1121.747	841653.92
