0.00100999919200065	0.00125999899200081	1.543	0.896	15.47
0.00200999839200129	0.00215999827200138	1.653	0.91	23.41
0.00299999760000192	0.00323999740800207	1.901	0.949	30.54
0.00400999679200257	0.00413999668800265	1.981	0.98	43.75
0.00600999519200385	0.00611999510400392	2.061	1.002	56.23
0.00900999279200577	0.00917999265600588	2.503	1.045	83.25
0.0130099895920083	0.0131399894880084	3.017	1.131	122.53
0.0190099847920122	0.0190799847360122	3.559	1.504	170.04
0.0280099775920179	0.028079977536018	4.725	1.529	233.74
0.0420099663920269	0.042119966304027	5.652	1.733	325.94
0.0630099495920403	0.0631799494560404	7.585	2.088	516.12
0.0940099247920602	0.0941399246880602	32.143	2.631	845.53
0.14100988719209	0.14111988710409	14.398	3.401	1294.88
0.211009831192135	0.211319830944135	21.469	4.398	1902.25
0.316009747192202	0.316079747136202	35.198	6.003	2557.59
0.474009620792303	0.474119620704303	43.171	7.893	3961.74
0.711009431192455	0.711179431056455	65.418	11.11	6229.99
1.06599914720068	1.06631914694468	106.924	15.069	9263.17
1.59899872080102	1.59911872070502	136.505	21.57	14020.64
2.39800808159353	2.39831808134553	222.346	31.324	19880.99
3.5970071223943	3.5971171223063	316.248	45.241	30086.3
5.39498568401145	5.39513568389145	507.374	66.531	46511.71
8.09200352639718	8.09225352619718	711.827	95.715	67645.57
12.1380002895998	12.1381102895118	1233.897	139.906	104592.79
18.2069954344037	18.2071654342677	1528.468	207.944	158271.85
27.3099881520095	27.3101181519055	2422.985	312.069	232263.91
37.3099801520159	37.3100101519919	3172.463	426.641	323618.82
47.3099721520223	47.3102621517903	4008.705	539.525	413573.84
57.3099641520287	57.3101541518767	4850.126	652.923	496258.89
67.3099461520431	67.3102261518191	5768.871	764.365	586792.9
77.3099481520415	77.3101181519055	6515.515	877.902	668155.48
87.3099401520479	87.3101901518479	7340.438	990.369	755718.85
97.3099321520543	97.3100821519343	8427.374	1106.559	841959.35
