0.00100999919200065	0.00107999913600069	1.444	0.787	15.32
0.00200999839200129	0.00215999827200138	1.641	0.818	22.11
0.00300999759200193	0.00323999740800207	1.665	0.836	29.05
0.00399999680000256	0.00413999668800265	2.124	0.897	39.86
0.00600999519200385	0.00611999510400392	2.181	0.886	57.52
0.00900999279200577	0.00917999265600588	2.376	0.9	90
0.0130099895920083	0.0131399894880084	2.834	1.014	115.95
0.0190099847920122	0.0192599845920123	3.218	1.192	176.68
0.0280099775920179	0.0282599773920181	4.014	1.146	256.78
0.0420099663920269	0.042119966304027	5.284	1.37	316.47
0.0630099495920403	0.0631799494560404	7.187	1.514	513.13
0.0940099247920602	0.0941399246880602	9.316	1.766	788.77
0.14100988719209	0.14111988710409	13.427	2.371	1273.01
0.211009831192135	0.211139831088135	21.635	3.455	1642.01
0.316009747192202	0.316259746992202	27.836	4.283	2557.59
0.474009620792303	0.474119620704303	65.637	6.681	4032.21
0.711009431192455	0.711179431056455	61.355	8.931	5680.39
1.06599914720068	1.06613914708868	88.436	12.527	8961.8
1.59900872079302	1.59911872070502	136.176	19.324	13628.38
2.39800808159353	2.39813808148954	223.37	28.804	21762.32
3.5969971224023	3.5971171223063	317.936	42.398	29561.44
5.39500568399545	5.39531568374745	467.034	62.456	45142.85
8.09199352640518	8.09225352619718	741.533	94.136	67472.93
12.1379902896078	12.1381102895118	1016.312	138.662	107496.99
18.2069954344037	18.2071654342677	1541.011	207.199	154743.43
27.3099781520175	27.3101181519055	2369.146	306.763	232737.61
37.3099701520239	37.3101901518479	3246.994	422.713	321867.5
47.3099721520223	47.3102621517903	4029.345	532.991	410251.63
57.3099541520367	57.3101541518767	4812.894	648.642	495588.84
67.3099561520351	67.3102261518191	5818.515	759.665	585779.7
77.3099481520415	77.3101181519055	6507.286	886.517	667911.28
87.3099301520559	87.3100101519919	7269.55	992.67	755641.4
97.3099321520543	97.3100821519343	7940.342	4560.052	841652.6
