0.00100999919200065	0.00125999899200081	1.487	0.894	15.54
0.00200999839200129	0.00215999827200138	1.92	0.895	20.95
0.00300999759200193	0.00305999755200196	1.873	0.932	32.98
0.00400999679200257	0.00431999654400277	1.874	1.023	41.18
0.00600999519200385	0.00629999496000403	2.196	0.973	58.84
0.00900999279200577	0.00917999265600588	2.625	1.063	76.59
0.0130099895920083	0.0131399894880084	4.045	1.124	118.57
0.0189999848000122	0.0192599845920123	3.567	1.335	151.21
0.0280099775920179	0.028079977536018	4.359	1.545	233.75
0.0420099663920269	0.042119966304027	5.662	1.7	393.97
0.0630099495920403	0.0631799494560404	16.003	2.313	571.67
0.0940099247920602	0.0941399246880602	10.651	2.622	848.49
0.14100988719209	0.14129988696009	15.196	3.393	1270.36
0.211009831192135	0.211139831088135	20.789	4.413	1856.2
0.316009747192202	0.316259746992202	29.961	6.118	2664.67
0.474009620792303	0.474119620704303	41.79	8.113	4258.94
0.711009431192455	0.711179431056455	62.336	10.807	6429.14
1.06600914719268	1.06631914694468	95.363	15.765	8500.64
1.59900872079302	1.59911872070502	140.077	21.635	13454.71
2.39800808159353	2.39813808148954	211.685	30.902	19856.44
3.5970071223943	3.5972971221623	330.532	45.079	29923.58
5.39500568399545	5.39513568389145	478.517	65.236	46058.38
8.09200352639718	8.09225352619718	676.621	95.541	69352.05
12.1380002895998	12.1381102895118	1022.462	140.743	101988.23
18.2069954344037	18.2071654342677	1573.931	210.689	159247.22
27.3099881520095	27.3101181519055	2361.085	308.625	237773.17
37.3099701520239	37.3101901518479	3236.061	425.78	320562.46
47.3099721520223	47.3100821519343	4124.711	553.496	413401.48
57.3099641520287	57.3099741520207	4926.162	651.601	497809.37
67.3099561520351	67.3102261518191	5793.801	820.725	581262.38
77.3099481520415	77.3101181519055	6621.465	903.566	673357.66
87.3099401520479	87.3100101519919	7379.31	995.135	758650.22
97.3099321520543	97.3100821519343	8244.578	1095.607	841864.42
