0.00100999919200065	0.00107999913600069	1.869	1.122	15.4
0.00200999839200129	0.00215999827200138	1.561	0.928	23.41
0.00299999760000192	0.00323999740800207	8.7	0.953	31.71
0.00400999679200257	0.00413999668800265	1.739	0.953	41.36
0.00600999519200385	0.00611999510400392	2.661	0.991	57.68
0.00900999279200577	0.00917999265600588	4.155	1.147	84.63
0.0130099895920083	0.0131399894880084	2.71	1.117	122.53
0.0189999848000122	0.0192599845920123	3.052	1.229	180.86
0.0280099775920179	0.028079977536018	3.826	1.386	213.47
0.0420099663920269	0.042119966304027	4.703	1.71	362.86
0.0630099495920403	0.0631799494560404	6.223	2.24	530.97
0.0939999248000602	0.0941399246880602	8.682	2.56	861.8
0.14100988719209	0.14111988710409	12.798	3.468	1252.57
0.211009831192135	0.211139831088135	37.152	4.463	1986.67
0.316009747192202	0.316079747136202	22.975	5.833	2565.57
0.474009620792303	0.474119620704303	30.927	8.066	3835.63
0.711009431192455	0.711179431056455	50.917	10.721	5806.46
1.06600914719268	1.06613914708868	68.209	15.058	8575.23
1.59900872079302	1.59911872070502	120.11	21.174	13277.34
2.39800808159353	2.39813808148954	149.843	31.141	22105.6
3.5970071223943	3.5971171223063	226.201	45.821	30407.76
5.39499568400345	5.39513568389145	370.951	67.921	45271.77
8.09200352639718	8.09225352619718	519.588	95.557	67079.61
12.1379902896078	12.1381102895118	694.985	140.82	105344.32
18.2069954344037	18.2071654342677	1249.524	214.953	156308.73
27.3099781520175	27.3101181519055	1715.907	317.662	238100.03
37.3099801520159	37.3101901518479	2379.237	422.094	321609.84
47.3099721520223	47.3102621517903	2881.716	539.582	411913.5
57.3099641520287	57.3101541518767	3442.262	645.669	495298.22
67.3099561520351	67.3102261518191	3925.385	760.2	584328.26
77.3099481520415	77.3101181519055	4656.235	879.074	672891.1
87.3099401520479	87.3100101519919	5277.02	998.602	755232.85
97.3099321520543	97.3100821519343	5787.163	1096.379	842335.2
