0.00099999920000064	0.00125999899200081	1.86	0.878	15.32
0.00199999840000128	0.00215999827200138	1.581	0.84	23.45
0.00300999759200193	0.00323999740800207	1.698	0.947	30.54
0.00400999679200257	0.00413999668800265	2.176	0.879	42.59
0.00600999519200385	0.00611999510400392	1.977	0.864	59
0.00900999279200577	0.00917999265600588	2.204	0.961	86.03
0.0130099895920083	0.0131399894880084	2.622	0.968	125.18
0.0190099847920122	0.0190799847360122	2.858	1.032	176.88
0.0280099775920179	0.028079977536018	3.311	1.185	243.33
0.0420099663920269	0.0422999661600271	4.074	1.271	360.06
0.0630099495920403	0.0631799494560404	32.394	1.585	530.97
0.0940099247920602	0.0941399246880602	7.434	1.821	834.86
0.14099988720009	0.14111988710409	10.92	2.28	1256.66
0.211009831192135	0.211139831088135	14.741	3.082	1796.67
0.316009747192202	0.316259746992202	20.886	4.186	2351.3
0.474009620792303	0.474119620704303	34.718	6.076	4417.52
0.711009431192455	0.711179431056455	43.68	8.85	6045.3
1.06600914719268	1.06613914708868	65.452	13.176	9762.25
1.59900872079302	1.59911872070502	115.349	19.463	14481.71
2.39800808159353	2.39813808148954	160.005	28.564	21466.6
3.5970071223943	3.5972971221623	214.913	44.924	30679.1
5.39499568400345	5.39531568374745	332.62	63.379	45173.96
8.09200352639718	8.09225352619718	476.066	94.43	68311.6
12.1379902896078	12.1382902893678	717.376	140.056	107130.91
18.2069854344117	18.2071654342677	1126.435	206.772	159248.39
27.3099881520095	27.3101181519055	1750.183	308.284	232292.46
37.3099801520159	37.3100101519919	2305.884	419.385	321680.2
47.3099621520303	47.3100821519343	2809.231	537.687	414657.65
57.3099641520287	57.3101541518767	3392.294	646.259	496076.98
67.3099561520351	67.3100461519631	4050.255	759.8	586126.8
77.3099481520415	77.3101181519055	4596.277	877.855	673489.4
87.3099401520479	87.3101901518479	5286.794	1005.286	757207.04
97.3099321520543	97.3100821519343	5627.542	3503.879	841655.33
