0.00100999919200065	0.00107999913600069	1.755	1.045	15.44
0.00200999839200129	0.00215999827200138	1.978	1.275	24.95
0.00299999760000192	0.00323999740800207	2.013	1.159	29.05
0.00400999679200257	0.00413999668800265	1.981	1.141	41.3
0.00599999520000384	0.00611999510400392	3.554	1.35	53.58
0.00900999279200577	0.00917999265600588	4.009	1.192	79.12
0.0130099895920083	0.0131399894880084	2.963	1.597	103.75
0.0190099847920122	0.0192599845920123	3.147	1.438	190.3
0.0280099775920179	0.0282599773920181	3.869	1.631	250.04
0.0420099663920269	0.042119966304027	5.724	1.845	414.16
0.0630099495920403	0.0631799494560404	6.211	2.227	534.86
0.0940099247920602	0.0941399246880602	8.188	2.79	810.41
0.14100988719209	0.14129988696009	11.72	3.97	1266.09
0.210999831200135	0.211139831088135	15.991	4.6	1638.01
0.316009747192202	0.316079747136202	21.924	6.333	2780.07
0.474009620792303	0.474299620560304	37.037	8.455	4630.32
0.711009431192455	0.711179431056455	44.449	11.463	5852.54
1.06600914719268	1.06613914708868	65.983	16.079	9988.7
1.59900872079302	1.59911872070502	87.541	22.312	14130.59
2.39800808159353	2.39813808148954	130.519	32.776	21491.17
3.5970071223943	3.5971171223063	197.781	46.75	29389.16
5.39500568399545	5.39531568374745	289.303	67.092	45559.32
8.09199352640518	8.09225352619718	472.899	100.162	70109.1
12.1380002895998	12.1381102895118	732.457	150.702	101356.05
18.2069954344037	18.2071654342677	998.76	219.917	159586.26
27.3099881520095	27.3101181519055	1576.94	327.966	239356.14
37.3099701520239	37.3101901518479	2051.97	450.457	325895.32
47.3099721520223	47.3100821519343	2714.964	563.62	413374.41
57.3099641520287	57.3101541518767	3104.054	697.72	500872.5
67.3099461520431	67.3100461519631	3666.162	795.354	586171.54
77.3099481520415	77.3101181519055	4315.671	911.141	669773.7
87.3099401520479	87.3101901518479	5359.211	1041.921	755499.1
97.3099321520543	97.3100821519343	5445.216	1137.211	841660.98
