0.00100999919200065	0.00107999913600069	1.567	1.003	15.26
0.00200999839200129	0.00215999827200138	1.799	0.993	22.37
0.00300999759200193	0.00323999740800207	1.849	0.99	31.79
0.00400999679200257	0.00431999654400277	1.802	1.055	43.75
0.00600999519200385	0.00629999496000403	2.083	1.058	61.5
0.00900999279200577	0.00917999265600588	2.539	1.118	85.92
0.0130099895920083	0.0131399894880084	2.809	1.127	115.72
0.0190099847920122	0.0190799847360122	2.943	1.176	170.04
0.0280099775920179	0.0282599773920181	13.21	1.347	260.95
0.0420099663920269	0.0422999661600271	4.494	1.484	370.86
0.0630099495920403	0.0631799494560404	5.76	1.693	560.73
0.0940099247920602	0.0941399246880602	7.275	2.037	809.07
0.14100988719209	0.14111988710409	9.872	2.46	1248.53
0.211009831192135	0.211139831088135	14.423	3.262	1712.49
0.315999747200202	0.316259746992202	18.865	4.464	2736.82
0.473999620800303	0.474119620704303	37.875	6.175	3804.28
0.711009431192455	0.711179431056455	41.604	9.067	5981.73
1.06600914719268	1.06613914708868	72.898	13.669	9457.03
1.59900872079302	1.59929872056102	92.629	20.428	13292.09
2.39799808160153	2.39813808148954	136.49	29.755	20046.49
3.5970071223943	3.5972971221623	201.531	44.212	30110.62
5.39500568399545	5.39513568389145	296.297	64.514	45944.61
8.09200352639718	8.09225352619718	426.551	96.023	70363.83
12.1380002895998	12.1381102895118	714.31	144.525	107176.93
18.2069954344037	18.2071654342677	1001.067	216.085	159415.38
27.3099881520095	27.3102981517615	1534.41	320.511	233455.03
37.3099801520159	37.3101901518479	1971.862	440.203	326189.72
47.3099721520223	47.3100821519343	4115.442	556.198	408253.32
57.3099641520287	57.3101541518767	3222.997	680.311	497723.98
67.3099561520351	67.3100461519631	3709	787.747	585504.32
77.3099481520415	77.3101181519055	4196.189	921.871	671130.28
87.3099301520559	87.3100101519919	4777.063	1031.065	756287
97.3099321520543	97.3102621517903	5180.769	2145.775	841639.33
