0.00100999919200065	0.00125999899200081	1.656	0.886	15.54
0.00200999839200129	0.00215999827200138	1.566	0.904	22.04
0.00300999759200193	0.00305999755200196	1.813	0.948	30.45
0.00399999680000256	0.00413999668800265	1.824	0.982	42.58
0.00599999520000384	0.00611999510400392	2.087	0.987	57.44
0.00900999279200577	0.00917999265600588	2.531	1.248	92.75
0.0130099895920083	0.0133199893440085	2.707	1.134	121.44
0.0189899848080122	0.0190799847360122	3.036	1.405	147.04
0.0280099775920179	0.0282599773920181	3.683	1.498	278.59
0.0420099663920269	0.0422999661600271	4.633	1.745	342.23
0.0630099495920403	0.0631799494560404	6.358	2.182	516.07
0.0940099247920602	0.0941399246880602	8.408	2.517	887.59
0.14099988720009	0.14111988710409	11.581	3.266	1190.38
0.211009831192135	0.211139831088135	15.856	4.324	1642.01
0.316009747192202	0.316079747136202	23.721	5.886	2556.41
0.474009620792303	0.474299620560304	32.196	8.397	3804.28
0.711009431192455	0.711179431056455	49.811	12.198	6185.26
1.06600914719268	1.06613914708868	86.119	16.061	9265.7
1.59900872079302	1.59911872070502	103.075	21.657	14260.73
2.39800808159353	2.39813808148954	178.93	31.114	20062.6
3.5970071223943	3.5971171223063	247.574	45.297	32324.6
5.39500568399545	5.39531568374745	352.245	65.963	46152.19
8.09200352639718	8.09207352634118	564.064	95.732	68289.85
12.1380002895998	12.1381102895118	738.098	145.992	106980.23
18.2069954344037	18.2071654342677	1173.738	219.255	153656.72
27.3099881520095	27.3101181519055	1756.479	327.079	239041.27
37.3099701520239	37.3101901518479	2209.027	430.447	325499.2
47.3099721520223	47.3100821519343	3067.492	549.569	412795.11
57.3099541520367	57.3101541518767	3366.891	651.367	498086.05
67.3099561520351	67.3100461519631	3976.008	762.55	584356.5
77.3099481520415	77.3101181519055	4717.584	869.752	669647.64
87.3099401520479	87.3101901518479	5130.587	987.017	755658.85
97.3099321520543	97.3100821519343	5905.168	1197.283	842432.85
