0.00100999919200065	0.00125999899200081	1.648	0.976	15.32
0.00200999839200129	0.00215999827200138	1.893	1.013	23.55
0.00300999759200193	0.00323999740800207	1.822	1.058	30.33
0.00399999680000256	0.00413999668800265	2.058	1.012	43.81
0.00600999519200385	0.00629999496000403	2.299	1.072	57.31
0.00900999279200577	0.00917999265600588	2.25	1.12	83.12
0.0130099895920083	0.0133199893440085	2.537	1.145	123.92
0.0190099847920122	0.0192599845920123	2.682	1.237	177.04
0.0280099775920179	0.028079977536018	2.866	1.599	250.04
0.0420099663920269	0.042119966304027	3.068	1.668	393.97
0.0630099495920403	0.0631799494560404	11.36	1.719	583.8
0.0940099247920602	0.0941399246880602	4.026	2.234	766.99
0.14099988720009	0.14111988710409	4.663	2.514	1244.57
0.211009831192135	0.211139831088135	6.404	3.303	1810.13
0.316009747192202	0.316259746992202	8.972	4.905	2663.36
0.474009620792303	0.474119620704303	10.456	6.264	4180.02
0.710999431200455	0.711179431056455	13.399	9.309	5471.48
1.06600914719268	1.06631914694468	18.055	13.657	8500.71
1.59900872079302	1.59911872070502	30.581	20.249	13016.59
2.39800808159353	2.39813808148954	43.809	29.704	21466.56
3.5970071223943	3.5971171223063	60.279	43.835	29877.38
5.39499568400345	5.39513568389145	91.259	65.488	45815.6
8.09199352640518	8.09207352634118	125.74	97.242	67315.76
12.1380002895998	12.1382902893678	212.327	143.194	104775.73
18.2069954344037	18.2071654342677	348.979	218.137	158555.23
27.3099881520095	27.3102981517615	542.945	319.797	239044.22
37.3099801520159	37.3101901518479	832.181	436.028	324946.96
47.3099721520223	47.3102621517903	1117.548	565.61	410859.11
57.3099641520287	57.3101541518767	1405.02	676.327	497710.48
67.3099561520351	67.3100461519631	1702.324	791.206	585547.54
77.3099481520415	77.3101181519055	1992.579	918.432	668154.16
87.3099401520479	87.3100101519919	2301.036	1018.666	755136.78
97.3099221520623	97.3100821519343	2575.901	1505.035	841641.96
