0.00100999919200065	0.00107999913600069	1.491	0.949	15.4
0.00200999839200129	0.00215999827200138	1.633	0.825	22.33
0.00300999759200193	0.00305999755200196	1.856	0.846	28.95
0.00400999679200257	0.00431999654400277	1.817	0.85	39.92
0.00599999520000384	0.00611999510400392	3.964	0.901	59
0.00900999279200577	0.00917999265600588	2.167	0.913	84.63
0.0130099895920083	0.0131399894880084	2.733	0.959	123.97
0.0190099847920122	0.0190799847360122	3.278	1.062	172.86
0.0279999776000179	0.028079977536018	3.987	1.188	233.75
0.0420099663920269	0.042119966304027	4.981	1.306	365.54
0.0630099495920403	0.0631799494560404	7.027	1.526	539.13
0.0940099247920602	0.0943199245440604	9.547	1.826	851.23
0.14100988719209	0.14129988696009	13.507	2.318	1213.39
0.211009831192135	0.211139831088135	19.147	2.959	1907.93
0.316009747192202	0.316259746992202	36.765	4.138	2698.7
0.474009620792303	0.474119620704303	39.871	6.277	4249.1
0.711009431192455	0.711179431056455	86.71	8.759	5523.1
1.06599914720068	1.06613914708868	93.532	12.978	9090.85
1.59900872079302	1.59911872070502	132.816	19.533	13682.85
2.39800808159353	2.39831808134553	202.29	28.556	20267.38
3.5970071223943	3.5972971221623	300.879	42.855	29485.49
5.39500568399545	5.39513568389145	437.51	62.573	46917.32
8.09199352640518	8.09225352619718	771.439	97.659	69939.24
12.1380002895998	12.1382902893678	1097.388	137.735	101837.49
18.2069954344037	18.2071654342677	1607.214	206.559	155905.88
27.3099881520095	27.3101181519055	2346.798	307.246	235952.65
37.3099801520159	37.3101901518479	3102.625	427.452	326281.84
47.3099721520223	47.3102621517903	4044.087	539.05	412141.32
57.3099541520367	57.3101541518767	4945.839	648.774	495614.55
67.3099561520351	67.3102261518191	5606.376	768.898	585741.74
77.3099481520415	77.3101181519055	6583.318	897.565	667837.9
87.3099401520479	87.3101901518479	7380.188	977.073	755717.42
97.3099321520543	97.3100821519343	8096.001	4661.868	842200.68
