0.00100999919200065	0.00107999913600069	1.72	1.063	15.47
0.00200999839200129	0.00215999827200138	1.949	1.089	22.15
0.00299999760000192	0.00305999755200196	1.973	1.115	30.28
0.00400999679200257	0.00413999668800265	2.067	1.103	41.18
0.00600999519200385	0.00629999496000403	2.292	1.14	54.66
0.00900999279200577	0.00917999265600588	2.52	1.222	79.12
0.0130099895920083	0.0131399894880084	2.677	1.287	118.44
0.0190099847920122	0.0190799847360122	4.7	1.411	157.94
0.0280099775920179	0.0282599773920181	3.056	1.569	244.75
0.0420099663920269	0.042119966304027	3.524	1.852	343.9
0.0630099495920403	0.0631799494560404	3.907	2.274	547.09
0.0939999248000602	0.0941399246880602	4.646	2.969	726.43
0.14100988719209	0.14111988710409	6.128	3.486	1072.12
0.210999831200135	0.211139831088135	7.443	4.711	1951.21
0.316009747192202	0.316079747136202	10.406	6.302	2889.88
0.474009620792303	0.474299620560304	12.517	8.453	3797.51
0.710999431200455	0.711179431056455	26.45	11.318	5471.48
1.06600914719268	1.06631914694468	35.294	15.894	9638.85
1.59900872079302	1.59911872070502	29.507	22.331	12200.07
2.39800808159353	2.39813808148954	49.758	32.579	19964.84
3.5970071223943	3.5971171223063	65.874	47.052	32279.99
5.39500568399545	5.39531568374745	131.401	69.021	48748.54
8.09200352639718	8.09225352619718	132.611	98.767	69870.27
12.1380002895998	12.1381102895118	205.76	150.193	104348.64
18.2069854344117	18.2071654342677	361.299	223.356	155323.88
27.3099881520095	27.3101181519055	567.948	329.545	237476.05
37.3099801520159	37.3101901518479	815.258	447.742	325340.43
47.3099721520223	47.3100821519343	1836.131	566.654	411570.1
57.3099641520287	57.3101541518767	1415.609	680.552	495870.87
67.3099561520351	67.3102261518191	1711.553	817.302	581262.38
77.3099481520415	77.3101181519055	1985.344	912.161	673988.52
87.3099401520479	87.3100101519919	2277.109	1030.93	755155.92
97.3099321520543	97.3100821519343	2575.501	1155.894	841655.5
