0.00100999919200065	0.00107999913600069	1.548	0.889	14.2
0.00200999839200129	0.00215999827200138	1.878	0.901	23.57
0.00300999759200193	0.00305999755200196	1.78	0.967	29.05
0.00400999679200257	0.00431999654400277	1.862	0.963	46.48
0.00600999519200385	0.00611999510400392	2.373	1.007	56.06
0.00900999279200577	0.00917999265600588	2.565	1.079	86.03
0.0130099895920083	0.0131399894880084	2.955	1.173	111.74
0.0189999848000122	0.0190799847360122	3.342	1.248	180.86
0.0280099775920179	0.028079977536018	4.125	1.399	248.71
0.0420099663920269	0.042119966304027	5.613	1.704	325.94
0.0629999496000403	0.0631799494560404	16.514	2.091	538.95
0.0940099247920602	0.0941399246880602	10.103	2.657	848.49
0.14100988719209	0.14111988710409	15.086	3.927	1134.57
0.211009831192135	0.211319830944135	30.763	4.429	1795.38
0.316009747192202	0.316079747136202	30.743	6.04	2648.54
0.474009620792303	0.474119620704303	63.259	8.818	4010.7
0.711009431192455	0.711179431056455	64.761	11.323	6244.89
1.06600914719268	1.06631914694468	97.206	15.679	9264.53
1.59900872079302	1.59911872070502	134.844	21.521	13252.66
2.39800808159353	2.39813808148954	216.353	31.312	20865.9
3.5970071223943	3.5971171223063	310.734	44.686	32233.77
5.39500568399545	5.39513568389145	493.876	66.366	45281.04
8.09200352639718	8.09207352634118	742.392	96.361	69393.96
12.1380002895998	12.1381102895118	1005.002	140.61	106607.2
18.2069954344037	18.2071654342677	1597.233	208.771	156368.49
27.3099781520175	27.3101181519055	2346.913	315.864	237622.38
37.3099701520239	37.3100101519919	3119.633	425.075	322095.65
47.3099721520223	47.3100821519343	4119.923	544.755	411629.89
57.3099641520287	57.3101541518767	4915.172	651.849	497190.85
67.3099561520351	67.3102261518191	5828.592	761.635	582319.08
77.3099481520415	77.3101181519055	6547.879	879.039	671024.68
87.3099401520479	87.3101901518479	7460.154	979.053	756136.54
97.3099321520543	97.3100821519343	8251.174	1088.952	841657.96
