0.00099999920000064	0.00107999913600069	1.408	0.795	15.42
0.00199999840000128	0.0023399981280015	1.49	0.823	22.15
0.00300999759200193	0.00305999755200196	1.541	0.869	29.05
0.00400999679200257	0.00413999668800265	1.741	0.835	42.59
0.00599999520000384	0.00611999510400392	1.924	1.059	59
0.00900999279200577	0.00917999265600588	1.999	0.891	73.9
0.0130099895920083	0.0131399894880084	2.296	0.973	115.95
0.0190099847920122	0.0192599845920123	2.773	1.037	176.68
0.0280099775920179	0.0282599773920181	3.335	1.138	250.04
0.0420099663920269	0.0422999661600271	9.487	1.325	382.94
0.0630099495920403	0.0631799494560404	5.764	1.534	495.49
0.0940099247920602	0.0943199245440604	10.846	1.958	924.41
0.14100988719209	0.14111988710409	10.294	2.282	1146.78
0.211009831192135	0.211139831088135	14.324	2.97	1907.93
0.316009747192202	0.316259746992202	23.03	4.205	2457.41
0.474009620792303	0.474119620704303	56.434	6.019	4029.32
0.711009431192455	0.711179431056455	71.097	8.935	6057.54
1.06600914719268	1.06613914708868	68.45	12.99	9561.45
1.59899872080102	1.59929872056102	107.608	21.187	13190.39
2.39800808159353	2.39813808148954	153.523	29.271	20175.26
3.5970071223943	3.5971171223063	213.738	42.842	30931.44
5.39500568399545	5.39531568374745	325.751	62.916	46331.15
8.09200352639718	8.09207352634118	528.844	99.304	70145.48
12.1380002895998	12.1381102895118	803.272	139.956	102190.33
18.2069954344037	18.2071654342677	1152.319	207.13	158819.98
27.3099881520095	27.3101181519055	1710.277	309.766	238487.85
37.3099801520159	37.3100101519919	2228.728	418.896	323035.61
47.3099721520223	47.3102621517903	2766.27	543.865	412534.76
57.3099641520287	57.3101541518767	3400.065	649.821	496401.43
67.3099561520351	67.3100461519631	4069.837	754.955	585239.86
77.3099481520415	77.3101181519055	4605.305	874.582	669788.8
87.3099401520479	87.3100101519919	5183.441	986.79	755775.58
97.3099321520543	97.3100821519343	5555.999	3506.212	842286.38
