0.00100999919200065	0.00125999899200081	1.481	0.909	16.71
0.00200999839200129	0.00215999827200138	4.1	0.906	22.33
0.00299999760000192	0.00323999740800207	1.759	0.949	30.37
0.00400999679200257	0.00431999654400277	1.918	1.026	43.98
0.00600999519200385	0.00629999496000403	2.225	0.972	56.3
0.00900999279200577	0.00917999265600588	2.33	1.043	84.53
0.0130099895920083	0.0131399894880084	11.092	1.133	115.95
0.0190099847920122	0.0192599845920123	3.14	1.304	166.09
0.0280099775920179	0.028079977536018	3.78	1.375	256.78
0.0420099663920269	0.042119966304027	4.707	1.654	379.18
0.0630099495920403	0.0631799494560404	7.31	2.096	567.53
0.0940099247920602	0.0943199245440604	9.045	2.597	704.63
0.14100988719209	0.14111988710409	11.63	3.442	1281.07
0.211009831192135	0.211139831088135	17.081	4.873	1875.13
0.316009747192202	0.316079747136202	23.356	5.895	2841.3
0.474009620792303	0.474299620560304	34.172	8.62	4318.56
0.711009431192455	0.711179431056455	47.308	11.17	6201.39
1.06600914719268	1.06613914708868	72.107	15.467	9477.39
1.59900872079302	1.59911872070502	109.433	21.971	13870.14
2.39800808159353	2.39831808134553	151.346	31.494	21204.9
3.5970071223943	3.5972971221623	254.111	44.4	31429.38
5.39500568399545	5.39531568374745	333.05	68.212	45463.01
8.09200352639718	8.09207352634118	521.5	99.609	67425.71
12.1380002895998	12.1381102895118	796.352	143.175	100908.11
18.2069954344037	18.2071654342677	1102.659	212.475	158183.52
27.3099881520095	27.3101181519055	1672.391	313.883	238280.48
37.3099801520159	37.3101901518479	2238.421	423.156	325367.41
47.3099721520223	47.3100821519343	2817.566	545.09	412946.98
57.3099541520367	57.3101541518767	3424.426	658.379	495585.93
67.3099561520351	67.3100461519631	3944.589	758.083	584610.32
77.3099481520415	77.3101181519055	4672.019	879.158	667835.2
87.3099401520479	87.3100101519919	5208.883	986.722	755462.16
97.3099321520543	97.3100821519343	5711.523	1089.941	842371.7
