0.00100999919200065	0.00107999913600069	1.407	0.893	15.42
0.00200999839200129	0.00215999827200138	1.5	0.886	23.41
0.00300999759200193	0.00323999740800207	1.841	0.946	31.68
0.00400999679200257	0.00413999668800265	1.867	1.164	41.2
0.00600999519200385	0.00611999510400392	2.149	0.978	56.06
0.00900999279200577	0.00917999265600588	2.244	1.028	76.59
0.0130099895920083	0.0131399894880084	2.617	1.135	124.09
0.0190099847920122	0.0190799847360122	3.075	1.257	167.19
0.0280099775920179	0.0282599773920181	31.998	1.457	243.33
0.0420099663920269	0.042119966304027	5.182	1.781	414.16
0.0630099495920403	0.0631799494560404	6.163	2.432	484.66
0.0939999248000602	0.0943199245440604	8.448	2.633	776.63
0.14099988720009	0.14129988696009	12.411	3.48	1146.78
0.211009831192135	0.211139831088135	16.725	4.464	1800.7
0.316009747192202	0.316259746992202	23.318	6.27	2768.05
0.474009620792303	0.474119620704303	33.71	8.094	4007.82
0.711009431192455	0.711179431056455	48.397	10.873	5523.1
1.06600914719268	1.06631914694468	65.376	14.776	8450.48
1.59900872079302	1.59929872056102	104.882	22.69	13526.61
2.39800808159353	2.39813808148954	161.792	30.349	21409.58
3.5970071223943	3.5971171223063	244.722	46.23	32061.38
5.39500568399545	5.39513568389145	357.751	66.959	47229.35
8.09200352639718	8.09225352619718	510.61	100.253	71423.51
12.1380002895998	12.1381102895118	758.549	141.145	106566.35
18.2069954344037	18.2071654342677	1156.012	215.746	159612.2
27.3099881520095	27.3101181519055	1716.938	317.784	238368.38
37.3099701520239	37.3101901518479	2204.962	422.335	326273.7
47.3099721520223	47.3102621517903	2894.956	547.192	411438.63
57.3099641520287	57.3101541518767	3577.984	776.027	496551.74
67.3099561520351	67.3100461519631	3998.268	782.086	582652.64
77.3099481520415	77.3101181519055	4668.315	892.056	674046.94
87.3099401520479	87.3100101519919	5189.292	1002.776	755724.2
97.3099321520543	97.3102621517903	5832.84	1112.638	842141.14
