0.00100999919200065	0.00125999899200081	1.649	0.902	15.42
0.00200999839200129	0.00215999827200138	1.856	0.915	23.69
0.00300999759200193	0.00323999740800207	2.005	0.942	27.59
0.00400999679200257	0.00413999668800265	2.051	0.942	39.86
0.00600999519200385	0.00611999510400392	2.211	1.069	56.22
0.00900999279200577	0.00917999265600588	2.497	1.06	76.44
0.0129899896080083	0.0131399894880084	2.951	1.135	122.62
0.0190099847920122	0.0190799847360122	3.524	1.296	168.74
0.0280099775920179	0.0282599773920181	4.393	1.427	251.47
0.0420099663920269	0.0422999661600271	5.798	1.745	365.4
0.0630099495920403	0.0631799494560404	7.636	2.066	530.97
0.0939999248000602	0.0941399246880602	10.747	2.598	766.99
0.14100988719209	0.14111988710409	14.78	3.301	1266.05
0.211009831192135	0.211139831088135	24.219	4.358	1829.03
0.315999747200202	0.316079747136202	28.932	6.729	2432.8
0.474009620792303	0.474119620704303	46.296	7.82	4083.86
0.711009431192455	0.711179431056455	63.118	11.128	5509.41
1.06600914719268	1.06613914708868	96.575	15.21	9237.51
1.59899872080102	1.59911872070502	141.535	21.714	13187.59
2.39800808159353	2.39813808148954	204.601	30.634	20194.24
3.5969971224023	3.5971171223063	358.202	46.289	30499.99
5.39500568399545	5.39513568389145	455.384	65.298	46329.83
8.09200352639718	8.09207352634118	753.479	97.222	69974.6
12.1380002895998	12.1381102895118	1079.805	142.127	101783.14
18.2069954344037	18.2071654342677	1592.111	211.141	159355.82
27.3099781520175	27.3101181519055	2360.122	319.824	238467.76
37.3099801520159	37.3101901518479	3119.778	429.723	324546.82
47.3099721520223	47.3102621517903	4034.263	534.862	411461.63
57.3099641520287	57.3101541518767	4949.552	654.413	499325.98
67.3099561520351	67.3102261518191	5732.854	762.503	585019.82
77.3099481520415	77.3101181519055	6655.577	887.716	673847.5
87.3099301520559	87.3100101519919	7472.621	967.522	755615.7
97.3099321520543	97.3100821519343	8173.289	1106.687	842035.14
