0.00100999919200065	0.00125999899200081	1.411	0.814	15.4
0.00200999839200129	0.00215999827200138	2.741	0.825	23.54
0.00300999759200193	0.00323999740800207	2.519	0.826	30.25
0.00400999679200257	0.00413999668800265	1.722	0.845	39.86
0.00600999519200385	0.00611999510400392	1.952	0.873	53.58
0.00900999279200577	0.00917999265600588	2.138	0.97	87.5
0.0130099895920083	0.0131399894880084	2.302	0.956	121.44
0.0190099847920122	0.0190799847360122	2.625	1.026	167.19
0.0280099775920179	0.0282599773920181	3.442	1.128	240.59
0.0420099663920269	0.042119966304027	4.131	1.267	325.94
0.0630099495920403	0.0631799494560404	5.533	1.478	587.73
0.0940099247920602	0.0941399246880602	7.038	1.809	804.99
0.14100988719209	0.14111988710409	11.102	2.482	1199.84
0.211009831192135	0.211139831088135	15.311	3.08	1986.67
0.316009747192202	0.316259746992202	20.658	4.135	2841.09
0.473989620808303	0.474299620560304	35.659	6.095	4289.88
0.711009431192455	0.711179431056455	48.253	8.89	5753.52
1.06600914719268	1.06613914708868	77.006	12.882	8469.33
1.59900872079302	1.59911872070502	99.199	19.209	13789.8
2.39800808159353	2.39831808134553	192.415	28.832	20473.82
3.5970071223943	3.5972971221623	220.524	42.828	30585.6
5.39500568399545	5.39513568389145	375.601	63.746	45582.32
8.09200352639718	8.09207352634118	506.268	92.435	69397.93
12.1380002895998	12.1382902893678	729.63	140.471	103677.1
18.2069954344037	18.2071654342677	1107.95	208.194	158601.52
27.3099881520095	27.3101181519055	1598.395	312.537	238637.15
37.3099801520159	37.3101901518479	2143.788	420.162	323251.15
47.3099721520223	47.3102621517903	2826.38	540.698	411506.52
57.3099641520287	57.3101541518767	3414.672	639.655	497920.6
67.3099561520351	67.3100461519631	3981.991	766.459	584898
77.3099481520415	77.3101181519055	4691.418	871.317	668653.35
87.3099401520479	87.3100101519919	5137.571	986.002	755171.98
97.3099221520623	97.3100821519343	5698.606	3534.977	841660.7
