0.00100999919200065	0.00125999899200081	1.455	0.797	15.4
0.00200999839200129	0.00215999827200138	1.525	0.816	22.37
0.00300999759200193	0.00323999740800207	1.677	0.845	27.78
0.00400999679200257	0.00413999668800265	1.632	0.866	42.66
0.00600999519200385	0.00629999496000403	2.342	0.867	53.58
0.00900999279200577	0.00917999265600588	2.078	0.914	77.94
0.0130099895920083	0.0131399894880084	2.354	0.936	107.78
0.0189999848000122	0.0192599845920123	2.78	1.018	171.42
0.0280099775920179	0.028079977536018	3.336	1.129	220.19
0.0420099663920269	0.042119966304027	3.963	1.247	373.59
0.0630099495920403	0.0631799494560404	5.505	1.56	532.29
0.0940099247920602	0.0941399246880602	7.547	1.828	861.8
0.14100988719209	0.14111988710409	10.564	2.354	1262.13
0.211009831192135	0.211139831088135	14.302	3.09	1780.38
0.316009747192202	0.316079747136202	21.513	4.433	2705.47
0.474009620792303	0.474119620704303	31.116	5.918	4462.34
0.711009431192455	0.711179431056455	46.899	8.761	6060.2
1.06600914719268	1.06613914708868	67.339	13.302	8953.8
1.59900872079302	1.59911872070502	96.018	19.012	14420.85
2.39800808159353	2.39813808148954	146.081	28.34	19391.02
3.5970071223943	3.5971171223063	214.906	42.167	32056.12
5.39500568399545	5.39513568389145	376.183	64.027	45070.74
8.09200352639718	8.09207352634118	484.283	94.989	70763.99
12.1380002895998	12.1382902893678	790.173	139.142	107650.29
18.2069954344037	18.2071654342677	1123.723	207.044	156299.43
27.3099881520095	27.3101181519055	1711.264	309.062	239057.79
37.3099801520159	37.3101901518479	2187.879	420.552	322188.91
47.3099721520223	47.3102621517903	2949.296	534.34	410970.35
57.3099641520287	57.3101541518767	3375.404	649.978	498073.84
67.3099561520351	67.3100461519631	3887.487	753.213	584504.38
77.3099481520415	77.3101181519055	4535.687	873.98	669483.58
87.3099401520479	87.3101901518479	6410.828	999.581	755607.42
97.3099221520623	97.3100821519343	5537.308	3487.027	841777.52
