0.00100999919200065	0.00125999899200081	1.557	0.886	15.42
0.00200999839200129	0.00215999827200138	1.887	1.1	23.47
0.00300999759200193	0.00323999740800207	1.901	0.938	30.25
0.00400999679200257	0.00413999668800265	1.988	1.062	41.3
0.00600999519200385	0.00629999496000403	2.319	0.989	58.84
0.00900999279200577	0.00917999265600588	2.372	1.099	81.94
0.0130099895920083	0.0131399894880084	3.635	1.145	115.97
0.0190099847920122	0.0190799847360122	3.475	1.272	174.13
0.0280099775920179	0.028079977536018	4.122	1.414	243.38
0.0420099663920269	0.042119966304027	5.613	1.686	358.68
0.0630099495920403	0.0631799494560404	7.683	2.066	567.53
0.0940099247920602	0.0943199245440604	11.065	2.611	810.41
0.14100988719209	0.14129988696009	14.228	3.263	1328.66
0.211009831192135	0.211139831088135	21.617	4.589	1642.01
0.316009747192202	0.316079747136202	28.916	5.814	2663.36
0.474009620792303	0.474119620704303	43.279	8.07	3592.62
0.711009431192455	0.711179431056455	62.978	10.942	6045.48
1.06600914719268	1.06613914708868	93.753	15.422	9421.67
1.59899872080102	1.59911872070502	131.412	21.616	14104.64
2.39800808159353	2.39813808148954	222.593	30.86	19068.35
3.5970071223943	3.5971171223063	315.838	43.482	30211.13
5.39500568399545	5.39513568389145	567.336	65.63	47769.21
8.09200352639718	8.09225352619718	1675.948	94.784	68049.49
12.1380002895998	12.1382902893678	1043.354	141.635	107779.23
18.2069954344037	18.2071654342677	1621.624	219.167	155427.08
27.3099881520095	27.3101181519055	2343.85	314.791	232939.61
37.3099801520159	37.3100101519919	3252.925	428.962	324454.39
47.3099721520223	47.3102621517903	4059.616	543.469	412251.11
57.3099641520287	57.3101541518767	5008.832	659.094	496013.22
67.3099561520351	67.3102261518191	5696.934	770.657	584686.08
77.3099481520415	77.3101181519055	6542.984	870.646	669782
87.3099401520479	87.3101901518479	7661.162	999.356	755205.88
97.3099321520543	97.3100821519343	8167.537	1105.189	842447.6
