0.00100999919200065	0.00125999899200081	1.516	0.812	15.51
0.00200999839200129	0.00215999827200138	1.767	0.836	23.54
0.00300999759200193	0.00305999755200196	2.186	0.826	31.71
0.00400999679200257	0.00431999654400277	1.838	0.848	45.14
0.00600999519200385	0.00611999510400392	2.167	0.873	52.22
0.00900999279200577	0.00917999265600588	2.31	0.9	84.72
0.0130099895920083	0.0131399894880084	2.772	1.023	119.74
0.0190099847920122	0.0192599845920123	3.122	1.038	178.24
0.0280099775920179	0.0282599773920181	4.045	1.145	217.44
0.0420099663920269	0.042119966304027	5.063	1.268	365.54
0.0630099495920403	0.0631799494560404	53.586	1.66	551.33
0.0940099247920602	0.0941399246880602	28.396	1.805	750.65
0.14100988719209	0.14111988710409	14.006	2.429	1123.73
0.211009831192135	0.211139831088135	30.618	3.071	1765.43
0.316009747192202	0.316079747136202	28.216	4.426	2457.41
0.474009620792303	0.474119620704303	40.964	5.922	3800.21
0.711009431192455	0.711179431056455	72.272	8.511	6246.26
1.06599914720068	1.06631914694468	90.004	12.993	9238.83
1.59900872079302	1.59911872070502	143.361	19.087	13708.39
2.39800808159353	2.39831808134553	246.587	28.36	21893.99
3.5970071223943	3.5972971221623	345.52	42.725	30383.49
5.39499568400345	5.39513568389145	471.833	62.893	45175.33
8.09200352639718	8.09207352634118	763.286	93.34	71233.57
12.1380002895998	12.1382902893678	1076.473	141.472	105474.41
18.2069954344037	18.2071654342677	1565.313	205.956	159130.46
27.3099881520095	27.3101181519055	2296.377	305.603	239037.46
37.3099801520159	37.3101901518479	3113.457	425.179	324942.87
47.3099721520223	47.3100821519343	4034.662	530.342	411827.93
57.3099641520287	57.3101541518767	4889.723	652.014	497356.17
67.3099561520351	67.3102261518191	5685.48	756.908	583709.58
77.3099481520415	77.3101181519055	6587.666	873.235	669627.3
87.3099401520479	87.3100101519919	7518.625	982.491	754780
97.3099321520543	97.3100821519343	7833.269	4740.571	842335.08
