0.00100999919200065	0.00107999913600069	1.685	0.968	15.56
0.00200999839200129	0.0023399981280015	1.848	0.99	24.95
0.00300999759200193	0.00305999755200196	1.849	1.025	31.61
0.00400999679200257	0.00413999668800265	1.996	1.009	45.14
0.00599999520000384	0.00611999510400392	2.199	1.073	56.22
0.00900999279200577	0.00917999265600588	2.33	1.073	84.53
0.0130099895920083	0.0133199893440085	2.589	1.144	118.57
0.0190099847920122	0.0192599845920123	2.617	1.253	152.54
0.0279999776000179	0.0282599773920181	2.862	1.31	244.75
0.0420099663920269	0.042119966304027	11.492	1.473	400.68
0.0629999496000403	0.0631799494560404	6.09	1.677	577.09
0.0940099247920602	0.0941399246880602	3.853	2.049	750.65
0.14100988719209	0.14111988710409	4.821	2.499	1263.57
0.211009831192135	0.211139831088135	6.054	3.319	1765.43
0.315999747200202	0.316079747136202	7.365	4.408	2736.82
0.474009620792303	0.474119620704303	10.203	6.53	4460.84
0.710999431200455	0.711179431056455	15.707	9.613	5934.02
1.06600914719268	1.06613914708868	21.737	13.439	9367.66
1.59900872079302	1.59911872070502	27.277	19.999	13380.38
2.39800808159353	2.39831808134553	42.629	29.862	19912.27
3.5970071223943	3.5971171223063	63.099	43.767	32733.02
5.39500568399545	5.39513568389145	99.755	65.235	45146.98
8.09200352639718	8.09225352619718	142.484	97.438	67610.2
12.1380002895998	12.1382902893678	195.348	143.96	107240.73
18.2069954344037	18.2071654342677	297.437	216.488	158570.15
27.3099781520175	27.3101181519055	553.936	319.828	232714.38
37.3099801520159	37.3101901518479	830.799	434.78	325075.85
47.3099621520303	47.3100821519343	1094.658	550.666	410008.61
57.3099641520287	57.3101541518767	1398.733	669.306	497307.53
67.3099561520351	67.3100461519631	1699.256	790.58	586438.9
77.3099481520415	77.3101181519055	1769.634	917.437	672497.61
87.3099401520479	87.3100101519919	2292.473	1030.76	755717.28
97.3099321520543	97.3100821519343	2569.646	1575.289	842335.18
