0.00100999919200065	0.00125999899200081	1.468	0.882	15.32
0.00200999839200129	0.00215999827200138	1.819	1.013	23.45
0.00300999759200193	0.00323999740800207	1.783	0.927	29.01
0.00399999680000256	0.00413999668800265	1.929	1.011	41.3
0.00600999519200385	0.00629999496000403	2.103	1.003	56.06
0.00900999279200577	0.00917999265600588	2.224	1.058	76.44
0.0130099895920083	0.0133199893440085	3.294	1.074	126.69
0.0190099847920122	0.0192599845920123	3.62	1.201	170.04
0.0280099775920179	0.028079977536018	3.743	1.51	254.28
0.0419999664000269	0.042119966304027	9.959	1.927	393.97
0.0630099495920403	0.0631799494560404	6.099	2.08	495.49
0.0940099247920602	0.0941399246880602	8.46	2.602	871.3
0.14099988720009	0.14111988710409	12.177	3.357	1244.57
0.210999831200135	0.211139831088135	20.88	4.391	1831.99
0.316009747192202	0.316259746992202	24.031	6.102	2510.32
0.474009620792303	0.474299620560304	32.878	7.943	4345.64
0.711009431192455	0.711179431056455	64.195	11.092	6269.12
1.06599914720068	1.06613914708868	69.303	15.289	8518.49
1.59900872079302	1.59911872070502	101.757	22.323	14439.57
2.39800808159353	2.39813808148954	161.953	32.262	20062.84
3.5970071223943	3.5971171223063	242.368	43.953	29524.67
5.39500568399545	5.39531568374745	320.032	65.664	46069.49
8.09200352639718	8.09207352634118	506.596	93.532	70485.91
12.1380002895998	12.1381102895118	717.71	142.38	104733.61
18.2069954344037	18.2071654342677	1164.243	213.315	156341.26
27.3099681520255	27.3101181519055	1683.687	321.453	238144.88
37.3099801520159	37.3101901518479	2196.845	423.33	325839.61
47.3099721520223	47.3100821519343	2892.064	553.686	408340.08
57.3099641520287	57.3101541518767	3470.769	652.313	501029.85
67.3099561520351	67.3100461519631	3930.534	757.366	581128.1
77.3099481520415	77.3101181519055	4692.282	874.701	668996.3
87.3099401520479	87.3100101519919	5206.781	985.298	755492.1
97.3099321520543	97.3100821519343	5756.07	1106.423	842333.88
