0.00100999919200065	0.00125999899200081	1.468	0.898	15.32
0.00199999840000128	0.00215999827200138	1.683	0.95	22.33
0.00300999759200193	0.00323999740800207	1.652	0.959	31.86
0.00400999679200257	0.00413999668800265	1.791	1.027	41.2
0.00600999519200385	0.00611999510400392	2.088	1.037	58.95
0.00900999279200577	0.00917999265600588	2.228	1.042	83.12
0.0130099895920083	0.0131399894880084	2.478	1.113	119.74
0.0190099847920122	0.0192599845920123	3.194	1.244	176.88
0.0279999776000179	0.0282599773920181	3.766	1.384	233.74
0.0420099663920269	0.042119966304027	4.946	1.627	370.86
0.0630099495920403	0.0631799494560404	6.687	2.038	534.86
0.0940099247920602	0.0941399246880602	8.105	2.544	840.25
0.14099988720009	0.14111988710409	12.468	3.357	1192.88
0.211009831192135	0.211139831088135	17.027	4.418	1571.25
0.316009747192202	0.316079747136202	23.234	5.863	2686.38
0.474009620792303	0.474299620560304	31.103	8.031	3990.32
0.711009431192455	0.711179431056455	49.208	11.108	5954.41
1.06600914719268	1.06613914708868	105	16.094	9594.03
1.59900872079302	1.59911872070502	114.949	21.157	13680.09
2.39800808159353	2.39831808134553	159.261	31.582	20386.85
3.5970071223943	3.5971171223063	244.017	47.314	32160.56
5.39499568400345	5.39513568389145	320.406	64.677	46196.74
8.09199352640518	8.09207352634118	510.645	95.915	70415.63
12.1380002895998	12.1381102895118	725.394	145.178	104904.83
18.2069954344037	18.2071654342677	1082.52	209.84	155628.99
27.3099881520095	27.3101181519055	1663.256	313.599	238422.65
37.3099801520159	37.3100101519919	2206.736	422.612	324929.29
47.3099721520223	47.3100821519343	2796.413	535.477	411868.67
57.3099641520287	57.3101541518767	3377.198	646.756	501136.93
67.3099561520351	67.3102261518191	3961.981	763.916	585230.16
77.3099481520415	77.3101181519055	4594.178	878.114	669901.18
87.3099401520479	87.3101901518479	5253.025	989.167	758397.78
97.3099321520543	97.3100821519343	5754.71	1100.841	842333.8
