0.00100999919200065	0.00125999899200081	1.74	1.037	15.6
0.00200999839200129	0.00215999827200138	1.855	1.123	24.79
0.00299999760000192	0.00305999755200196	2.247	1.146	31.71
0.00400999679200257	0.00413999668800265	1.953	1.116	34.56
0.00600999519200385	0.00611999510400392	2.222	1.185	56.12
0.00899999280000576	0.00917999265600588	2.515	1.239	79.25
0.0129999896000083	0.0131399894880084	2.64	1.328	111.74
0.0189999848000122	0.0190799847360122	2.896	1.488	151.21
0.0280099775920179	0.0282599773920181	2.8	1.58	260.95
0.0420099663920269	0.042119966304027	3.408	1.86	391.33
0.0630099495920403	0.0631799494560404	4.047	2.254	583.8
0.0940099247920602	0.0941399246880602	5.604	2.804	804.99
0.14100988719209	0.14111988710409	5.685	3.517	1281.07
0.211009831192135	0.211139831088135	7.686	4.642	1841.47
0.316009747192202	0.316079747136202	9.773	6.087	2642.97
0.474009620792303	0.474119620704303	12.364	8.234	3648.46
0.711009431192455	0.711179431056455	16.479	11.499	6037.16
1.06600914719268	1.06631914694468	21.803	15.698	9363.67
1.59899872080102	1.59911872070502	31.439	23.028	13769.66
2.39800808159353	2.39813808148954	47.334	33.218	20282.44
3.5970071223943	3.5971171223063	68.356	46.849	30571.94
5.39500568399545	5.39513568389145	99.475	68.224	45932.17
8.09200352639718	8.09225352619718	151.148	104.05	70701.76
12.1380002895998	12.1381102895118	201.986	148.823	104060.88
18.2069954344037	18.2071654342677	322.55	222.975	156775.34
27.3099881520095	27.3102981517615	536.981	325.707	238131.1
37.3099801520159	37.3101901518479	823.063	442.982	325116.46
47.3099721520223	47.3100821519343	1106.41	557.913	412135.89
57.3099641520287	57.3101541518767	1406.079	679.637	496564.24
67.3099561520351	67.3100461519631	1715.09	787.929	581091.18
77.3099481520415	77.3101181519055	2010.971	920.362	669886.5
87.3099401520479	87.3101901518479	2290.701	1028.441	755178.81
97.3099321520543	97.3100821519343	2588.229	1140.86	841658
