0.00100999919200065	0.00125999899200081	2.16	0.976	15.51
0.00200999839200129	0.00215999827200138	1.935	0.999	23.69
0.00300999759200193	0.00323999740800207	1.887	0.993	27.59
0.00400999679200257	0.00413999668800265	1.89	1.047	34.64
0.00599999520000384	0.00611999510400392	2.265	1.065	57.59
0.00900999279200577	0.00917999265600588	2.529	1.075	84.63
0.0129999896000083	0.0131399894880084	2.597	1.118	118.44
0.0190099847920122	0.0190799847360122	2.647	1.255	172.63
0.0279999776000179	0.028079977536018	2.838	1.336	250.28
0.0420099663920269	0.042119966304027	3.127	1.468	332.81
0.0630099495920403	0.0631799494560404	3.372	1.759	583.8
0.0940099247920602	0.0941399246880602	4.742	2.004	924.41
0.14099988720009	0.14111988710409	4.81	2.507	1146.6
0.211009831192135	0.211139831088135	6.353	3.278	1913.28
0.316009747192202	0.316259746992202	8.989	4.522	2841.09
0.474009620792303	0.474119620704303	10.527	6.252	4208.52
0.711009431192455	0.711179431056455	15.742	9.191	6229.91
1.06600914719268	1.06613914708868	22.64	13.56	9233.38
1.59899872080102	1.59911872070502	37.483	20.696	12735.89
2.39800808159353	2.39813808148954	43.806	30.085	22336.44
3.5970071223943	3.5972971221623	61.432	43.963	29965.72
5.39500568399545	5.39531568374745	99.794	65.803	48207.32
8.09200352639718	8.09207352634118	146.73	97.716	69473.89
12.1380002895998	12.1381102895118	210.788	144.792	102023.38
18.2069954344037	18.2071654342677	328.743	214.508	154370.35
27.3099881520095	27.3101181519055	533.601	321.783	238161.15
37.3099801520159	37.3101901518479	816.516	442.723	325135.41
47.3099721520223	47.3102621517903	1101.442	605.586	411586.35
57.3099641520287	57.3101541518767	1414.17	668.207	500328.65
67.3099561520351	67.3100461519631	1686.569	796.723	585356.26
77.3099481520415	77.3101181519055	2002.897	897.461	668193.26
87.3099301520559	87.3100101519919	2287.013	1022.44	755722.72
97.3099321520543	97.3100821519343	2586.766	1549.465	842408.31
