0.00100999919200065	0.00107999913600069	7.477	0.807	15.32
0.00199999840000128	0.00215999827200138	1.568	0.847	23.51
0.00300999759200193	0.00323999740800207	1.551	0.853	30.23
0.00399999680000256	0.00413999668800265	1.707	0.845	39.94
0.00600999519200385	0.00611999510400392	1.981	1.031	56.06
0.00900999279200577	0.00917999265600588	2.228	0.907	84.72
0.0130099895920083	0.0133199893440085	2.59	0.971	114.59
0.0190099847920122	0.0192599845920123	2.846	1.121	177.04
0.0280099775920179	0.028079977536018	3.385	1.144	229.75
0.0420099663920269	0.042119966304027	4.222	1.313	363.92
0.0630099495920403	0.0631799494560404	10.42	1.479	495.49
0.0940099247920602	0.0941399246880602	7.535	1.854	840.25
0.14100988719209	0.14111988710409	10.244	2.431	1263.57
0.211009831192135	0.211139831088135	15.38	3.081	1907.93
0.316009747192202	0.316079747136202	22.034	4.227	2351.3
0.474009620792303	0.474299620560304	35.839	6.075	4060.7
0.711009431192455	0.711179431056455	46.716	8.912	5639.88
1.06600914719268	1.06613914708868	66.052	13.166	9173.55
1.59900872079302	1.59911872070502	102.341	19.214	14662.09
2.39800808159353	2.39813808148954	169.133	28.877	21276.82
3.5970071223943	3.5971171223063	246.773	42.548	29607.53
5.39499568400345	5.39513568389145	365.804	62.138	47503.21
8.09200352639718	8.09207352634118	504.926	92.801	72907.32
12.1379902896078	12.1382902893678	715.864	138.827	107765.82
18.2069954344037	18.2071654342677	1117.775	209.626	153333.76
27.3099881520095	27.3101181519055	1670.305	310.598	238112.2
37.3099801520159	37.3101901518479	2210.745	422.869	325764.84
47.3099721520223	47.3102621517903	2863.835	536.64	410585.13
57.3099641520287	57.3101541518767	3373.325	646.599	497764.5
67.3099561520351	67.3100461519631	3970.008	754.448	581155.1
77.3099481520415	77.3101181519055	4600.966	871.844	670486.02
87.3099401520479	87.3100101519919	5149.838	1000.682	755817.56
97.3099321520543	97.3100821519343	5479.816	3496.27	841653.9
