0.00100999919200065	0.00107999913600069	1.539	0.823	15.26
0.00200999839200129	0.00215999827200138	1.777	0.851	22.31
0.00300999759200193	0.00323999740800207	1.867	0.856	31.65
0.00400999679200257	0.00413999668800265	1.965	0.915	42.66
0.00599999520000384	0.00629999496000403	2.136	0.921	56.22
0.00900999279200577	0.00917999265600588	2.459	0.971	79.12
0.0129999896000083	0.0133199893440085	2.628	1.012	117.13
0.0190099847920122	0.0190799847360122	3.398	1.11	183.71
0.0280099775920179	0.028079977536018	8.849	1.178	220.19
0.0420099663920269	0.042119966304027	18.882	1.337	358.68
0.0629999496000403	0.0631799494560404	7.786	1.533	503.86
0.0940099247920602	0.0941399246880602	10.799	1.977	861.8
0.14100988719209	0.14111988710409	13.029	2.331	1213.39
0.211009831192135	0.211139831088135	19.363	3.327	1794.05
0.316009747192202	0.316259746992202	26.987	4.222	2557.59
0.474009620792303	0.474119620704303	41.282	6.017	4062.17
0.711009431192455	0.711179431056455	60.811	8.768	6121.36
1.06600914719268	1.06631914694468	86.182	12.935	8909.07
1.59900872079302	1.59929872056102	175.752	19.647	13756.11
2.39799808160153	2.39813808148954	219.442	28.761	20080.24
3.5970071223943	3.5972971221623	339.039	42.088	29598.12
5.39500568399545	5.39531568374745	468.324	63.395	46112.71
8.09200352639718	8.09225352619718	719.858	92.315	71544.15
12.1380002895998	12.1381102895118	1030.768	136.555	101783.41
18.2069954344037	18.2071654342677	1627.35	205.734	159103.27
27.3099881520095	27.3101181519055	2315.803	308.103	238448.52
37.3099801520159	37.3101901518479	3157.249	419.873	325629.2
47.3099721520223	47.3102621517903	4003.763	530.755	408912.55
57.3099641520287	57.3099741520207	4833.16	644.088	496219.58
67.3099561520351	67.3102261518191	5608.713	758.787	585665.61
77.3099481520415	77.3101181519055	6382.117	871.563	668033.44
87.3099401520479	87.3101901518479	7465.229	981.692	755720.02
97.3099321520543	97.3100821519343	8068.985	4562.012	841636.44
