0.000989999208000634	0.00125999899200081	1.512	0.815	14.18
0.00200999839200129	0.00215999827200138	1.572	0.817	23.64
0.00300999759200193	0.00323999740800207	1.607	0.839	28.83
0.00400999679200257	0.00413999668800265	1.731	0.845	45.14
0.00600999519200385	0.00629999496000403	1.934	0.865	53.58
0.00899999280000576	0.00917999265600588	2.706	0.936	87.25
0.0130099895920083	0.0131399894880084	2.577	0.996	106.19
0.0190099847920122	0.0192599845920123	2.587	1.028	152.54
0.0279999776000179	0.0282599773920181	3.423	1.121	244.75
0.0419999664000269	0.042119966304027	21.185	1.364	316.47
0.0630099495920403	0.0631799494560404	5.634	1.691	570.17
0.0940099247920602	0.0943199245440604	27.348	1.834	766.95
0.14100988719209	0.14129988696009	10.403	2.465	1146.78
0.210999831200135	0.211139831088135	14.664	3.142	1712.49
0.316009747192202	0.316079747136202	22.836	4.311	2557.59
0.474009620792303	0.474299620560304	31.035	6.066	3835.38
0.711009431192455	0.711179431056455	55.977	9.036	6400.8
1.06599914720068	1.06613914708868	85.687	13.198	9556.14
1.59900872079302	1.59929872056102	100.515	20.188	14127.71
2.39800808159353	2.39831808134553	147.344	29.071	20811.62
3.5970071223943	3.5972971221623	218.904	41.444	29764.92
5.39500568399545	5.39513568389145	329.954	63.314	46004.39
8.09200352639718	8.09225352619718	475.994	92.47	70240.48
12.1380002895998	12.1382902893678	746.852	140.326	105475.82
18.2069954344037	18.2071654342677	1074.591	203.988	159237.52
27.3099881520095	27.3101181519055	1752.336	311.072	234560.53
37.3099801520159	37.3100101519919	2297.003	423.474	322121.34
47.3099721520223	47.3100821519343	2807.285	533.443	410205.37
57.3099641520287	57.3101541518767	3362.952	652.781	496002.52
67.3099561520351	67.3102261518191	4004.767	757.002	585485.28
77.3099381520495	77.3101181519055	4681.854	871.101	668238.08
87.3099401520479	87.3100101519919	5343.765	1086.976	757164.72
97.3099321520543	97.3102621517903	5610.579	3525.716	841652.54
