0.00100999919200065	0.00125999899200081	1.823	1.014	15.5
0.00200999839200129	0.00215999827200138	1.846	1.025	22.11
0.00300999759200193	0.00323999740800207	1.916	1.066	32.98
0.00400999679200257	0.00413999668800265	1.98	1.165	34.56
0.00600999519200385	0.00611999510400392	2.19	1.039	53.45
0.00900999279200577	0.00917999265600588	2.318	1.098	84.53
0.0130099895920083	0.0133199893440085	2.704	1.151	119.74
0.0189999848000122	0.0190799847360122	2.654	1.248	167.38
0.0280099775920179	0.028079977536018	2.877	1.427	248.71
0.0420099663920269	0.042119966304027	3.032	1.475	393.97
0.0629999496000403	0.0631799494560404	3.538	1.92	490.38
0.0940099247920602	0.0941399246880602	3.942	2.039	806.45
0.14100988719209	0.14111988710409	5.141	2.802	1206.63
0.210999831200135	0.211139831088135	5.968	3.271	1628.28
0.316009747192202	0.316259746992202	8.407	4.517	2976.7
0.474009620792303	0.474119620704303	10.355	6.379	4157.12
0.711009431192455	0.711179431056455	13.717	9.473	6560.98
1.06600914719268	1.06631914694468	20.584	13.565	8645.85
1.59900872079302	1.59911872070502	27.056	20.108	13522.82
2.39800808159353	2.39831808134553	41.609	29.682	19429.34
3.5970071223943	3.5971171223063	68.85	44.357	30101.4
5.39500568399545	5.39531568374745	99.159	65.998	46275.46
8.09200352639718	8.09225352619718	155.062	95.274	69350.49
12.1380002895998	12.1381102895118	194.516	143.968	101837.55
18.2069954344037	18.2071654342677	316.115	216.332	156042.88
27.3099881520095	27.3101181519055	537.015	322.279	238793.14
37.3099801520159	37.3100101519919	830.662	439.478	322365.32
47.3099721520223	47.3100821519343	1089.973	563.825	407941.46
57.3099641520287	57.3099741520207	1416.682	670.418	499845.76
67.3099561520351	67.3102261518191	1712.152	787.227	585251.88
77.3099481520415	77.3101181519055	2020.082	912.812	669954.14
87.3099401520479	87.3100101519919	2293.882	1045.524	755719.98
97.3099321520543	97.3100821519343	2567.023	1563.775	841861.74
