0.00100999919200065	0.00107999913600069	1.726	0.998	16.71
0.00200999839200129	0.00215999827200138	1.743	1.009	20.95
0.00300999759200193	0.00323999740800207	7.823	1.056	29.01
0.00400999679200257	0.00413999668800265	2.076	1.038	39.92
0.00600999519200385	0.00611999510400392	2.26	1.031	56.03
0.00899999280000576	0.00917999265600588	2.747	1.048	83.12
0.0130099895920083	0.0131399894880084	2.759	1.14	126.69
0.0190099847920122	0.0190799847360122	2.692	1.203	176.68
0.0280099775920179	0.0282599773920181	2.929	1.458	233.75
0.0419999664000269	0.042119966304027	3.139	1.482	338.4
0.0630099495920403	0.0631799494560404	3.674	1.944	556.77
0.0939899248080601	0.0943199245440604	3.974	2.049	804.99
0.14100988719209	0.14111988710409	4.742	2.551	1183.41
0.211009831192135	0.211139831088135	5.773	3.278	1986.67
0.316009747192202	0.316259746992202	7.741	4.699	2557.57
0.474009620792303	0.474119620704303	11.865	6.425	4345.64
0.711009431192455	0.711179431056455	15.272	9.371	6291.04
1.06600914719268	1.06613914708868	24.571	13.577	8792.49
1.59900872079302	1.59929872056102	31.897	20.064	14374.64
2.39800808159353	2.39813808148954	42.376	30.069	19642.02
3.5969971224023	3.5971171223063	69.88	44.613	31356.17
5.39500568399545	5.39513568389145	91.32	65.956	45142.65
8.09200352639718	8.09225352619718	146.511	97.608	70607.99
12.1380002895998	12.1381102895118	240.502	142.959	101817.11
18.2069854344117	18.2071654342677	284.897	216.596	154501.82
27.3099781520175	27.3102981517615	538.473	320.447	238308.7
37.3099801520159	37.3101901518479	839.008	440.416	324450.61
47.3099621520303	47.3100821519343	1142.123	557.714	410183.72
57.3099641520287	57.3099741520207	1400.493	666.171	496119.02
67.3099561520351	67.3102261518191	1700.656	795.07	585390.4
77.3099481520415	77.3101181519055	2014.486	917.342	670500.88
87.3099401520479	87.3101901518479	2286.917	1027.375	757156.48
97.3099321520543	97.3100821519343	2559.644	1584.675	842351.3
