0.00099999920000064	0.00107999913600069	1.628	0.911	15.32
0.00199999840000128	0.00215999827200138	1.691	0.964	20.87
0.00300999759200193	0.00323999740800207	1.83	0.983	30.23
0.00400999679200257	0.00413999668800265	1.979	0.98	42.72
0.00600999519200385	0.00611999510400392	2.743	1.068	56.03
0.00900999279200577	0.00917999265600588	2.687	1.061	81.86
0.0130099895920083	0.0131399894880084	3.078	1.14	107.78
0.0190099847920122	0.0192599845920123	4.702	1.312	156.63
0.0279999776000179	0.028079977536018	4.252	1.423	247.4
0.0420099663920269	0.042119966304027	551.499	2.225	325.94
0.0630099495920403	0.0631799494560404	7.272	2.285	530.97
0.0940099247920602	0.0941399246880602	10.553	2.623	853.88
0.14100988719209	0.14111988710409	13.943	3.273	1263.57
0.210999831200135	0.211139831088135	21.315	5.295	1675.97
0.316009747192202	0.316079747136202	29.805	6.861	2740.75
0.474009620792303	0.474119620704303	43.745	8.082	3691.71
0.711009431192455	0.711179431056455	65.03	11.99	5753.8
1.06600914719268	1.06631914694468	101.428	15.751	9412.27
1.59900872079302	1.59929872056102	137.358	21.532	13990.55
2.39800808159353	2.39831808134553	277.864	31.262	20173.94
3.5970071223943	3.5972971221623	310.465	45.621	31597.49
5.39499568400345	5.39513568389145	457.771	80.905	48056.77
8.09200352639718	8.09207352634118	744.947	98.818	69346.55
12.1380002895998	12.1382902893678	1075.109	142.646	103158.88
18.2069954344037	18.2071654342677	1532.662	210.483	160127.52
27.3099881520095	27.3101181519055	2362.986	312.95	234720.93
37.3099801520159	37.3101901518479	3252.165	426.816	324936
47.3099721520223	47.3100821519343	4062.136	547.195	413111.03
57.3099641520287	57.3101541518767	4915.793	659.937	494540
67.3099561520351	67.3100461519631	5750.122	770.752	584136.68
77.3099481520415	77.3101181519055	6651.863	869.199	668235.58
87.3099401520479	87.3100101519919	7526.229	986.449	755715.83
97.3099321520543	97.3102621517903	8220.547	1092.305	842042.02
