0.00100999919200065	0.00125999899200081	2.272	1.053	15.42
0.00200999839200129	0.00215999827200138	2.011	1.111	23.59
0.00299999760000192	0.00305999755200196	2.028	1.097	30.54
0.00400999679200257	0.00431999654400277	2.065	1.134	42.5
0.00600999519200385	0.00611999510400392	2.304	1.17	58.9
0.00900999279200577	0.00917999265600588	3.152	1.244	75.19
0.0130099895920083	0.0131399894880084	2.919	1.687	125.18
0.0190099847920122	0.0192599845920123	2.854	1.437	172.63
0.0280099775920179	0.028079977536018	2.872	1.634	260.95
0.0420099663920269	0.042119966304027	3.446	1.881	332.81
0.0630099495920403	0.0631799494560404	3.826	2.259	583.8
0.0940099247920602	0.0941399246880602	4.687	2.773	788.77
0.14100988719209	0.14111988710409	5.989	3.606	1213.39
0.211009831192135	0.211139831088135	7.723	4.617	1850.86
0.316009747192202	0.316079747136202	9.522	6.126	2473.54
0.474009620792303	0.474119620704303	13.972	8.963	4299.4
0.711009431192455	0.711179431056455	20.427	11.628	6426.38
1.06600914719268	1.06613914708868	31.514	16.157	8643.21
1.59900872079302	1.59929872056102	34.351	22.597	14636.45
2.39800808159353	2.39813808148954	42.099	32.128	20338.22
3.5970071223943	3.5972971221623	86.014	46.998	31234.13
5.39500568399545	5.39513568389145	98.374	67.956	47070.54
8.09200352639718	8.09207352634118	142.19	103.201	70448.15
12.1380002895998	12.1382902893678	218.002	148.403	106004.71
18.2069854344117	18.2071654342677	337.588	221.977	159470.98
27.3099881520095	27.3102981517615	544.024	321.076	238715.65
37.3099801520159	37.3101901518479	829.986	451.916	323603.87
47.3099721520223	47.3100821519343	1126.513	718.708	413181.79
57.3099641520287	57.3101541518767	1398.361	684.343	497759.26
67.3099561520351	67.3100461519631	1689.44	803.857	584611.76
77.3099481520415	77.3101181519055	2009.33	925.627	669380.38
87.3099401520479	87.3100101519919	2283.556	1034.541	755716.04
97.3099321520543	97.3100821519343	2588.991	1154.284	841632.38
