0.00100999919200065	0.00107999913600069	1.529	0.915	15.54
0.00200999839200129	0.0023399981280015	1.85	0.963	20.87
0.00300999759200193	0.00305999755200196	2.152	1.03	30.39
0.00400999679200257	0.00413999668800265	1.959	0.997	43.98
0.00600999519200385	0.00611999510400392	2.167	1.008	54.66
0.00900999279200577	0.00917999265600588	2.738	1.128	83.12
0.0130099895920083	0.0131399894880084	3.386	1.153	122.62
0.0190099847920122	0.0192599845920123	3.581	1.307	174.13
0.0280099775920179	0.0282599773920181	4.294	1.425	248.71
0.0420099663920269	0.0422999661600271	5.492	1.669	391.33
0.0630099495920403	0.0631799494560404	25.238	2.101	586.39
0.0940099247920602	0.0941399246880602	10.474	2.58	872.82
0.14099988720009	0.14111988710409	30.297	3.497	1134.57
0.211009831192135	0.211319830944135	20.786	4.527	1850.86
0.315989747208202	0.316079747136202	43.056	6.454	2598.17
0.474009620792303	0.474119620704303	60.988	8.442	3977.83
0.711009431192455	0.711179431056455	62.224	10.836	5471.48
1.06600914719268	1.06613914708868	117.474	15.714	8123.73
1.59900872079302	1.59911872070502	138.4	21.859	12958.3
2.39800808159353	2.39813808148954	224.295	31.063	21511.48
3.5970071223943	3.5971171223063	304.769	45.645	32395.13
5.39500568399545	5.39513568389145	484.194	67.311	47885.6
8.09200352639718	8.09207352634118	690.852	98.84	68018.51
12.1380002895998	12.1381102895118	1034.161	143.6	104598.27
18.2069954344037	18.2071654342677	1545.163	208.398	159153.53
27.3099881520095	27.3102981517615	2369.687	310.84	233455.03
37.3099801520159	37.3101901518479	3150.731	424.259	323616.22
47.3099721520223	47.3100821519343	4049.164	543.244	412754.2
57.3099641520287	57.3101541518767	4855.499	653.575	501155.98
67.3099561520351	67.3100461519631	5634.001	757.005	584234.44
77.3099481520415	77.3101181519055	6618.358	876.086	672712
87.3099401520479	87.3101901518479	7464.67	983.31	755618.16
97.3099321520543	97.3100821519343	8267.685	1109.567	842386.5
