0.00100999919200065	0.00125999899200081	1.736	1.006	16.71
0.00199999840000128	0.00215999827200138	1.867	1.001	22.37
0.00300999759200193	0.00323999740800207	1.937	1.013	30.51
0.00400999679200257	0.00413999668800265	2.442	1.037	39.92
0.00599999520000384	0.00611999510400392	2.185	1.106	53.58
0.00899999280000576	0.00917999265600588	2.333	1.09	83.12
0.0130099895920083	0.0131399894880084	2.577	1.152	107.56
0.0189999848000122	0.0190799847360122	2.63	1.239	151.21
0.0280099775920179	0.028079977536018	2.856	1.317	243.42
0.0420099663920269	0.042119966304027	3.054	1.466	400.68
0.0630099495920403	0.0631799494560404	3.365	1.688	539.13
0.0939999248000602	0.0941399246880602	3.854	2.089	863.09
0.14100988719209	0.14111988710409	4.848	2.632	1123.73
0.211009831192135	0.211319830944135	8.142	3.238	1857.63
0.316009747192202	0.316079747136202	8.077	4.534	2651.41
0.474009620792303	0.474299620560304	12.434	6.629	4154.22
0.710999431200455	0.711179431056455	14.78	9.297	6118.73
1.06600914719268	1.06613914708868	19.569	13.537	8781.35
1.59900872079302	1.59911872070502	26.491	20.137	13693.57
2.39800808159353	2.39831808134553	42.648	29.502	20677.16
3.5970071223943	3.5971171223063	60.478	43.539	32087.42
5.39500568399545	5.39513568389145	112.26	64.994	45328.48
8.09200352639718	8.09207352634118	140.371	96.524	68513.57
12.1380002895998	12.1382902893678	195.393	146.813	106742.91
18.2069954344037	18.2071654342677	329.024	214.98	153948.35
27.3099881520095	27.3101181519055	525.482	322.157	232901.49
37.3099701520239	37.3100101519919	837.907	440.694	325244.08
47.3099721520223	47.3100821519343	1129.135	549.585	408272.22
57.3099641520287	57.3101541518767	1446.147	672.864	500755.65
67.3099561520351	67.3100461519631	1711.924	803.985	584011.96
77.3099481520415	77.3101181519055	1991.53	912.228	670796.56
87.3099401520479	87.3101901518479	2295.147	1021.479	755170.76
97.3099321520543	97.3100821519343	2557.566	1558.01	841652.74
