0.00100999919200065	0.00107999913600069	2.479	0.817	15.32
0.00200999839200129	0.00215999827200138	1.479	0.8	23.54
0.00300999759200193	0.00305999755200196	1.636	0.887	33.22
0.00400999679200257	0.00413999668800265	1.574	0.851	43.75
0.00600999519200385	0.00629999496000403	2.09	0.976	56.22
0.00900999279200577	0.00917999265600588	2.163	0.95	92.75
0.0130099895920083	0.0131399894880084	2.436	0.948	111.74
0.0190099847920122	0.0192599845920123	2.799	1.208	183.71
0.0280099775920179	0.0282599773920181	3.499	1.183	233.75
0.0420099663920269	0.0422999661600271	4.719	1.567	377.59
0.0630099495920403	0.0631799494560404	5.657	1.471	530.97
0.0940099247920602	0.0941399246880602	7.454	2.173	867.39
0.14100988719209	0.14129988696009	22.222	2.401	1230.8
0.211009831192135	0.211139831088135	14.55	3.218	1769.49
0.316009747192202	0.316259746992202	34.197	4.47	2709.59
0.474009620792303	0.474299620560304	31.044	6.322	4030.96
0.711009431192455	0.711179431056455	72.635	8.964	5523.1
1.06599914720068	1.06613914708868	65.822	12.702	8553.51
1.59900872079302	1.59911872070502	97.695	19.185	14420.7
2.39800808159353	2.39813808148954	144.408	28.787	20668.96
3.5970071223943	3.5972971221623	228.844	42.557	32429.1
5.39500568399545	5.39513568389145	340.891	63.229	45104.91
8.09200352639718	8.09207352634118	521.419	93.589	70699.17
12.1380002895998	12.1381102895118	702.901	138.525	106760.48
18.2069954344037	18.2071654342677	1095.141	203.304	158829.39
27.3099881520095	27.3101181519055	1680.001	316.272	238395.55
37.3099801520159	37.3101901518479	2252.607	421.895	325010.82
47.3099721520223	47.3102621517903	2932.59	531.211	413242.76
57.3099641520287	57.3101541518767	3377.069	648.317	501176.41
67.3099461520431	67.3100461519631	4031.003	770.332	581609.5
77.3099481520415	77.3101181519055	4563.868	875.128	668129.72
87.3099401520479	87.3101901518479	5182.277	980.25	757167.42
97.3099321520543	97.3100821519343	5589	3520.477	842431.38
