0.00100999919200065	0.00107999913600069	1.457	0.929	15.42
0.00200999839200129	0.00215999827200138	1.662	0.901	23.41
0.00300999759200193	0.00323999740800207	1.797	0.921	32.98
0.00400999679200257	0.00413999668800265	1.763	0.956	42.38
0.00600999519200385	0.00629999496000403	2.233	1.069	56.22
0.00900999279200577	0.00917999265600588	2.34	1.022	81.86
0.0130099895920083	0.0131399894880084	2.828	1.121	119.84
0.0190099847920122	0.0192599845920123	3.206	1.232	178.33
0.0280099775920179	0.0282599773920181	3.846	1.399	243.33
0.0420099663920269	0.042119966304027	4.965	1.679	400.68
0.0630099495920403	0.0631799494560404	6.714	2.307	513.13
0.0940099247920602	0.0943199245440604	8.657	2.648	845.53
0.14099988720009	0.14129988696009	11.558	3.394	1306.99
0.211009831192135	0.211319830944135	15.418	4.275	1829.03
0.316009747192202	0.316259746992202	22.352	5.927	2770.63
0.474009620792303	0.474119620704303	32.521	8.132	3961.74
0.711009431192455	0.711179431056455	49.2	11.215	5760.52
1.06600914719268	1.06613914708868	91.957	15.556	9316.05
1.59900872079302	1.59911872070502	123.711	21.617	13709.75
2.39800808159353	2.39813808148954	157.768	31.17	19973.13
3.5970071223943	3.5971171223063	264.013	46.181	30691.26
5.39500568399545	5.39513568389145	343.531	68.37	45027.43
8.09200352639718	8.09225352619718	474.213	96.312	70700.26
12.1379902896078	12.1381102895118	727.916	154.076	107018.26
18.2069954344037	18.2071654342677	1097.864	213.346	159549.79
27.3099881520095	27.3101181519055	1640.69	316.244	239962.39
37.3099801520159	37.3101901518479	2284.043	424.006	323599.98
47.3099721520223	47.3100821519343	3200.724	541.841	414521.87
57.3099641520287	57.3101541518767	3526.414	648.554	494715.13
67.3099561520351	67.3102261518191	4008.763	759.28	582655.52
77.3099481520415	77.3101181519055	4553.525	889.385	670241.7
87.3099401520479	87.3100101519919	5195.806	987.236	757900.02
97.3099321520543	97.3100821519343	5725.607	1103.016	842378.44
