0.00100999919200065	0.00125999899200081	1.795	1.092	15.4
0.00200999839200129	0.0023399981280015	2.57	1.066	23.61
0.00300999759200193	0.00305999755200196	2.024	1.143	30.45
0.00400999679200257	0.00413999668800265	2.285	1.118	39.92
0.00599999520000384	0.00611999510400392	2.296	1.15	59
0.00900999279200577	0.00917999265600588	2.457	1.313	84.78
0.0130099895920083	0.0133199893440085	2.651	1.277	122.62
0.0190099847920122	0.0192599845920123	3.239	1.492	172.63
0.0279999776000179	0.0282599773920181	3.386	1.572	233.74
0.0420099663920269	0.042119966304027	3.388	1.843	377.59
0.0630099495920403	0.0631799494560404	4.001	2.243	583.8
0.0940099247920602	0.0943199245440604	4.63	2.853	806.45
0.14099988720009	0.14129988696009	10.383	4.278	1123.73
0.211009831192135	0.211139831088135	7.334	5.326	1986.67
0.316009747192202	0.316259746992202	9.505	6.16	2914.28
0.474009620792303	0.474299620560304	12.931	8.48	4056.47
0.711009431192455	0.711179431056455	28.472	11.639	6497.16
1.06600914719268	1.06613914708868	21.766	16.078	8929.51
1.59900872079302	1.59911872070502	37.685	22.218	14157.73
2.39800808159353	2.39813808148954	44.586	32.485	19943.27
3.5970071223943	3.5971171223063	65.004	47.08	30836.56
5.39500568399545	5.39513568389145	91.313	68.944	45895.51
8.09200352639718	8.09207352634118	141.216	101.553	68124.21
12.1380002895998	12.1381102895118	215.601	150.821	104466.55
18.2069954344037	18.2071654342677	298.252	221.877	157746.76
27.3099881520095	27.3101181519055	538.43	330.805	237393.2
37.3099801520159	37.3101901518479	841.841	449.055	326509.67
47.3099721520223	47.3100821519343	1099.609	567.022	411446.84
57.3099641520287	57.3099741520207	1401.503	676.405	495629.6
67.3099561520351	67.3102261518191	1709.313	798.974	587032.96
77.3099481520415	77.3101181519055	1997.897	920.009	673607.44
87.3099401520479	87.3100101519919	2292.927	1045.26	758834.78
97.3099321520543	97.3100821519343	2587.06	1150.914	841937.52
