0.00100999919200065	0.00125999899200081	1.491	0.852	14.18
0.00200999839200129	0.00215999827200138	1.636	0.886	23.54
0.00299999760000192	0.00305999755200196	1.723	0.875	30.37
0.00400999679200257	0.00413999668800265	1.877	0.888	41.18
0.00600999519200385	0.00611999510400392	2.147	0.91	53.58
0.00899999280000576	0.00917999265600588	2.363	0.919	85.92
0.0130099895920083	0.0131399894880084	2.926	1.003	134.78
0.0190099847920122	0.0190799847360122	3.227	1.05	156.63
0.0280099775920179	0.0282599773920181	4.031	1.135	241.86
0.0420099663920269	0.042119966304027	5.586	1.494	388.64
0.0630099495920403	0.0631799494560404	7.122	1.542	570.17
0.0940099247920602	0.0941399246880602	9.194	1.77	832.21
0.14100988719209	0.14111988710409	13.076	2.714	1211.89
0.211009831192135	0.211319830944135	19.921	3.279	1949.82
0.316009747192202	0.316259746992202	28.756	4.142	2648.54
0.474009620792303	0.474299620560304	41.934	6.77	4212.68
0.711009431192455	0.711179431056455	69.619	8.738	5430.76
1.06600914719268	1.06613914708868	95.828	12.752	9395.99
1.59899872080102	1.59911872070502	134.377	19.408	13467.2
2.39800808159353	2.39813808148954	212.598	27.692	19676.03
3.5970071223943	3.5972971221623	305.481	42.201	31174.32
5.39500568399545	5.39513568389145	462.042	63.134	45795.43
8.09200352639718	8.09225352619718	780.888	93.105	70005.88
12.1380002895998	12.1382902893678	1029.948	137.157	107430.49
18.2069954344037	18.2071654342677	1630.268	205.201	160366.26
27.3099781520175	27.3101181519055	2345.482	306.22	238162.49
37.3099801520159	37.3100101519919	3194.914	422.832	324618.58
47.3099721520223	47.3100821519343	4086.97	529.318	411947.22
57.3099641520287	57.3101541518767	4846.377	643.081	497281.79
67.3099561520351	67.3100461519631	5582.755	757.368	585378.02
77.3099481520415	77.3101181519055	6507.797	866.214	669650.38
87.3099401520479	87.3100101519919	7526.009	982.748	755188.4
97.3099221520623	97.3100821519343	8107.608	4651.974	841640.5
