0.00178999856800115	0.0320399743680205	12.084	1.292	683.69
0.00271999782400174	0.0489599608320313	17.035	1.535	1049.45
0.003129997496002	0.0563399549280361	23.639	1.692	1475.47
0.00386999690400248	0.0696599442720446	25.087	1.721	1475.47
0.0130799895360084	0.23489981208015	74.784	3.375	5792.16
0.0261499790800167	0.467279626176299	147.342	5.174	11797
0.0300399759680192	0.534239572608342	191.671	5.248	11045.39
0.0861799310560552	1.48877880897695	577.344	10.492	34189.29
0.195569843544125	3.34961732030614	1220.242	21.854	87334.82
0.293389765288188	4.90211607830714	1705.311	30.356	129543.23
0.414559668352265	6.59663472269222	2383.165	41.379	155290.88
0.715219427824458	10.949391240487	4104.472	70.143	264962.16
2.22417822065742	23.490521207583	7117.32	198.937	779609.42
5.37736569810744	37.4037900769679	10836.716	442.576	1520303.63
6.10237511809991	28.4196372642902	8006.2	450.317	1583727.33
10.0838719329025	34.2159926272059	9492.744	712.318	2069142.45
16.8142965485628	43.4669052264758	11955.29	1210.871	2359044.31
26.8389885288092	58.1165535067572	16703.134	1979.242	2802276.22
36.3311709350633	64.6721482622814	18608.536	2586.189	3220435.58
57.1767342586126	91.6982266414187	26293.707	4088.725	4121641.35
75.5336895730483	98.8156009475192	31664.76	5757.405	4914107.24
84.1071527142778	99.991540006768	29526.825	6037.032	5280020.22
90.583717533026	100.0	29603.188	6303.082	5559934.87
