0.000979999216000627	0.0176399858880113	7.243	1.036	438.52
0.00211999830400136	0.0381599694720244	13.068	1.135	776.14
0.00274999780000176	0.0494999604000317	16.654	1.071	1214.24
0.00319999744000205	0.0575999539200369	23.649	1.111	1314.72
0.00397999681600255	0.0714599428320457	24.562	1.157	1463.44
0.00938999248800601	0.168839864928108	55.4	1.584	3436.86
0.0119499904400076	0.214379828496137	92.225	1.861	5237.5
0.0147299882160094	0.263159789472168	85.274	2.08	5297.79
0.0189999848000122	0.339839728128217	146.415	3.241	7769.65
0.034389972488022	0.612719509824392	187.015	3.737	14381.46
0.0396799682560254	0.704699436240451	223.96	4.311	15342.09
0.0851299318960545	1.49435880451296	574.799	8.189	35178.1
0.14028988776809	2.44637804289757	823.227	13.277	59320.16
0.208509833192133	3.57353714117029	1218.915	19.175	81111.87
0.314859748112202	5.25491579606736	1824.023	27.575	123773.94
0.470679623456301	7.56287394970084	2855.513	40.875	178531.11
0.470789623368301	7.08659433072454	2525.445	40.041	189118.31
1.01745918603265	14.2347486122011	4891.898	94.367	361019.5
1.49351880518496	18.5581651534679	6691.525	125.313	562911.58
2.16945826443339	22.7186818250545	8189.203	179.862	724606.43
3.5923971260823	32.0871343302925	10042.4	305.507	1113957.25
5.38469569224345	37.6547098762321	12217.273	471.236	1477505.58
7.94197364642108	40.5069875944099	11348.198	641.39	1859628.12
12.1300802959358	48.0344015724787	14278.049	982.933	2157685.82
17.9990856007315	51.525318779745	15051.51	1464.902	2416611.13
23.367171306263	45.5905435275652	13061.236	1806	2640858.26
35.1131319094945	59.8438321249343	17759.789	2930.054	3156667.36
47.2248322201342	82.6112939109649	24320.709	3798.844	3697323.17
57.0106043915165	89.6809682552254	27919.962	4814.422	4117851.02
65.64383748493	91.4825868139306	28189.646	5725.147	4483311.16
75.7602193918245	99.2375206099835	31553.021	8157.515	4919314.78
84.0000427999658	99.976420018864	30856.468	9632.174	5283927.72
90.592947525642	99.999820000144	31848.202	11315.586	5559289.09
