0.00100999919200065	0.0181799854560116	8.913	1.147	398.33
0.0014099988720009	0.0253799796960162	11.499	1.187	494.79
0.00205999835200132	0.0370799703360237	14.492	1.36	796.23
0.00388999688800249	0.0700199439840448	22.47	1.721	1668.4
0.00619999504000397	0.111059911152071	36.307	2.259	2311.48
0.00879999296000563	0.157859873712101	50.706	2.57	3870.95
0.00907999273600581	0.162719869824104	53.024	2.698	3432.85
0.0183799852960118	0.329759736192211	141.414	4.003	8014.83
0.0284499772400182	0.508319593344325	185.47	5.361	11913.56
0.039039968768025	0.695519443584445	241.073	6.179	15792.25
0.0631599494720404	1.11887910489672	417.396	8.562	28417.28
0.0869299304560556	1.53179877456098	529.658	10.731	39330.32
0.132409894072085	2.29625816299347	821.49	15.162	58741.3
0.186489850808119	3.17807745753803	1144.425	20.34	70242
0.28202977437618	4.50989639208289	1618.125	26.907	112890.93
0.314659748272201	5.24465580427536	1737.835	32.843	120617.94
0.607259514192389	8.48321321342943	2880.1	55.069	228486.1
0.712799429760456	10.900791279367	3925.122	69.21	276456.66
1.30555895555284	15.9357472514022	5366.714	119.766	499832.7
2.39005808795353	26.0607391514087	8207.823	238.766	789563.98
2.78852776917778	23.0137015890387	6919.854	238.239	868448.96
5.24942580045936	35.4133516693187	9818.239	457.71	1419890.5
8.07927353658117	42.7420458063634	12142.526	696.253	1884646.33
12.0020703983437	46.0144431884454	12671.677	1036.362	2161027.36
15.7934073652741	39.9115480707615	11392.035	1259.94	2310546.35
26.625778699377	56.4760348191721	16237.248	2190.32	2791496.59
36.2531409974872	64.2545485963611	19096.837	3084.394	3217471.07
45.6194335044532	71.5494027604778	21432.041	3679.749	3615135.87
56.4000648799481	85.0839519328385	26197.312	4690.215	4086849.62
66.6865666507467	96.3033429573256	29015.347	5587.003	4531524.1
75.6518594785124	99.0323207741434	31316.555	6197.043	4921658.64
83.5634831492135	99.9049600760319	30490.297	6829.753	5256356.11
90.586197531042	100.0	30781.97	7208.033	5559813.27
