0.000929999256000595	0.0167399866080107	6.727	1.285	370.19
0.00183999852800118	0.0331199735040212	26.412	1.469	796.23
0.00259999792000166	0.04679996256003	37.984	1.663	1117.78
0.00602999517600386	0.108359913312069	35.923	2.229	2424.02
0.00776999378400497	0.138959888832089	49.147	2.627	3613.71
0.0268799784960172	0.479339616528307	174.655	5.209	10735.91
0.037469970024024	0.664199468640425	263.564	6.424	15342.09
0.0414799668160265	0.739259408592473	302.792	6.96	17982.8
0.0619199504640396	1.08377913297669	368.897	9.088	25953.34
0.0798399361280511	1.38635889091289	536.128	10.406	30571.74
0.287969769624184	4.78781616974706	1622.152	29.929	116099.11
0.473549621160303	7.61867390506088	2661.569	49.907	200200.4
0.583469533224373	8.77877297698162	3174.494	56.851	239597.45
1.03602917117666	14.5952883237693	5184.962	99.982	369849.8
1.45095883923293	17.9245656603475	6328.115	131.198	515685.73
2.30987815209748	24.5903203277437	7823.11	201.549	755012.75
5.27795577763538	35.8329313336549	10295.074	421.222	1432117.41
6.03250517399586	28.165117467906	7840.64	451.165	1571159.08
12.1282002974398	47.9982216014227	13616.101	921.511	2156972.93
34.2816925746459	57.6150739079409	17154.899	2579.691	3120424.96
47.2328322137342	82.6417138866289	23814.253	3421.481	3680053.04
54.4946564042749	78.14513748389	23053.242	3831.048	4004000.26
66.0994171204663	93.1999654400277	27253.006	4709.233	4519608.05
73.6170411063671	95.4031636774691	28276.649	5228.47	4830519.97
