0.000769999384000493	0.0138599889120089	5.98	0.897	374.21
0.00179999856000115	0.0323999740800207	11.328	0.995	683.69
0.00275999779200177	0.0496799602560318	20.152	1.118	1057.49
0.00307999753600197	0.0554399556480355	19.526	1.101	1190.12
0.00433999652800278	0.0777599377920498	24.686	1.213	1588.01
0.00931999254400596	0.167399866080107	58.853	1.657	3870.95
0.0130199895840083	0.23363981308815	85.797	2.078	5157.12
0.0181899854480116	0.325259739792208	135.319	2.671	7628.98
0.0191199847040122	0.341999726400219	126.559	2.489	7769.65
0.0415399667680266	0.741239407008474	265.126	5.451	16081.65
0.0567999545600364	1.00493919604864	342.714	5.844	22753.85
0.0927199258240593	1.63403869276905	556.063	9.046	37465.23
0.138019889584088	2.39687808249753	878.656	13.09	56273.18
0.185939851248119	3.17663745869003	1140.448	17.273	70242
0.3126197499042	5.22899581680335	1857.959	28.343	122000.96
0.461129631096295	7.43453405237276	2802.337	42.667	160127.8
0.695379443696445	10.5717515425988	4203.663	68.248	255478.85
0.914759268192585	11.3905708875433	3691.404	72.514	338287.01
1.06222915021668	15.0526679578656	5586.791	92.406	389224.98
2.11518830784935	22.0426023659181	6808.342	167.636	703280.97
3.04776756178595	25.2779197776642	7149.524	249.063	990438.46
4.45793643365085	28.083577533138	7907.631	317.5	1289400.05
7.30382415694067	34.5909323272541	9523.319	513.993	1799414.1
12.1309502952398	48.0248615801107	13556.438	892.407	2155451.07
15.0227879817696	37.9032896773683	10702.462	1057.972	2280706.35
24.6286302970958	48.466401226879	14545.591	1678.536	2705854.72
35.7491614006709	61.9993304005357	19292.801	2415.196	3189572.47
47.2173222261422	82.3157341474127	24385.925	3317.18	3678405.04
56.8185845451324	87.8746697002642	25466.917	3985.026	4092241.51
65.1313278949377	89.7833881732895	27877.173	4496.925	4466573.51
75.9988392009286	99.6614202708638	30553.752	7877.034	4932073.6
83.8796028963177	99.961120031104	29688.4	8809.755	5267173.47
90.542027566378	99.999640000288	30360.036	9869.755	5556484.27
