0.000989999208000634	0.0178199857440114	7.172	1.08	462.63
0.00200999839200129	0.0361799710560232	12.706	1.361	735.95
0.00309999752000198	0.0557999553600357	18.316	1.543	1157.97
0.00381999694400244	0.068759944992044	23.841	1.701	1531.74
0.00471999622400302	0.0847799321760543	27.824	1.947	2206.98
0.00837999329600536	0.150659879472096	78.108	2.615	3746.35
0.00919999264000589	0.164879868096106	53.65	2.779	3613.71
0.0148999880800095	0.266399786880171	86.224	3.952	5631.39
0.0263499789200169	0.472679621856303	154.193	4.753	10185.26
0.0322699741840207	0.571679542656366	210.034	5.723	13718.25
0.042159966272027	0.751319398944481	240.712	6.576	16081.65
0.0728399417280466	1.27781897774482	421.452	9.285	26049.8
0.138509889192089	2.41595806723355	922.708	15.617	48495.05
0.213589829128137	3.65129707896234	1395.544	25.383	88191.09
0.310619751504199	5.19695584243533	1929.057	32.128	120617.94
0.470969623224301	7.58411393270885	2837.55	48.609	180441.05
0.707589433928453	10.8188913448869	3819.262	66.513	257815.45
0.949059240752607	11.7482306014155	4066.931	85.734	350938.33
1.06518914784868	15.1005479195617	5399.036	99.284	387905.38
1.70001863998509	17.5899459280433	5452.294	146.372	563648.19
3.22921741662607	27.1527982777614	7871.968	265.846	999264.83
5.37674569860344	37.3868700905039	10882.68	416.024	1520348.14
7.25089419928464	34.2170726263419	9553.924	558.957	1793957.05
10.7136914290469	36.6090907127274	10075.88	763.18	2097363.99
18.1899754480196	54.4414964468028	18472.157	1366.219	2422824.88
27.0817383346093	60.4090316727747	17072.261	1940.728	2809546.64
37.2167202266238	72.5986219211025	22330.803	2680.06	3260141.18
47.2161822270542	82.5383939692848	24003.841	3421.467	3695268.55
56.8741445006844	88.2892093686325	29335.988	4062.831	4094107.34
66.8509165192668	97.3676821058543	28458.742	4790.38	4534920.14
74.7526801978558	97.3792020966383	29357.647	5299.157	4875768.48
83.9860528111577	99.974620020304	29657.83	5860.892	5282946.86
90.59468752425	99.999820000144	30060.107	6410.2	5557762.99
