0.00102999917600066	0.0185399851680119	8.417	1.285	354.11
0.00170999863200109	0.0307799753760197	11.611	1.649	812.31
0.00236999810400152	0.0422999661600271	15.515	1.56	880.64
0.00290999767200186	0.0523799580960335	17.716	1.699	1093.66
0.0120899903280077	0.216899826480139	68.023	3.387	4739.11
0.0162099870320104	0.289979768016186	94.693	4.082	6109.69
0.0189499848400121	0.339299728560217	153.161	5.193	7295.38
0.0415599667520266	0.741059407152474	356.244	7.163	16600.14
0.056249955000036	0.996119203104638	317.705	8.334	21206.38
0.0931799254560596	1.63997868801705	686.868	11.369	39627.74
0.130449895640083	2.26925818459345	843.453	14.983	58741.3
0.209849832120134	3.5915371267703	1414.353	23.979	81260.6
0.283399773280181	4.70177623857901	1682.731	29.327	110800.39
0.467419626064299	7.51931398454881	2928.715	45.57	183746.26
0.704899436080451	10.7872113702309	3786.928	68.195	268694.42
2.39426808458553	26.1086191131047	8360.245	214.27	778288.09
5.32455574035541	36.6666906666475	10402.495	421.223	1439219.6
17.9789856168115	51.2515389987688	14751.706	1314.187	2414665.81
36.0982311214151	63.5032291974166	18665.132	2613.405	3211026.93
63.8029089576728	86.5109907912074	25857.179	4535.202	4392776.24
84.1025527179578	99.991180007056	29280.775	5952.67	5282280.21
90.578347537322	100.0	30342.364	6454.721	5560110.97
