0.000589999528000378	0.0106199915040068	13.886	1.218	253.63
0.00141999886400091	0.0255599795520164	11.42	1.187	494.79
0.0040599967520026	0.0730799415360468	25.602	1.759	1395.11
0.00597999521600383	0.107639913888069	39.819	2.161	2677.24
0.00806999354400516	0.145079883936093	48.079	2.836	3272.07
0.0104299916560067	0.18737985009612	64.722	3.142	4465.8
0.0166399866880107	0.298259761392191	110.238	3.933	6692.48
0.026519978784017	0.474659620272304	185.966	5.234	11913.56
0.0391399686880251	0.697859441712447	316.8	8.258	15261.68
0.166919866464107	2.83823772940982	962.781	18.94	62407.33
0.292679765856187	4.86251610998711	1599.583	29.06	118004.75
0.467479626016299	7.04213436629251	2531.737	45.761	188925.3
0.474969620024304	7.61723390621288	2656.726	47.858	201728.45
1.44605884315293	17.8351057319154	5918.543	128.721	505933.98
1.98520841183327	20.4843436125251	6116.131	171.152	716595.58
3.57815713747429	31.7827545737963	9319.579	296.172	1120876.56
5.33591573126741	36.8414705268236	10355.641	427.426	1464332.75
7.97999361600511	41.2664069868744	11516.464	618.806	1875694.88
11.7063706349035	42.7159458272433	11783.327	852.94	2137065.61
18.1822154542276	54.3003765596988	15535.863	1356.718	2430388.8
27.2918281665375	63.6490290807767	18670.419	1977.452	2819802.17
37.2449702040238	72.8853616917106	21372.673	2671.973	3260447.23
65.2770877783298	90.2783877772898	27184.719	4643.561	4466820.94
75.8756792994566	99.4301204559036	29868.898	5365.457	4929218.16
83.3873032901574	99.8630201095839	29447.325	5735.646	5250792.36
90.548707561034	99.999640000288	30897.284	6369.474	5556542.77
