0.000939999248000602	0.0169199864640108	9.614	0.929	410.38
0.0010999991200007	0.0197999841600127	7.372	0.93	442.54
0.00257999793600165	0.0462599629920296	19.191	1.073	981.12
0.00287999769600184	0.0518399585280332	16.984	1.137	1157.97
0.00602999517600386	0.108539913168069	50.498	1.316	2359.72
0.00690999447200442	0.12437990049608	69.762	1.503	2367.75
0.00932999253600597	0.167759865792107	79.796	1.717	4015.64
0.0134199892640086	0.240119807904154	84.741	2.005	5277.7
0.0246299802960158	0.439199648640281	141.685	2.954	9457.75
0.0396799682560254	0.699839440128448	259.483	4.253	15342.09
0.0412999669600264	0.736019411184471	301.222	4.547	17982.8
0.0976399218880625	1.7130586295531	668.501	9.709	41496.87
0.136019891184087	2.36285810971351	826.21	12.936	53515.65
0.194629844296125	3.32045734363412	1159.168	17.869	80307.87
0.254959796032163	4.2244166204667	1505.217	22.808	105956.01
0.473009621592303	7.60301391758887	2640.074	41.586	193392.69
0.695809443352445	10.5776915378468	3665.619	61.336	255478.85
1.06560914751268	15.1028879176897	5135.453	91.795	375964.76
1.31667894665684	16.0723671421063	5100.685	108.313	504577.68
2.35711811430551	25.5066995946403	7924.808	196.53	787344.21
2.98583761132991	24.6967002426398	6922.783	237.258	978995.69
5.22167582265934	35.0123119901504	9793.699	430.81	1400103.21
8.08080353535717	42.7769657784274	12121.634	643.339	1884488.14
11.8914704868236	44.5946043243165	12634.684	939.886	2146025.72
18.1908654473076	54.3783164973468	15744.159	1457.807	2431466.18
24.5052103958317	48.1544614764308	14861.023	1885.187	2700806.71
37.2043502365198	72.4254620596303	22540.226	3002.871	3256774.31
44.2962445630044	67.6596058723153	20256.411	3471.188	3554843.83
53.9448068441545	76.8541785166572	23050.949	4686.619	3976310.95
66.7862865709707	96.949902440078	30761.509	5923.947	4531486.28
75.3766996986402	98.5355211715831	29177.336	7723.267	4902212.51
84.1035927171258	99.991360006912	30871.915	9671.349	5279320.07
90.591977526418	99.999820000144	31240.602	10604.084	5557364.67
