0.00088999928800057	0.0160199871840103	7.364	1.22	358.13
0.00313999748800201	0.0565199547840362	23.522	2.122	1314.72
0.00318999744800204	0.0574199540640368	34.981	2.134	1366.97
0.00415999667200266	0.0748799400960479	28.482	1.974	1724.67
0.0200799839360128	0.358199713440229	116.091	4.56	7371.74
0.0397899681680255	0.709919432064454	258.094	7.065	16077.63
0.0627899497680402	1.11203911036871	398.132	8.919	27902.77
0.210559831552135	3.60251711798631	1256.965	22.013	82149.02
0.701539438768449	10.7251114199109	3648.638	67.423	258362.43
1.03975916819267	14.6226483018814	5005.854	97.941	386927.73
1.54426876458499	19.2869845704123	6403.911	140.503	538921.4
2.11906830474536	18.1565854747316	5247.394	171.982	717360.81
2.38351809318553	25.9190792647366	8247.525	206.42	821106.09
3.38844728924217	22.0796823362541	6498.428	249.158	1038030.31
18.1836454530836	54.4702964237629	15587.635	1397.919	2418565.16
27.2540181967854	63.0546695562644	18258.929	2035.583	2820959.38
34.6898822480942	58.6493530805175	16942.526	2460.222	3137900.53
47.0557323554141	80.2644557884354	23863.076	3372.789	3678136.78
56.5092347926122	85.7279914176069	25395.975	4074.32	4091646.28
84.0237227810218	99.979480016416	31997.931	5929.227	5285013.86
