0.00162999869600104	0.0293399765280188	10.235	1.294	534.98
0.00290999767200186	0.0523799580960335	17.283	1.458	1282.57
0.00382999693600245	0.068759944992044	23.378	1.695	1821.13
0.00795999363200509	0.142199886240091	63.853	2.624	3179.63
0.00838999328800537	0.150479879616096	54.06	2.484	3613.71
0.0135999891200087	0.243179805456156	88.48	3.809	5008.4
0.0225999819200145	0.404639676288259	130.346	5.02	9598.45
0.0414199668640265	0.738539409168473	242.699	6.988	14558.3
0.053119957504034	0.942299246160603	315.602	7.578	23011.1
0.0949599240320608	1.67237866209707	614.807	12.066	36842.18
0.113579909136073	1.96973842420926	701.812	12.993	47904.17
0.113709909032073	1.93877844897724	719.206	13.008	45592.86
0.377669697864242	6.00263519789184	1976.662	36.994	149368.45
1.80232855813715	18.6157651073879	5915.332	170.327	570286.08
4.55463635629092	28.7657769873784	7591.365	374.084	1315005.67
8.07219354224517	42.5089459928432	12047.966	701.085	1921898.21
12.1183203053438	47.9334216532627	14038.343	1035.993	2161652.23
47.2485822011342	82.891373686901	25615.157	3885.91	3682618.95
57.0709743432205	90.3518277185378	26952.288	4709.193	4120689.65
63.7033090373528	86.2604309916552	26426.405	5196.175	4401761.45
73.3200113439909	94.9070840743327	30079.004	5829.328	4818369.34
90.578297537362	99.999820000144	31390.136	7393.101	5556932.87
