0.000969999224000621	0.0174599860320112	7.053	1.077	410.38
0.00143999884800092	0.0259199792640166	9.648	1.21	534.98
0.00182999853600117	0.0329399736480211	11.618	1.322	739.96
0.00278999776800179	0.050039959968032	22.817	1.485	1117.78
0.00476999618400305	0.085859931312055	30.765	1.986	1969.85
0.00590999527200378	0.106199915040068	35.604	2.137	2311.48
0.012549989960008	0.224819820144144	95.902	3.268	5277.7
0.0126299898960081	0.226079819136145	81.409	3.315	4956.15
0.0270699783440173	0.483299613360309	175.081	4.919	11608.11
0.0413299669360265	0.736379410896471	238.411	7.448	16917.67
0.0582399534080373	1.03355917315266	346.86	8.542	23638.13
0.0834099332720534	1.45997883201693	595.978	10.549	31568.56
0.14054988756009	2.44727804217757	786.648	15.564	63102.77
0.208499833200133	3.56903714477028	1268.88	21.477	83226.37
0.295349763720189	4.70105623915501	1613.2	28.253	112890.93
0.314669748264201	5.26373578901137	1901.437	32.875	120312.4
0.458749633000294	6.92063446349243	2441.613	44.644	181474.43
0.809269352584518	11.1747510601992	4523.555	73.619	276766.37
0.888679289056569	11.1083311133351	3550.029	84.371	327912.83
1.46399882880094	15.4020476783619	4837.347	126.157	521485.45
3.56945714443428	31.7031946374443	9594.504	310.406	1104327.12
3.62748709801032	23.2991813606549	6304.643	295.169	1075153.19
6.23393501285199	28.9706168235065	7939.606	493.103	1607766.72
12.1150803079358	47.8124617500306	13581.488	1004.146	2165136.42
18.0466655626675	52.1365982907214	15006.126	1499.476	2422263.16
27.2023382381294	62.3296301362959	17938.145	2246.102	2820502.28
37.2790601767519	73.424461260431	21573.733	3129.436	3259399.01
46.941722446622	79.1464766828187	23263.771	3845.515	3680308.63
55.2442358046114	80.2802957757634	24410.906	4415.434	4033949.28
66.8603165117468	97.3599421120463	28850.008	5635.39	4537154.88
75.5900095279924	98.9205408635673	31646.028	6221.71	4908023.64
83.8459929232057	99.956080035136	30431.938	6821.407	5265978.61
90.596527522778	99.999820000144	31183.819	7362.501	5558308.03
