0.00119999904000077	0.0215999827200138	8.8	1.081	438.52
0.00122999901600079	0.0221399822880142	8.287	1.087	563.12
0.00307999753600197	0.0554399556480355	23.821	1.335	1366.97
0.00341999726400219	0.0615599507520394	20.758	1.347	1475.47
0.00414999668000266	0.0746999402400478	23.413	1.361	1624.19
0.00815999347200522	0.146339882928094	72.696	2.157	3135.42
0.0126599898720081	0.227699817840146	96.593	2.256	4522.07
0.0181299854960116	0.325259739792208	113.038	2.646	6604.06
0.0268399785280172	0.479699616240307	181.211	3.643	10185.26
0.0323799740960207	0.574739540208368	260.336	3.896	11680.46
0.0613499509200393	1.0882791293767	346.252	6.412	24072.23
0.079669936264051	1.3987788809769	488.519	7.999	34245.56
0.139579888336089	2.43179805456156	829.93	13.413	54629.12
0.1562998749601	2.6618378705297	913.431	15.986	54898.45
0.177629857896114	2.9699976240019	972.901	16.275	67938.63
0.446249643000286	7.17659425872459	2555.014	45.905	173834.68
0.479329616536307	7.1915342467726	3341.8	41.779	189118.31
0.813379349296521	11.2382910093672	3939.164	68.195	278419.39
0.944349244520604	11.7046706362635	3881.345	74.96	349124.07
1.43737885009692	15.1716478626817	4622.34	115.669	507873.84
3.52068718345025	30.9986752010598	10732.267	281.844	1067884.58
4.17155666275467	26.2581989934408	7370.011	299.824	1206180.17
5.32804573756341	25.5826595338724	11434.851	369.953	1421293.01
9.27642257886194	31.6887946489643	9672.759	624.309	2029587.79
17.153426277259	45.0613439509248	12426.962	1202.978	2377916
27.2794781764175	63.5583091533527	18637.409	1911.4	2818707.73
37.2829301736559	73.5704411436471	21242.524	2670.915	3253051.19
47.1562122750302	81.6315546947562	23764.378	3325.624	3683008.81
56.7001846398523	87.0151703878637	25626.403	4001.951	4103255.93
66.8709865032108	97.4765820187344	30047.633	5319.926	4535595.18
75.6943494445204	99.1160207071834	29350.208	7989.817	4923394.52
84.0416827666538	99.980920015264	31622.454	8849.021	5285374.32
90.594157524674	99.999820000144	30484.843	9991.727	5559217.86
