0.0012499990000008	0.0224999820000144	10.404	0.924	354.11
0.00150999879200097	0.0271799782560174	13.033	0.955	563.12
0.00204999836000131	0.0368999704800236	24.68	1.008	796.23
0.00377999697600242	0.0680399455680435	28.575	1.135	1395.11
0.00581999534400372	0.104399916480067	46.153	1.287	2090.42
0.00704999436000451	0.126899898480081	96.832	1.641	2512.45
0.0111899910480072	0.200879839296129	90.544	1.778	4646.67
0.0126299898960081	0.226439818848145	101.553	1.971	4996.35
0.0248399801280159	0.444059644752284	251.23	3.004	10145.07
0.0404899676080259	0.720359423712461	363.597	4.019	14558.3
0.0616499506800395	1.0945791243367	569.136	5.668	25237.86
0.0616999506400395	1.08053913556869	533.185	6.17	25953.34
0.10898991280807	1.89161848670521	1025.998	10.411	38956.48
0.142289886168091	2.41847806521755	1246.781	11.95	57832.85
0.307459754032197	5.13125589499528	2491.415	25.404	117815.78
0.478059617552306	7.71641382686894	3798.257	37.883	179809.76
0.599959520032384	8.41175327059738	4075.015	47.207	225136.25
0.645469483624413	9.72305222155822	4726.627	51.544	244049.33
1.27776897778482	15.598067521546	7368.851	98.598	464563.62
1.76507858793713	18.2384854092117	7992.834	128.554	564248.01
3.58294713364229	31.9092944725644	13791.181	273.285	1150384.16
4.81710614631508	30.8663753068998	12887.586	337.039	1368592.75
7.9730536215571	41.0667871465703	17624.288	568.157	1873248.18
9.95070203943837	33.7703129837496	14252.881	650.256	2064727.44
15.8388373289301	40.0359279712576	16489.124	1026.61	2312864.79
27.2836381730895	63.6299490960407	27426.646	1876.392	2817978.29
35.4406816474547	60.880271295783	26635.723	2335.869	3171233.16
47.1733022613582	82.0405143675885	36645.166	3256.726	3685155.56
54.5456063635149	78.2770773783381	34546.594	3658.711	4006302.06
66.5094067924746	95.2220838223329	44518.706	6126.856	4523964.54
75.048889960888	97.9125416699667	44049.571	13017.937	4889407.75
82.9132736693811	99.7256802194558	46119.809	16692.951	5233509.64
90.594967524026	99.999820000144	46240.389	20776.899	5558882.46
