0.000679999456000435	0.0122399902080078	6.319	1.007	346.07
0.00160999871200103	0.0289799768160185	15.936	1.148	534.98
0.00276999778400177	0.0498599601120319	21.6	1.276	1057.49
0.00316999746400203	0.0568799544960364	46.11	1.391	1182.09
0.00636999490400408	0.114659908272073	64.792	1.502	2375.79
0.00736999410400472	0.132299894160085	55.685	1.667	3179.63
0.0124099900720079	0.221759822592142	122.101	1.996	5402.29
0.0188999848800121	0.339119728704217	165.312	2.601	8155.5
0.0210499831600135	0.37457970033624	177.539	2.743	7797.79
0.0409599672320262	0.730799415360468	365.388	4.299	17842.12
0.0500999599200321	0.885419291664567	410.154	5.084	21535.96
0.0933099253520597	1.64267868585705	837.219	8.603	37674.25
0.14000988799209	2.43881804894556	1203.325	12.933	54629.12
0.158899872880102	2.70323783740973	1328.529	14.4	58045.89
0.269469784424172	4.47299642160286	2317.816	22.936	111093.85
0.3129697496242	4.98653601077119	2418.982	25.426	127862.69
0.39024968780025	5.9428752456998	2929.391	30.754	150027.83
0.691359446912442	9.56411234871012	4838.866	52.285	265947.49
1.4112488710009	17.3500061199951	8046.114	105.665	488729.22
1.82543853964917	18.8479649216281	8720.234	133.897	584540.56
3.5895571283543	31.9742744205805	14028.277	277.02	1154286.3
5.36337570929943	37.2252302198158	16469.234	393.878	1504356.43
8.07402354078117	42.7665257867794	17633.81	557.778	1883895.66
12.0999303200557	47.4436420450864	20853.276	854.686	2166142.51
17.0741063407149	44.6469842824126	18477.035	1152.259	2375647.69
27.2815381747695	63.6391290886967	27681.858	1989.212	2817559.11
37.2869901704079	73.5825011339991	31872.635	2623.244	3249969.52
45.8664933068054	72.5014219988624	31789.772	3083.3	3627890.46
57.1331642934686	91.0826271338983	40399.594	3998.035	4121448.44
64.9520080383936	89.2543685965051	41286.11	4417.845	4458993.02
74.8277401378079	97.5079019936784	43479.107	7232.968	4878095.58
83.2056434354853	99.8138801488959	45964.55	16987.209	5243463.17
90.575407539674	100.0	47349.593	20857.572	5560123.54
