0.000769999384000493	0.0138599889120089	6.152	0.89	430.48
0.00198999840800127	0.0358199713440229	12.569	1.021	836.43
0.00211999830400136	0.0381599694720244	16.395	1.038	796.23
0.0037499970000024	0.0674999460000432	24.945	1.175	1668.4
0.00497999601600319	0.0894599284320573	49.116	1.385	2122.58
0.00522999581600335	0.09377992497606	28.319	1.277	1969.85
0.0127099898320081	0.227879817696146	84.764	2.073	4739.11
0.0181099855120116	0.325799739360209	98.872	2.367	7295.38
0.0274299780560176	0.490499607600314	176.431	3.982	11254.41
0.0415799667360266	0.742499406000475	281.987	4.409	18983.66
0.0633899492880406	1.12121910302472	383.813	6.347	28417.28
0.0908999272800582	1.60127871897702	514.874	9.163	34000.37
0.14087988729609	2.45447803641757	843.505	14.81	55429.03
0.210049831960134	3.5926171259063	1189.445	20.607	81260.6
0.318309745352204	5.30333575733139	1880.663	28.398	136522.75
0.335899731280215	5.35769571384343	2036.948	29.378	121478.33
0.689369448504441	10.4455716435427	3653.795	60.087	256415.92
1.05527915577668	14.9140680687455	5758.565	113.46	383298.85
1.53814876948098	19.1928446457243	6549.503	129.32	535930.83
2.37965809627352	25.8526593178725	8115.535	198.463	812773.97
3.48048721561023	30.1555558755553	8860.387	295.518	1061463.27
4.88085609531512	31.4389548488361	8690.649	405.648	1383098.57
6.92671445862843	32.2755941795247	8637.642	528.814	1730568.98
11.5659107472714	41.5454067636746	11656.126	967.494	2130013.35
18.1056755154596	53.192297446162	15185.886	1451.21	2422984.28
27.2238582209134	62.6422898861681	19326.9	2208.273	2824669.98
34.0292827765738	57.0172943861645	16832.869	2665.556	3109234.51
45.7490434007653	72.0377423698061	21483.699	3527.13	3622213.44
57.1392742885806	91.1504870796103	28024.479	4736.906	4120941.25
66.1165171067863	93.3173253461397	28687.289	5644.458	4503885.24
75.7974393620485	99.2881005695195	31734.895	8702	4927629.19
83.6748830600935	99.926560058752	30787.058	9727.259	5259509.15
90.595167523866	99.999820000144	34195.16	11192.401	5558756.6
