0.000779999376000499	0.014039988768009	7.44	1.247	285.79
0.00209999832000134	0.0377999697600242	18.835	1.857	912.79
0.00212999829600136	0.0383399693280245	17.742	1.569	840.45
0.00397999681600255	0.0716399426880459	45.898	1.958	1588.01
0.00545999563200349	0.0980999215200628	43.616	2.105	2034.15
0.00817999345600524	0.147239882208094	66.313	2.64	3272.07
0.0129499896400083	0.232379814096149	104.04	3.598	5237.5
0.0183599853120118	0.329219736624211	251.185	4.038	7649.07
0.026629978696017	0.475919619264305	251.226	5.217	11085.58
0.0385099691920246	0.685259451792439	336.278	6.265	15792.25
0.0512099590320328	0.908099273520581	421.809	7.622	21535.96
0.0911199271040583	1.60253871796903	873.723	10.363	35527.79
0.14065988747209	2.44007804793756	1188.369	15.169	56273.18
0.198649841080127	3.39101728718617	1609.021	19.398	82735.94
0.279999776000179	4.65911627270698	2855.16	25.976	104384.11
0.477399618080306	7.68599385120492	3821.234	42.651	205335.43
0.560769551384359	8.42507325994139	4162.372	49.354	208419.7
1.05830915335268	14.9347680521856	7480.427	94.9	384224.19
1.58519873184101	20.0330839735328	9542.249	134.899	551862.2
2.3381281294975	25.1711798630561	11236.918	185.325	748994.85
3.37136730290616	28.8338169329465	13227.559	261.109	1061233.33
5.38704569036345	37.6282498974001	15837.004	409.264	1462274.84
7.06818434545252	33.0846935322452	13973.725	520.26	1775949.9
12.1170103063918	47.8454017236786	20093.663	897.386	2165065.01
17.9235356611715	50.6364794908164	21424.014	1296.24	2416468.61
27.2583181933454	63.2411494070805	27249.63	1970.25	2823999.17
36.3482509213993	64.7684481852415	27931.633	2601.418	3220930.35
46.2948229641416	74.5221003823197	32450.257	3316.011	3650917.14
53.7518369985304	76.4209188632649	33953.733	3716.661	3969376.16
63.4571492342806	85.7474314020549	37819.477	4458.698	4389585.6
75.01934998452	97.8545817163346	43293.159	5261.896	4887797.63
83.9339428528457	99.968320025344	44447.469	5825.956	5279466.76
90.590217527826	100.0	45537.163	6274.339	5559557.39
