0.000809999352000518	0.0145799883360093	7.799	1.063	410.38
0.00190999847200122	0.034379972496022	20.514	1.307	776.14
0.00285999771200183	0.0514799588160329	22.305	1.534	1366.97
0.00375999699200241	0.0676799458560433	31.12	1.776	1788.98
0.00471999622400302	0.084419932464054	36.366	1.873	2206.98
0.00486999610400312	0.0876599298720561	40.15	2.055	1969.85
0.0129499896400083	0.232739813808149	133.74	3.421	5157.12
0.0164699868240105	0.295739763408189	137.734	3.768	6692.48
0.0287799769760184	0.51569958744033	252.113	5.585	10739.92
0.0414499668400265	0.739439408448473	368.917	6.165	16861.4
0.045389963688029	0.805139355888515	458.059	6.638	16539.85
0.0932399254080597	1.64303868556905	803.702	10.701	40033.73
0.135049891960086	2.3390981287215	1166.926	14.488	50802.36
0.143009885592092	2.43539805168156	1222.827	16.057	57832.85
0.260199791840167	4.32701653838677	2151.73	24.613	113071.84
0.477539617968306	7.70723383421293	3727.226	42.453	179809.76
0.6252594997924	9.41039247168602	4772.09	54.943	228252.86
0.993479205216636	13.8844688924249	6836.236	84.27	402393.13
1.01141919086465	12.444110044712	6077.559	81.842	375156.14
2.30916815266548	24.5681803454557	11286.859	184.79	754638.12
3.55730715415428	31.5419147664682	13594.028	278.956	1088618.19
5.29513576389139	36.1931110455112	15502.457	415.677	1433641.29
6.73466461226831	31.263634989092	13202.821	477.277	1683271.07
11.6525806779355	42.258926192859	19183.333	877.72	2134654.92
18.1940554447556	54.4477964417628	23140.125	1332.707	2427340.58
27.2868081705535	63.5350891719287	27339.619	1945.008	2823248.66
35.6312414950068	61.5442907645674	27725.83	2498.721	3181731.85
45.4778936176851	71.0256031795175	30865.168	3206.951	3607832.32
56.8556245155004	88.2424094060725	38701.093	3989.277	4111759.01
64.6145783083374	88.3397893281685	39106.554	4536.666	4442335
74.5782403374077	97.0631223495021	42699.336	5178.976	4868816.89
83.6425230859815	99.9193600645119	45107.405	5886.786	5260800.58
90.594317524546	99.999820000144	44509.924	6199.868	5557481.99
