0.000979999216000627	0.0176399858880113	7.16	1.073	422.44
0.00198999840800127	0.0358199713440229	12.278	1.292	836.43
0.0028199977440018	0.0507599593920325	17.423	1.475	1182.09
0.00386999690400248	0.0694799444160445	23.321	1.734	1543.8
0.00605999515200388	0.10907991273607	38.161	2.191	2375.79
0.00896999282400574	0.161459870832103	53.413	2.658	3465
0.0128599897120082	0.230939815248148	104.597	3.687	4522.07
0.0148399881280095	0.26621978702417	93.349	3.977	5297.79
0.0278099777520178	0.497159602272318	187.316	5.031	11254.41
0.0378899696880243	0.675539459568432	241.781	6.296	17665.27
0.0433199653440277	0.767339386128491	263.993	6.41	17428.13
0.0942999245600604	1.65743867404906	597.505	11.396	37674.25
0.138229889416088	2.41235807011354	848.524	15.226	54629.12
0.143469885224092	2.44295804563356	887.941	15.658	57832.85
0.304479756416195	5.05853595317124	1818.382	31.055	118189.67
0.476459618832305	7.66403386877291	2749.978	45.993	201728.45
0.712159430272456	10.876851298519	3675.968	66.509	301148.14
1.00849919320065	14.1416886866491	4797.386	94.174	365653.88
1.51970878423297	18.9824248140601	6470.353	140.051	531265.9
2.33189813448149	24.9209800632159	7703.298	206.719	772926.29
3.5960771231383	32.1018943184845	10283.048	329.803	1092172.15
5.3157357474114	36.5417707665834	10726.88	456.811	1433536.23
8.08711353030918	42.7280058175953	12092.508	684.039	1917274.38
11.7445806043355	43.0647855481716	12008.873	954.613	2139920.81
18.1254554996356	53.4613972308822	15345.465	1508.201	2427650.98
26.8841384926892	58.4979732016214	16728.521	2205.156	2804146.15
36.5075807939354	65.7233474213221	20536.176	3010.455	3223479.39
47.1892922485662	82.2224942220046	24217.405	3930.875	3685960.68
57.0727243418205	90.3597477122018	29739.448	4692.069	4114463.34
66.8715965027228	97.4548020361584	30174.038	5452.252	4532052.32
73.503551197159	95.2130838295329	28958.874	5882.486	4825962.47
83.1924334460532	99.8086601530719	30226.233	6759.829	5242851.08
90.59153752677	99.999820000144	31773.765	7313.664	5557272.48
