0.000979999216000627	0.0176399858880113	10.671	1.124	442.54
0.00100999919200065	0.0181799854560116	8.844	1.027	402.34
0.00210999831200135	0.0379799696160243	23.641	1.147	981.12
0.00277999777600178	0.050039959968032	25.305	1.216	1093.66
0.00574999540000368	0.103319917344066	55.395	1.524	2090.42
0.00701999438400449	0.126359898912081	53.662	1.922	3099.24
0.0115199907840074	0.206999834400132	103.406	1.984	4397.49
0.0184999852000118	0.332279734176213	173.387	2.683	7295.38
0.0223399821280143	0.398159681472255	218.989	2.84	9156.31
0.0267299786160171	0.478259617392306	230.088	3.446	11797
0.0476799618560305	0.842399326080539	442.183	4.813	17492.46
0.0936199251040599	1.64555868355305	1472.456	9.253	35829.26
0.118559905152076	2.05127835897731	942.508	11.119	51168.13
0.207809833752133	3.56021715182628	1803.974	17.345	85461.49
0.305999755200196	5.10407591673927	2436.882	26.098	123781.98
0.314439748448201	5.0018359985312	2410.23	25.48	127862.69
0.482159614272309	7.25417419666064	3536.541	37.605	189118.31
0.862379310096552	11.8855704915436	5622.592	67.466	338560.53
1.58579873136101	20.0341639726688	9395.115	120.895	554490.65
2.06645834683332	17.7890257687794	7725.607	148.027	700143.71
2.39873808100954	26.0992591205927	12239.333	179.006	833443.6
5.29833576133139	36.2917509665992	15448.744	381.144	1434886.31
8.06591354726916	42.4247060602352	18518.541	570.012	1933286.29
10.3236817410546	35.0711719430624	14817.666	684.2	2077473.56
16.6410466871626	42.7602257918194	17831.622	1127.204	2349618.92
26.1418190865447	53.6595770723383	23355.065	1750.585	2778629.08
37.0173403861277	69.8262641389887	30053.523	2530.968	3243638.32
46.6107827113738	76.4315388547689	33083.242	3188.707	3662128.71
55.2916357666914	80.4244756604195	35309.729	3777.053	4035764.71
66.0922271262183	93.2059054352757	40551.774	5478.602	4502950.3
75.9751892198486	99.6061603150717	44746.979	15698.505	4932660.46
84.0979227216618	99.989920008064	45910.951	17694.329	5282733.03
90.5461575630739	99.999640000288	45668.177	20979.567	5556513.71
