0.000729999416000467	0.0131399894880084	5.791	1.34	285.79
0.00099999920000064	0.0179999856000115	7.873	1.102	442.54
0.00180999855200116	0.0325799739360208	12.093	1.291	739.96
0.0106599914720068	0.191339846928122	73.632	2.961	4775.29
0.0186599850720119	0.333179733456213	130.37	3.884	6604.06
0.0277399778080178	0.496439602848318	214.49	5.057	11567.92
0.0355299715760227	0.632519493984405	229.554	5.921	14759.27
0.0616499506800395	1.0979991216007	429.749	8.427	24578.68
0.0750899399280481	1.32173894260885	494.252	9.63	32050.91
0.198719841024127	3.39533728373017	1301.981	21.665	75600.51
0.211829830536136	3.51323718941025	1259.375	22.662	86056.47
0.665069467944426	10.0826919338465	3441.15	63.166	281379.53
0.90686927450458	12.501889998488	4474.57	84.445	354249.08
1.59885872091302	20.305243755805	6942.438	146.709	543807.86
1.77536857970514	18.3565653147477	5719.485	155.362	565962.8
5.37538569969144	37.3670701063439	10678.124	450.446	1520424.97
12.1383302893358	48.0122615901907	13533.767	1035.531	2155950.04
16.3199569440344	41.5747467402026	11934.412	1315.504	2333661.22
27.2693581845135	63.3088293529365	23286.145	2342.707	2826888.13
36.7662805869755	67.5530459575632	19896.464	3007.613	3231923.64
57.0327543737965	89.9317080546336	27168.166	4758.493	4117419.19
66.3494969204025	94.3859844912124	29284.743	6018.323	4522316.7
75.3219297424562	98.420681263455	30857.031	6072.457	4900103.58
83.0544935564051	99.7739201808639	31109.53	6651.574	5237304.06
90.536647570682	100.0	30661.515	7180.975	5560253.5
