0.00116999906400075	0.0210599831520135	11.239	1.111	454.6
0.00138999888800089	0.025019979984016	11.927	1.14	494.79
0.00246999802400158	0.0444599644320285	20.22	1.223	981.12
0.00287999769600184	0.0518399585280332	22.04	1.254	1190.12
0.0034399972480022	0.0619199504640396	27.907	1.25	1314.72
0.00873999300800559	0.1569598744321	85.018	1.848	3573.52
0.012509989992008	0.224999820000144	196.728	2.157	4996.35
0.0192099846320123	0.344699724240221	156.742	2.583	8609.7
0.0269599784320173	0.481859614512308	255.263	3.167	11913.56
0.040599967520026	0.724499420400464	348.193	4.313	15945
0.0489999608000314	0.866339306928554	440.249	5.472	17492.46
0.0913399269280585	1.60577871537703	848.031	8.384	32448.82
0.132729893816085	2.30957815233748	1243.51	12.106	50802.36
0.208539833168133	3.56669714664228	1755.666	18.165	83226.37
0.274689780248176	4.54481636414691	2208.255	23.381	105598.21
0.463419629264297	7.45703403437277	3711.774	36.729	183746.26
0.568379545296364	7.98101361518911	3905.319	46.376	221263.68
0.705159435872451	10.7780313775749	5216.069	56.925	278978.42
1.58676873058502	20.0629639496288	9541.186	123.571	548589.71
2.21173823060942	23.3045813563349	10381.871	160.657	769832.52
2.82632773893781	23.2957613633909	10151.943	205.726	893983.87
4.60207631833895	29.1090367127706	11904.432	319.501	1330597.18
7.9722536221971	41.1278070977543	17186.574	558.004	1873856.81
12.1323902940878	48.0027215978227	20363.79	852.048	2156188.78
17.3524861180111	46.1715830627335	19071.52	1168.011	2388146.35
27.1899782480174	62.1712302630158	26632.13	1862.172	2821110.28
36.4619108304713	65.4373276501379	28586.145	2460.88	3222947.05
47.1310322951742	81.24527500378	35881.245	3617.42	3681688.2
57.1073043141566	90.7350474119621	40242.197	3951.56	4122999.87
64.9802880157696	89.4034084772732	39592.568	4585.352	4448477.53
74.4867304106157	96.90616247507	44485.127	7048.152	4865248.67
84.0593427525258	99.986860010512	46345.048	17672.692	5274699.64
90.59423752461	99.999820000144	47424.091	20623.685	5557515.52
