0.000689999448000442	0.0124199900640079	7.053	1.2	269.71
0.00201999838400129	0.0363599709120233	28.195	1.867	796.23
0.00302999757600194	0.0545399563680349	25.101	1.624	1214.24
0.00363999708800233	0.0653399477280418	55.221	1.868	1696.53
0.00619999504000397	0.111419910864071	48.678	2.559	2584.8
0.0089099928720057	0.159839872128102	75.194	2.846	3641.85
0.0127799897760082	0.229499816400147	124.95	3.369	5225.45
0.0193599845120124	0.346859722512222	199.334	4.268	7673.19
0.0276199779040177	0.493199605440316	251.603	5.099	10960.99
0.0413899668880265	0.737639409888472	329.465	6.457	17982.8
0.0605499515600387	1.07369914104069	579.919	8.85	21801.26
0.0949499240400608	1.67183866252907	882.295	11.114	40033.73
0.103999916800067	1.80881855294516	884.563	11.421	36842.18
0.182899853680117	3.11129751096199	1646.344	18.268	73144.36
0.309209752632198	5.1560958751233	2653.209	28.6	107238.46
0.454539636368291	7.28945416843667	3788.445	41.339	170501.42
0.696039443168445	9.64673228261417	4718.578	60.562	270335.35
0.710369431704455	10.8190713447429	5361.867	61.147	294986.17
1.60330871735303	20.351143719085	9714.205	134.03	560544.66
2.15935827251338	22.5959219232625	10548.361	165.671	716869.48
3.56436714850628	31.6581946734443	13572.79	279.89	1093890.69
5.38450569239545	37.6336498930801	16247.653	416.423	1474080.84
7.94739364208509	40.5354275716579	16813.544	589.364	1860630.19
12.0969303224557	47.4836020131184	20160.623	880.27	2167920.37
18.0172755861795	51.7335786131371	22302.383	1301.22	2418473.01
27.2822381742095	63.5217691825847	27342.641	1978.843	2823097.87
37.2881801694559	73.6005011195991	32002.305	2682.997	3248254.71
47.2231522214782	82.4253540597168	35968.576	3418.736	3678799.32
53.3599673120261	75.6028195177444	33471.768	3705.976	3952504.46
65.2089078328737	90.0222479822016	41815.903	4648.981	4470053.59
75.8514093188725	99.3831404934876	43466.082	5338.936	4928652.06
83.4871732102614	99.8880400895679	44466.951	5906.983	5252603.76
90.587747529802	100.0	45273.553	6302.074	5559649.87
