0.000949999240000608	0.0170999863200109	6.696	1.106	370.19
0.00197999841600127	0.0356399714880228	12.479	1.287	864.56
0.00295999763200189	0.0532799573760341	21.031	1.952	1121.8
0.00543999564800348	0.0977399218080626	43.335	2.099	2496.37
0.00650999479200417	0.116279906976074	41.218	2.321	2375.79
0.0128599897120082	0.230939815248148	86.704	3.257	5542.97
0.0192399846080123	0.345599723520221	118.465	4.026	7673.19
0.0277299778160177	0.496979602416318	188.074	5.233	11085.58
0.0586599530720375	1.04021916782467	388.779	9.114	22753.85
0.0951399238880609	1.67579865936107	608.451	12.82	40033.73
0.120879903296077	2.09681832254534	871.313	16.003	50649.6
0.206519834784132	3.52529717976226	1258.853	22.091	78965.21
0.307839753728197	5.12495590003528	1833.373	32.296	107238.46
0.451309638952289	7.25273419781264	2470.766	45.631	166339.88
0.708769432984454	10.8295113363909	3743.284	68.704	269144.88
1.05846915322468	14.9365680507456	5139.757	102.969	384155.78
1.34619892304086	14.3382485294012	4492.222	119.617	484403.01
1.50708879432896	18.778304977356	8679.867	136.693	552916.79
8.07516353986917	42.7821857742514	11816.982	683.247	1884090.39
11.4431908454473	40.637307490154	11532.381	935.622	2125661.09
15.0337579729936	37.9277696577843	11043.236	1170.413	2281263.89
47.2468522025182	82.877333698133	24855.774	3943.901	3694643.82
55.4813256149395	81.0370151703879	24436.985	4569.591	4044162.93
66.6715366627707	96.1886830490536	29027.213	5546.405	4530601.73
74.4413004469596	96.827682537854	29012.689	5951.09	4863571.67
83.7528929976856	99.94240004608	30574.294	6754.159	5268003.63
