0.000809999352000518	0.0145799883360093	5.583	0.894	350.09
0.00198999840800127	0.0358199713440229	12.489	1.234	836.43
0.00241999806400155	0.0435599651520279	17.356	1.27	1037.39
0.00397999681600255	0.0716399426880459	22.67	1.326	1620.17
0.00534999572000342	0.0961199231040615	31.984	1.325	2182.87
0.00816999346400523	0.146879882496094	58.8	1.531	3561.46
0.0129599896320083	0.231479814816148	91.036	1.988	5792.16
0.0201299838960129	0.360899711280231	120.814	2.539	8091.2
0.026529978776017	0.475019619984304	181.943	3.557	10735.91
0.028149977480018	0.500939599248321	164.329	3.277	11636.24
0.0454899636080291	0.806579354736516	279.663	4.827	16539.85
0.0957599233920613	1.68407865273708	558.123	9.117	39724.23
0.141559886752091	2.46401802878558	901.226	13.346	55031.08
0.20328983736813	3.46967722425822	1168.298	18.284	77763.24
0.23434981252015	3.89195688643449	1351.376	21.789	81726.92
0.472419622064302	7.61003391197287	2671.14	41.822	199388.14
0.698269441384447	10.6435714851428	4302.27	60.017	270122.17
0.962419230064616	13.3556293154965	4644.583	85.253	351167.63
1.39609888312089	14.7839281728575	6220.173	117.027	495852.48
1.60210871831303	20.324143740685	6818.103	138.4	573595.03
3.40279727776218	29.1972366422107	8449.482	284.915	1064839.28
3.87168690265048	24.5672803461757	6951.165	308.241	1120279.41
8.07690353847717	42.5692459446032	12251.986	662.372	1919466.48
11.6015707187434	41.8463665229068	11506.654	923.765	2131694.53
18.0849955320036	52.8537177170258	16334.526	1401.944	2425927.59
27.2071982342414	62.429170056664	17989.717	2200.308	2821709.77
37.2731201815039	73.384501292399	21774.549	2986.641	3262547.83
46.829352536518	78.104457516434	23455.672	3758.852	3676698.75
56.9203144637484	88.8425289259769	26705.237	4638.698	4115729.75
66.1502870797703	93.4381052495158	28544.919	5644.131	4521427.89
75.8895692883446	99.4578404337277	29873.159	8805.699	4929557.85
83.7854929716056	99.947620041904	30958.364	9478.13	5270381.05
90.5341775726579	99.999640000288	30710.573	10655.299	5556115.23
