0.000819999344000525	0.0147599881920094	7.513	0.973	269.71
0.00181999854400116	0.032759973792021	22.077	1.275	776.14
0.0023399981280015	0.042119966304027	19.414	1.066	840.45
0.00403999676800259	0.0727199418240465	30.424	1.164	1596.05
0.00435999651200279	0.07811993750405	35.937	1.292	1588.01
0.0090599927520058	0.162719869824104	103.61	1.8	4015.64
0.0096799922560062	0.173339861328111	74.348	1.596	3629.79
0.0190499847600122	0.341279726976218	157.863	2.36	8456.95
0.0276899778480177	0.494819604144317	234.662	2.981	9719.03
0.0417499666000267	0.744839404128477	394.672	4.169	16861.4
0.0621899502480398	1.1014191188647	540.463	5.976	24847.99
0.0947099242320606	1.66535866771307	856.022	8.207	35829.26
0.121179903056078	2.10617831505735	1007.5	11.029	49146.25
0.183149853480117	3.11633750692999	1565.771	15.858	73144.36
0.283769772984182	4.71005623195501	2341.658	24.276	111829.56
0.369439704448236	5.60411551670759	2768.523	29.146	147374.23
0.386039691168247	6.15365507707594	3083.524	32.47	157080.1
0.980259215792627	13.6355290915767	6657.45	76.736	367194.67
1.26228899016881	15.3955676835459	7246.688	93.881	447727.22
1.53246877402498	16.0144071884742	7058.258	108.432	547325.82
3.39203728637017	29.0831167335066	12495.336	240.394	1063806.68
3.93027685577852	24.8779600976319	10272.779	278.479	1138089.11
8.08602353118117	42.7269258184593	17634.066	567.888	1918009.13
10.4497916401667	35.5668915464868	14708.363	668.409	2083729.19
15.9030172775862	40.2297878161697	17173.098	1035.421	2315737.03
27.2393782084974	62.8465897227282	27111.652	1889.785	2822296.96
36.1109411112471	63.5653291477367	27154.79	2402.876	3211886.54
46.2681329854936	74.3757604993916	32460.935	3125.113	3649806.11
57.0159543872365	89.7410882071294	39167.385	3937.254	4111641.47
65.8323873340901	92.113666309067	40939.112	5383.979	4504103.03
75.5032095974323	98.7621409902872	44128.972	15643.3	4911411.39
83.3625133099894	99.8567201146239	45298.834	17077.695	5250008.35
90.596327522938	99.999820000144	46178.588	20877.805	5558203.28
