0.000989999208000634	0.0178199857440114	3.663	1.275	402.34
0.00166999866400107	0.0298799760960191	4.715	1.393	739.96
0.00306999754400196	0.0548999560800351	7.137	1.828	1049.45
0.00373999700800239	0.0673199461440431	11.131	1.785	1620.17
0.00469999624000301	0.0845999323200541	10.293	1.989	2206.98
0.00846999322400542	0.151919878464097	18.596	2.644	3135.42
0.00925999259200593	0.166139867088106	22.113	2.86	3432.85
0.0188699849040121	0.338939728848217	42.217	4.945	8155.5
0.0247699801840159	0.440999647200282	46.947	5.624	10145.07
0.0335499731600215	0.595799523360381	78.457	5.305	14381.46
0.0430799655360276	0.76499938800049	86.403	6.031	17428.13
0.0568999544800364	0.998999200800639	113.822	8.447	22850.33
0.113159909472072	1.96127843097726	239.5	13.129	47904.17
0.141519886784091	2.41415806867355	288.303	15.433	57832.85
0.308629753096198	5.1512358790113	607.4	28.589	117232.84
0.466239627008298	7.51571398742881	842.723	42.291	187007.28
0.545189563848349	8.17757345794123	1018.473	47.133	189785.81
0.846739322608542	11.6710106631915	1366.397	71.855	317703.88
1.59121872702502	20.0874439300449	2164.98	131.698	560512.47
2.08919832864134	17.9395056483955	1644.852	154.316	708387.65
2.40021807982554	26.1633390693287	2671.647	197.822	815010.1
5.04327596537923	33.0027935977651	2836.878	374.689	1413553.1
7.33603413117269	34.8038721569023	3077.774	549.117	1800829.07
12.1219803024158	47.9345016523987	4323.934	886.5	2162348.1
18.0803255357396	52.7568777944978	5115.019	1325.948	2427047.05
27.2812981749615	63.5183491853207	6363.419	1988.894	2823030.66
36.9471104423116	69.1858246513403	7782.463	2664.158	3242523.04
47.2617121906302	83.0321335742931	9076.863	3371.74	3683382.06
56.320244943804	84.6492522805982	9535.35	4066.843	4084660.98
66.0802371358103	93.1634254692596	11463.909	4827.814	4502560.13
73.7955509635592	95.7079034336773	11612.74	5369.938	4837228.51
83.9535628371497	99.971020023184	12825.431	5896.638	5269496.3
90.579697536242	99.999820000144	12880.848	6295.023	5556953.72
