0.00103999916800067	0.018719985024012	6.828	0.928	434.5
0.00188999848800121	0.0340199727840218	25.387	1.014	699.77
0.00238999808800153	0.0430199655840275	14.177	1.013	1037.39
0.00393999684800252	0.0709199432640454	22.043	1.226	1624.19
0.00594999524000381	0.106919914464068	33.27	1.369	2424.02
0.0084299932560054	0.150839879328097	54.137	1.557	3183.65
0.00888999288800569	0.159299872560102	65.086	1.599	3465
0.0181399854880116	0.325979739216209	138.571	2.459	7295.38
0.0210599831520135	0.377279698176241	166.312	3.243	7371.74
0.0411799670560264	0.73403941276847	225.966	4.537	18983.66
0.0632299494160405	1.12247910201672	419.264	6.782	26909.97
0.0886099291120567	1.53953876836899	562.115	8.392	34189.29
0.0951099239120609	1.67201866238507	586.129	9.4	36842.18
0.133809892952086	2.28059817552146	796.808	12.137	50967.15
0.189269848584121	3.13865748907401	1125.353	17.126	75897.99
0.279829776136179	4.47911641670687	1511.497	25.818	112890.93
0.710829431336455	10.879911296071	4261.038	60.499	262368.1
1.06183915052868	15.0240479807616	7162.271	96.283	391747.52
1.555088755929	19.4448444441244	6603.9	135.899	538909.35
2.1839382528494	22.9046216763027	7136.33	190.866	733431.11
3.56432714853828	31.6540546767563	9322.756	303.014	1093374.28
4.88059609552312	31.4349948520041	8845.474	451.072	1383054.11
8.07693353845317	42.5766259386993	11855.628	661.633	1919949.56
9.92149206280635	33.6727530617976	9505.314	728.02	2062832.37
14.9183580653135	37.6606498714801	11222.611	1127.243	2275645.63
26.4645788283369	55.4106156715075	15795.672	2071.849	2790125.65
36.8058005553596	67.9036856770515	21461.006	2974.235	3233952.93
45.338333729333	70.5522035582372	21081.982	3594.392	3601455.03
57.1734642612286	91.7410666071467	27474.148	5589.021	4124874.12
66.5211167831066	95.287423770061	28746.635	5783.567	4525108.99
73.9396408482873	95.9822232142214	29253.932	6169.227	4844385.43
83.8917828865737	99.96310002952	30162.469	9601.095	5267450.25
90.594057524754	99.999820000144	33345.433	10733.141	5559138.23
