0.00104999916000067	0.0188999848800121	4.389	0.927	434.5
0.00214999828000138	0.0385199691840247	5.482	1.048	792.21
0.00288999768800185	0.0518399585280332	14.708	1.047	1366.97
0.00376999698400241	0.0676799458560433	8.74	1.142	1712.61
0.00542999565600348	0.0973799220960623	12.312	1.314	2034.15
0.00857999313600549	0.154079876736099	25.896	1.571	3465
0.0121699902640078	0.21797982561614	25.486	1.698	5253.58
0.0137199890240088	0.246059803152157	28.363	2.055	5008.4
0.028199977440018	0.504719596224323	54.07	2.957	10960.99
0.0416099667120266	0.739979408016474	80	4.181	16821.2
0.0633099493520405	1.11959910432072	126.795	6.009	23879.29
0.0681299454960436	1.19717904225677	144.301	6.766	24630.93
0.119209904632076	2.06243835004932	262.878	9.859	51168.13
0.178489857208114	3.04847756121795	382.429	15.323	76139.19
0.285949771240183	4.75865619307505	531.261	24.287	111829.56
0.367729705816235	5.58899552880358	692.285	29.631	145633.3
0.467909625672299	7.53461397230882	942.279	38.562	184084.02
0.599869520104384	8.41157327074138	1023.461	46.026	224898.99
1.58689873048102	20.0523439581248	2382.131	120.015	550215.87
1.76844858524113	18.2842053726357	2057.261	128.491	564912.17
3.4415772467382	22.3525621179503	3373.87	243.899	1045334.15
3.5955271235783	32.0642743485805	3697.047	265.226	1155073.22
6.39606488314809	29.665956267235	5371.937	434.495	1626949.03
11.4647508281993	40.7980473615621	8560.577	789.522	2126675.94
18.0672955461636	52.4737380210096	11969.289	1222.327	2425805.99
27.2840081727935	63.6427290858167	16566.34	1887.221	2816741.41
36.0740611407511	63.3837092930326	20247.544	2485.616	3209207.33
47.2532521973982	83.0515735587412	25937.291	3302.171	3698207.6
57.1441042847166	91.3742269006185	30091.566	3979.141	4125230.35
66.8672265062188	97.4567820345744	33714.323	6819.319	4537851
74.977390018088	97.7854617716306	38514.211	10835.485	4885705.39
83.7168830264936	99.932320054144	39760.361	15069.047	5260888.49
90.5361875710499	100.0	40633.282	18412.747	5560253.58
