0.000969999224000621	0.0174599860320112	29.578	1.128	410.38
0.00168999864800108	0.0304199756640195	5.116	1.158	731.93
0.00291999766400187	0.0525599579520336	6.906	1.178	1182.09
0.00294999764000189	0.0529199576640339	7.322	1.228	1121.8
0.00580999535200372	0.104219916624067	12.85	1.377	2424.02
0.00852999317600546	0.152999877600098	16.727	1.675	3641.85
0.0118699905040076	0.213119829504136	24.353	1.829	4956.15
0.0169699864240109	0.304559756352195	34.34	2.404	6893.45
0.0252799797760162	0.450719639424288	49.03	2.831	10145.07
0.0389599688320249	0.68777944977644	113.515	3.804	15342.09
0.0409399672480262	0.730439415648467	79.686	4.326	18983.66
0.0938599249120601	1.65059867952106	219.336	8.25	39724.23
0.137839889728088	2.40263807788954	263.354	12.222	56273.18
0.17126986298411	2.91293766964986	311.615	14.947	71307.27
0.18813984948812	3.122457502034	393.83	16.449	75897.99
0.366409706872235	5.83613533109173	704.453	29.458	128325.03
0.693449445240444	10.5564515548388	1226.263	55.537	250109.9
0.869579304336557	11.9919504064397	1365.496	68.346	344268.67
1.60101871918502	20.308843752925	2379.476	128.221	578401.52
2.3398981280815	25.1808998552801	2566.73	176.912	751379.43
2.85148771880983	23.514821188143	2092.204	214.021	909932.5
5.38708569033145	37.6250098999921	3382.979	392.364	1462311.22
7.82449374040501	39.066988746409	3336.629	557.955	1855895.9
12.0207803833757	46.3053229557416	4244.027	841.063	2162151.11
18.1760854591316	54.0998567201146	5092.868	1263.398	2430367.78
27.2763681789055	63.4413092469526	6178.056	1941.667	2823290.56
37.2864101708719	73.514821188143	7711.544	2604.918	3258426.31
45.5296135763091	71.2146030283176	8011.481	3200.448	3610343.73
56.1249951000039	83.6261330990935	9445.481	3930.135	4077587.83
65.9967772025782	92.8250257399794	11284.425	5519.502	4499717.55
75.4212396630083	98.6024811180151	12019.811	9904.989	4904618.94
84.0169627864298	99.978580017136	12969.232	10266.828	5284892.17
90.591027527178	99.999820000144	13186.443	10925.857	5557213.73
