0.00116999906400075	0.0210599831520135	4.127	1.197	438.52
0.00205999835200132	0.0370799703360237	5.389	1.296	731.93
0.00282999773600181	0.0509399592480326	6.89	1.483	1049.45
0.0040699967440026	0.0725399419680464	9.64	1.757	1788.98
0.00521999582400334	0.09377992497606	11.411	1.961	2034.15
0.00899999280000576	0.161819870544104	18.17	2.826	3641.85
0.0111499910800071	0.200159839872128	23.3	3.202	4586.38
0.0198499841200127	0.356039715168228	40.708	3.796	7295.38
0.0269699784240173	0.482579613936309	53.098	4.494	12448.14
0.0305899755280196	0.545219563824349	58.693	5.281	11045.39
0.0616799506560395	1.0952991237607	120.787	7.517	24578.68
0.0747399402080478	1.31561894750484	141.846	10.093	26049.8
0.120759903392077	2.09141832686534	246.055	12.398	51168.13
0.211689830648135	3.62411710070632	420.042	21.079	83407.28
0.315189747848202	5.26571578742737	656.35	30.029	121920.55
0.363949708840233	5.80445535643571	657.839	32.271	128325.03
0.707589433928453	10.7888313689349	1318.709	61.604	278849.72
0.992859205712635	13.8702489038009	1706.382	86.05	400787.82
1.46718882624894	18.1619854704116	2142.199	121.764	525788.01
1.85405851675319	19.1100447119642	2238.147	148.367	608047.19
3.54143716685027	31.289194968644	3730.82	278.191	1070946.09
3.70760703391437	23.7288410169272	3478.889	265.557	1086520.54
8.05669355464516	42.2886261690991	7303.199	594.212	1928296.44
12.1136703090638	47.7962617629906	9760.311	881.525	2165169.87
18.1865654507476	54.3219765424188	12567.279	1313.279	2430653.04
27.2723581821135	63.4180892655286	16579.416	1951.386	2823936.22
37.2608301913358	73.2262814189749	21235.821	2694.433	3263524.64
46.939022448782	79.1162367070106	28911.221	3349.308	3680283.39
57.0973043221565	90.682307454154	29327.299	4090.33	4115654.08
66.5258667793066	95.329723736221	33587.975	4670.785	4526002.06
75.8763392989286	99.4312004550396	36175.554	5316.205	4929234.97
83.1388634889092	99.7991201607039	35964.726	5807.904	5239647.88
90.580447535642	99.999820000144	39827.816	6351.586	5556962.3
