0.000929999256000595	0.0167399866080107	3.965	1.256	442.54
0.0010999991200007	0.0197999841600127	3.992	1.251	422.44
0.00319999744000205	0.0575999539200369	7.475	1.707	1182.09
0.00379999696000243	0.0683999452800438	10.134	1.824	1821.13
0.00572999541600367	0.103139917488066	12.563	2.166	2432.06
0.00880999295200564	0.158399873280101	17.714	2.64	3641.85
0.00949999240000608	0.170459863632109	19.377	2.853	3432.85
0.0183599853120118	0.32813973748821	36.013	4.386	7295.38
0.028109977512018	0.503279597376322	74.62	4.871	11085.58
0.0404299676560259	0.71873942500846	82.242	6.599	16861.4
0.0516599586720331	0.915299267760586	99.092	7.294	22271.51
0.0927299258160593	1.63313869348905	183.235	11.657	37465.23
0.14070988743209	2.44781804174557	501.487	15.311	62206.37
0.179919856064115	3.05225755819395	334.759	18.47	76139.19
0.300399759680192	4.79609616312307	529.922	26.95	113039.69
0.310089751928198	5.19209584632332	537.172	28.683	127050.58
0.575089539928368	8.07335354131717	907.033	48.412	221263.68
0.699069440744447	10.6329514936388	1171.588	62.612	277212.81
1.59039872768102	20.1409038872769	2107.368	135.555	610817.08
2.36762810589752	25.6355794915364	2466.764	191.557	796340.25
3.57885713691429	31.8394545284364	3030.007	284.385	1144944.73
4.32772653781877	27.1803382557294	2294.306	317.794	1252399.95
8.04109356712515	42.0224063820749	3816.942	601.654	1929461.7
8.96616282706974	30.8296553362757	2653.88	609.643	1997071.4
18.1030955175236	53.108417513266	5221.409	1369.218	2422544.12
25.1680598655521	49.985780011376	4992.174	1763.441	2728248.32
36.9970904023277	69.6426642858686	7287.362	2647.18	3244569.16
47.1576022739182	81.6781746574603	8728.091	3376.569	3683235.34
56.9957944033645	89.5427283658173	10057.435	4040.904	4118173.9
66.5889767288186	95.6767634585892	11633.931	4684.616	4531322.67
74.7446102043118	97.3624621100303	11717.051	5270.829	4875424.69
83.3181233455013	99.8457401234079	12802.776	5784.267	5245350.03
90.577297538162	99.999820000144	12837.611	6342.722	5556903.51
