0.000969999224000621	0.0174599860320112	16.896	1.101	346.07
0.00117999905600076	0.0212399830080136	3.898	1.107	442.54
0.00304999756000195	0.0548999560800351	7.519	1.206	1475.47
0.00315999747200202	0.0568799544960364	8.429	1.235	1182.09
0.00503999596800323	0.0905399275680579	10.502	1.341	2122.58
0.00820999343200525	0.147419882064094	17.541	1.632	3272.07
0.0130399895680083	0.23363981308815	47.189	1.945	5100.85
0.0163399869280105	0.292499766000187	33.979	2.646	6692.48
0.0274799780160176	0.491759606592315	55.772	3.13	10647.48
0.0382099694320245	0.679139456688435	71.319	4.112	15792.25
0.0541099567120346	0.957959233632613	149.415	5.128	22098.68
0.0934099252720598	1.63907868873705	177.866	8.164	37674.25
0.133759892992086	2.27915817667346	268.523	12.049	50967.15
0.139559888352089	2.42549805960155	273.31	12.529	53527.71
0.220089823928141	3.65237707809834	391.301	19.093	83921.83
0.449089640728287	7.21331422934862	943.581	36.662	168438.72
0.630839495328404	9.50669239464608	1075.869	52.011	228252.86
0.674019460784431	9.33605253115797	1117.157	56.809	254956.04
1.59442872445702	20.1932838453729	2210.117	127.127	560435.98
2.36940810447352	25.7426794058565	2740.983	179.989	784798.14
3.5910371271703	32.0757943393645	3067.646	264.304	1112984.95
5.39057568753945	37.6817098546321	3469.146	410.413	1470684.5
8.06006355194916	42.2772861781711	3678.939	587.832	1927257.1
12.0252203798237	46.3946028843177	5105.498	845.912	2162457.25
18.1888254489396	54.4836164131069	5124.294	1326.13	2417105.91
24.927480058016	49.2636205891035	4930.587	1648.04	2718479.18
37.2682701853839	73.3155613475509	7927.684	2638.174	3262912.63
47.2321122143102	82.7196538242769	8974.524	3272.03	3697084.06
56.7668345865323	87.490010007992	10336.227	3957.295	4091579.11
66.1380470895623	93.3736653010678	10873.788	5749.564	4520924.6
75.8341993326405	99.3547005162396	11968.256	9482.687	4928325.07
82.881503694797	99.7048002361598	12632.183	10538.361	5228838.98
90.5376775698579	100.0	12964.536	10859.036	5560249.37
