0.00074999940000048	0.0134999892000086	6.244	1.072	269.71
0.00208999832800134	0.0376199699040241	13.383	1.362	796.23
0.00329999736000211	0.059399952480038	21.063	1.563	1475.47
0.00409999672000262	0.0736199411040471	28.453	1.761	1620.17
0.0090599927520058	0.162359870112104	57.933	2.677	3629.79
0.0134399892480086	0.241379806896154	81.023	3.482	5904.69
0.0152099878320097	0.270899783280173	127.418	3.666	5297.79
0.0269099784720172	0.481319614944308	172.604	4.97	10185.26
0.0425199659840272	0.756539394768484	356.415	6.434	17387.94
0.0477399618080306	0.839339328528537	273.732	6.919	20426.62
0.142609885912091	2.42315806147355	908.734	17.251	57832.85
0.275119779904176	4.55813635349092	1765.308	27.424	105763.04
0.695069443944445	10.5944315244548	3803.35	69.666	241491.61
1.06652914677668	15.0616679506656	5251.19	96.83	432501.18
3.57201714238629	31.7078746337003	9514.615	329.357	1091663.84
4.86703610637112	31.316554946756	8670.244	410.474	1382165.15
8.08564353148518	42.7976657618674	12268.41	701.283	1884346.09
17.2905861675311	45.8108633513093	12926.429	1446.285	2384670.58
45.8877932897654	72.5923219261425	21917.811	3722.505	3628984.78
57.1094643124285	90.8374673300261	28555.443	4669.371	4118190.65
90.5289675768259	99.999820000144	31815.37	7370.511	5560232.59
