0.00088999928800057	0.0160199871840103	3.18	0.918	374.21
0.00134999892000086	0.0242999805600156	8.59	0.963	494.79
0.00295999763200189	0.0532799573760341	7.581	1.299	1250.41
0.00401999678400257	0.0723599421120463	9.505	1.103	1543.8
0.00582999533600373	0.104759916192067	13.188	1.405	2729.49
0.00837999329600536	0.150119879904096	17.433	1.433	3400.69
0.0101399918880065	0.181619854704116	20.679	1.619	4152.3
0.0122699901840079	0.220139823888141	24.1	1.715	5542.97
0.0165799867360106	0.296099763120189	33.993	2.032	6837.18
0.0413399669280265	0.735479411616471	90.136	3.948	14558.3
0.0505299595760323	0.889199288640569	108.377	4.98	20426.62
0.0622499502000398	1.10537911569671	143.555	5.893	21801.26
0.138679889056089	2.40875807299354	297.855	12.107	53081.51
0.207449834040133	3.55355715715427	422.605	17.481	88866.47
0.315099747920202	5.26229579016337	572.785	26.099	120617.94
0.470789623368301	7.58609393112486	1007.435	37.636	194844.29
0.70260943791245	10.7353714117029	1209.302	56.808	262605.4
0.754239396608483	10.4009316792547	1294.178	56.975	266639.26
1.563858748913	19.7198842240926	2272.848	119.69	517508.97
2.13394829284137	18.2602653917877	2221.321	152.235	721807.24
2.24654820276144	23.7900409679672	2700.742	170.12	775858.94
5.07945593643525	33.3230133415893	4826.79	357.473	1417283.57
8.07703353837317	42.7388058089554	7217.132	577.338	1884423.17
10.4198016641587	35.4462916429667	7984.992	676.157	2082173.54
18.1833954532836	54.4544564364349	12796.349	1241.408	2418913.17
27.0754183396653	60.3553917156866	16662.757	1843.595	2809043.35
34.8362121310303	59.0457127634298	19108.514	2338.283	3144474.84
47.2349722120222	82.7410738071409	26917.963	3345.292	3696547.48
56.8542745165804	88.1363894908884	27988.621	3969.647	4093331.57
64.4749284200573	88.0631295494964	28407.782	4451.67	4420607.89
73.5543411565271	95.296783762573	38023.877	6424.928	4828125.95
83.6746030603176	99.9267400586079	37568.497	14462.092	5262817.27
90.595207523834	99.999820000144	41371.808	18542.049	5557997.77
