0.00106999914400068	0.0192599845920123	7.576	1.086	434.5
0.00127999897600082	0.0230399815680147	8.526	1.174	534.98
0.00251999798400161	0.045359963712029	17.537	1.513	981.12
0.00297999761600191	0.0536399570880343	20.689	1.65	1366.97
0.00602999517600386	0.108359913312069	42.113	2.357	2424.02
0.00691999446400443	0.12437990049608	46.292	2.334	3312.27
0.0123699901040079	0.221759822592142	82.766	3.023	5486.7
0.0148299881360095	0.26585978731217	97.076	3.577	6523.67
0.042119966304027	0.75005939995248	264.716	6.528	16861.4
0.104409916472067	1.81241855006516	639.27	13.09	36842.18
0.242359806112155	4.01633678693057	1372.641	23.729	86370.03
0.434109652712278	6.96059443152445	2407.467	43.125	166444.42
0.657269474184421	9.92933205653435	3489.684	62.434	257308.74
1.06364914908068	15.0042479966016	5049.958	100.847	424747.59
1.41573886740891	17.4117460706031	5920.668	136.608	490008.98
2.13286829370537	18.2487454010037	5284.541	174.535	721259.5
2.35256811794551	25.4053596757123	7785.311	213.237	768402.47
5.02426598058722	32.827473738021	9043.301	433.977	1407599.93
8.08420353263717	42.7424058060754	11972.825	692.343	1902393.65
10.976391218887	37.8314697348242	10295.817	873.224	2113217.04
18.1938154449476	54.4485164411868	15925.134	1506.367	2427311.29
27.1067083146333	60.7870313703749	17384.118	2258.318	2813387.22
46.7132626293899	77.1554982756014	23735.451	4134.452	3666204.14
56.9655444275645	89.2792085766331	29256.498	4684.517	4117750.5
66.3652869077705	94.4632044294365	28483.646	5365.716	4522153.04
75.2704897836082	98.3474213220629	29604.934	6067.446	4898652.65
83.7970929623256	99.946180043056	30231.191	6754.976	5263890.53
