0.000589999528000378	0.0106199915040068	2.792	1.048	225.5
0.00131999894400084	0.0237599809920152	4.301	1.206	442.54
0.00160999871200103	0.0289799768160185	4.507	1.27	551.06
0.00228999816800147	0.0408599673120262	6.038	1.369	880.64
0.00513999588800329	0.0925199259840592	11.781	1.973	2034.15
0.00935999251200599	0.167939865648107	28.42	2.732	3465
0.0135999891200087	0.243719805024156	34.637	3.064	5137.02
0.0181299854960116	0.325259739792208	56.575	3.687	7649.07
0.0288999768800185	0.517139586288331	58.315	4.897	12006.02
0.0355999715200228	0.631799494560404	72.357	6.028	15370.22
0.0567799545760363	0.994319204544636	126.489	6.953	22850.33
0.06251994998404	1.10519911584071	137.34	7.637	23879.29
0.14053988756809	2.44691804246557	303.015	14.115	54592.94
0.17197986241611	2.93291765366588	357.027	17.562	71307.27
0.313519749184201	5.22359582112334	599.797	31.52	128429.57
0.420279663776269	6.7165146267883	926.72	38.045	154780.25
0.658779472976422	9.96983202413438	1146.741	59.189	262343.97
0.681919454464436	9.46655242675806	1158.873	58.117	260204.41
1.4074088740729	14.8989480808415	1648.497	114.214	498492.54
1.560698751441	19.4961444030845	2196.962	128.888	544600.78
3.18593745125004	26.6687786649771	3109.411	243.424	988813.49
3.89340688527449	24.6769002584798	3593.197	285.258	1126605.84
8.04996356002915	42.119606304315	7444.251	590.775	1927399.23
12.0940203247837	47.3694821044143	9613.427	882.918	2165270.6
14.6455882835294	37.0247103802317	9677.948	1029.552	2263695.99
24.3492205206236	47.7671017863186	13976.181	1665.063	2693272.39
37.1607102714318	71.839202528638	21256.529	2717.338	3251390.89
47.2232622213902	82.6037339170129	27228.782	3373.492	3697243.36
56.8623645101084	88.3169293464565	29776.084	3974.85	4112429.69
66.8510565191548	97.3685821051343	33952.984	4790.426	4534928.56
74.5951103239117	97.1592422726062	32811.208	5345.272	4869772.91
83.9097028722377	99.965260027792	36921.36	5784.278	5278078.97
90.580467535626	100.0	39201.218	6246.024	5560064.89
