0.00138999888800089	0.0248399801280159	4.328	1.403	563.12
0.00277999777600178	0.050039959968032	6.956	1.756	1366.97
0.00542999565600348	0.0973799220960623	11.76	2.153	2496.37
0.00803999356800515	0.144719884224093	18.626	2.528	3272.07
0.0127699897840082	0.228779816976146	25.423	3.772	5237.5
0.0224599820320144	0.401039679168257	43.119	4.573	9598.45
0.0409999672000262	0.730799415360468	76.206	6.456	16917.67
0.0630999495200404	1.11779910576072	133.08	7.985	24847.99
0.09373992500806	1.64933868052906	202.732	11.047	37236.11
0.190219847824122	3.23801740958607	348.864	19.89	75295
0.3129397496482	5.22755581795535	598.591	29.673	123508.59
0.588289529368377	8.85149291880566	968.706	52.613	244218.22
0.963429229256617	13.3649893080086	1423.554	83.22	352237.7
1.557318754145	19.5843443325245	2083.686	126.982	541577.95
1.70566863546509	17.6403458877233	1762.943	132.97	563696.5
5.3092357526114	36.4798508161193	3201.03	398.02	1433984.93
7.58554393156485	36.6812706549835	3136.161	548.879	1825552.2
11.8092605525916	43.730065015948	4200.669	864.637	2143853.7
25.6631094695124	51.6482586813931	5247.483	1904.79	2751027.82
56.6168347065322	86.3903908876873	10340.234	4361.113	4085210.32
64.2856985714411	87.6080899135281	10585.894	4538.396	4412352.43
83.6422830861735	99.9193600645119	13284.498	5800.454	5260787.88
90.59498752401	99.999820000144	12978.128	6192.11	5557926.54
