0.00063999948800041	0.0115199907840074	3.119	1.178	225.5
0.00175999859200113	0.0316799746560203	5.581	1.466	776.14
0.00273999780800175	0.0489599608320313	6.577	1.646	1157.97
0.00365999707200234	0.0658799472960422	11.776	1.776	1515.67
0.00486999610400312	0.0876599298720561	13.703	2.032	1969.85
0.00612999509600392	0.10997991201607	16.672	2.735	2375.79
0.0125999899200081	0.226259818992145	26.566	3.239	5100.85
0.0183599853120118	0.32867973705621	41.868	3.811	7295.38
0.0224699820240144	0.400859679312257	47.277	4.764	7797.79
0.0279099776720179	0.496619602704318	54.129	5.17	11636.24
0.0501099599120321	0.879119296704563	110.568	6.792	20426.62
0.0575499539600368	1.01933918452865	110.246	7.509	23638.13
0.10862991309607	1.85723851420919	227.128	12.152	45592.86
0.118789904968076	2.06189835048132	261.136	12.54	51168.13
0.211669830664135	3.51179719056225	434.743	19.903	86056.47
0.256359794912164	4.11983670413064	488.724	23.63	101143.84
0.657019474384421	9.93671205063036	1095.917	57.696	258390.57
1.06158915072868	15.0080279935776	1869.379	91.217	418659.93
1.29645896283283	15.8223473421221	1713.166	106.13	492242.54
2.40216807826554	26.1582990733607	2821.516	196.363	818326.02
3.56663714669028	31.6743946604843	2937.979	280.803	1095540.62
4.07225674219461	25.6854394516484	2181.81	294.396	1177785.63
5.72735541811567	27.0105983915213	2279.491	400.608	1507745.5
9.92566205947035	33.6884130492696	2948.838	676.739	2063083.8
17.0330663735469	44.4506044395164	4013.944	1198.885	2374515.77
26.6738786608971	56.8146145483084	5531.431	2005.917	2793060.72
36.9144104684716	68.9257248594201	7177.785	2626.675	3240510.57
47.1547122762302	81.5953747237002	8771.409	3401.736	3682845.2
57.1363842908926	91.1341070927143	10238.391	4039.876	4121100.61
65.8650873079302	92.237326210139	10480.208	4652.62	4505729.97
75.6405794875364	99.0132407894074	12008.214	5330.897	4911180.82
83.2376634098693	99.8236001411199	12269.929	5882.024	5242515.72
90.571717542626	100.0	13866.385	6175.388	5560140.36
