0.000959999232000614	0.0172799861760111	3.448	0.941	410.38
0.00164999868000106	0.029699976240019	4.524	1.006	864.56
0.00324999740000208	0.0584999532000374	7.763	1.144	1366.97
0.00368999704800236	0.0662399470080424	10.29	1.123	1620.17
0.00554999556000355	0.0997199202240638	11.814	1.23	2034.15
0.00757999393600485	0.135899891280087	16.479	1.481	2842.03
0.00911999270400584	0.163619869104105	35.486	1.503	3621.75
0.0190299847760122	0.340919727264218	41.429	2.271	8091.2
0.0263099789520168	0.471059623152301	51.525	2.887	11797
0.042239966208027	0.751859398512481	98.336	4.315	16423.27
0.0622399502080398	1.10501911598471	123.944	5.558	25181.6
0.0932799253760597	1.64339868528105	205.159	8.543	42272.63
0.14030988775209	2.44997804001757	286.344	12.406	56084.26
0.208659833072134	3.56849714520228	455.171	17.9	83226.37
0.261559790752167	4.20839663328269	463.301	21.225	101143.84
0.298349761320191	4.98851600918719	564.406	26.053	112275.82
0.658909472872422	9.97775201779839	1216.57	54.923	265931.41
0.926179259056593	11.5268307785354	1418.46	68.166	342715.91
0.927599257920594	12.8082497534002	1534.988	70.675	341010.33
2.22269822184142	23.464781228175	2676.619	167.871	779549.03
3.36622730701815	28.7763969788824	3411.76	242.46	1059878.11
4.20629663496269	26.4698788240969	4017.768	292.947	1215218.05
8.08389353288517	42.7073058341553	7336.229	562.479	1918877.88
12.1091403126877	47.6349818920145	9678.327	820.974	2172305.89
18.0120755903395	51.6802986557611	11866.465	1253.396	2417697.11
27.2864981708015	63.5777491378007	16686.382	1871.534	2817986.75
36.8891004887196	68.686145051084	20344.644	2527.761	3238715.94
44.1929446456443	67.4144460684431	23375.479	2952.864	3550961.2
56.6334846932122	86.5172907861674	27348.925	3928.315	4086522.46
66.8602365118108	97.4270820583343	33075.932	6750.665	4537289.04
75.6294194964644	98.9927208058234	34015.801	11754.784	4910438.71
82.887043690365	99.7080402335678	39691.63	14792.297	5229161.67
90.589907528074	99.999820000144	39704.081	18548.614	5557154.96
