0.000799999360000512	0.0143999884800092	3.484	1.033	285.79
0.00194999844000125	0.0349199720640224	6.087	1.148	896.72
0.0024999980000016	0.0448199641440287	8.26	1.216	1037.39
0.00422999661600271	0.0761399390880487	9.365	1.302	1668.4
0.00557999553600357	0.100259919792064	11.72	1.404	2496.37
0.00856999314400548	0.154259876592099	18.236	1.622	3573.52
0.00950999239200609	0.170999863200109	18.55	1.676	3432.85
0.0188699849040121	0.337859729712216	50.099	2.29	8155.5
0.0274799780160176	0.491579606736315	55.802	2.978	11913.56
0.0417899665680267	0.745019403984477	89.95	4.346	17842.12
0.0616899506480395	1.0949391240487	135.027	6.089	21801.26
0.0902599277920578	1.58813872948902	197.485	8.286	37549.63
0.100099919920064	1.74257860593712	199.309	9.067	36842.18
0.208489833208133	3.56867714505828	401.696	17.472	88191.09
0.26545978763217	4.26743658605073	464.965	22.947	101143.84
0.319069744744204	5.3134157492674	579.192	27.599	136522.75
0.652109478312417	9.86615210707831	1113.587	54.475	251955.85
0.723289421368463	9.98945200843839	1217.817	56.718	277204.75
1.57330874135301	19.8365241307807	2128.124	119.95	562352.04
2.26223819020945	24.0247607801914	2702.519	167.94	774199.25
3.48077721537823	30.1613158709473	2921.043	252.585	1061547.97
5.13529589176329	33.9157528673977	3057.548	372.288	1426846.59
5.39809568152346	25.8207993433605	2203.898	351.324	1435205.66
9.48792240966207	32.3101541518767	2847.392	630.537	2039478.47
18.1710454631636	54.0102167918266	4988.713	1244.761	2429164.42
23.371511302791	45.5991835206532	4580.414	1530.349	2641151.72
35.4930916055267	61.0570311543751	6330.425	2439.624	3173752.99
47.2630121895902	83.1579534736372	8460.373	3262.246	3700287.38
57.1395542883566	91.1641670686663	10025.327	3972.278	4120848.89
66.8607365114108	97.3622821101743	11101.148	6869.697	4536945.39
75.9934392052486	99.6531402774878	12185.525	8999.643	4931691.92
84.0238727809018	99.982180014256	12772.103	10540.298	5272485.76
90.56408754873	99.999640000288	13160.87	11149.385	5556710.54
