0.00103999916800067	0.018719985024012	3.698	0.978	410.38
0.00166999866400107	0.0300599759520192	4.636	0.963	683.69
0.00239999808000154	0.0431999654400276	5.877	1.029	981.12
0.00279999776000179	0.0502199598240321	7.205	1.276	1366.97
0.00444999644000285	0.0800999359200513	12.757	1.164	1588.01
0.00914999268000586	0.163979868816105	40.749	1.521	3842.81
0.0106899914480068	0.191519846784123	24.38	2.064	4775.29
0.0167199866240107	0.300239759808192	43.056	2.036	7162.74
0.0167999865600108	0.300239759808192	32.728	2.388	6837.18
0.0322899741680207	0.575999539200369	75.831	3.279	11680.46
0.0377699697840242	0.668159465472428	75.274	3.797	15342.09
0.0934099252720598	1.64771868182505	198.008	8.606	40033.73
0.133589893128086	2.32433814052949	266.675	11.82	58741.3
0.208759832992134	3.56633714693028	450.625	17.229	83688.67
0.311239751008199	5.18489585208332	654.937	26.424	124184.03
0.433929652856278	6.93251445398844	857.801	34.875	171928.82
0.698569441144447	10.6540114767908	1326.422	60.006	255237.53
1.07048914360869	15.1633678693057	1741.134	83.199	385752.98
1.20921903262477	14.7765481787615	1655.341	90.555	398840.54
1.43282885373692	15.1345678923457	1673.191	101.826	506143.26
3.40693727445018	22.1790422567662	3281.815	232.516	1040579.15
3.47205722235422	29.9976960018432	3510.534	254.945	1052053.46
8.08484353212517	42.6396258882993	7138.932	579.69	1922190.54
12.1338602929118	48.0171215863027	9661.838	859.417	2155518.22
18.1815654547476	54.1941766446587	12702.93	1258.857	2431269.25
23.6986210411032	46.2893029685576	13788.635	1543.44	2658614.71
37.2879401696479	73.5582011534391	21650.805	2555.521	3254577.33
47.2737421810063	83.2398534081173	25734.245	3308.628	3700631.23
56.0496551602759	83.2544333964533	29419.311	3852.744	4073403.25
66.7426666058667	96.6611826710539	32486.346	6448.829	4530509.32
73.8948108841513	95.8774632980294	37948.317	6569.673	4841018.72
83.9987028010378	99.976060019152	37577.976	14589.61	5283810.37
90.55283755773	99.999640000288	41058.196	18481.509	5556584.7
