0.000709999432000454	0.0127799897760082	8.591	0.874	285.79
0.00114999908000074	0.0206999834400132	7.954	0.919	442.54
0.00214999828000138	0.0385199691840247	16.263	1.097	981.12
0.00301999758400193	0.0543599565120348	32.84	1.13	1210.22
0.00584999532000374	0.105119915904067	35.815	1.433	2375.79
0.00726999418400465	0.130319895744083	49.646	1.604	3312.27
0.0128599897120082	0.231119815104148	87.26	1.978	5137.02
0.0157999873600101	0.282599773920181	98.591	2.242	6109.69
0.0179099856720115	0.320579743536205	103.012	2.358	6921.58
0.0377699697840242	0.67247946201643	265.253	5.06	15792.25
0.0513399589280329	0.910079271936582	331.248	5.246	23011.1
0.0721199423040462	1.26593898724881	425.675	8.513	26049.8
0.107509913992069	1.86047851161719	738.963	10.141	38956.48
0.162189870248104	2.76281778974577	970.586	14.577	58045.89
0.229259816592147	3.79619696304243	1501.434	23.387	81726.92
0.471809622552302	7.57943393645285	2626.114	45.344	193384.65
0.53132957493634	7.99505360395712	3119.699	47.514	185656.24
0.768269385384492	10.5989315208548	4651.103	64.979	264322.68
1.43829884936092	17.7260258191793	6240.502	126.06	501599.51
2.3497781201775	25.3792596965922	8329.032	212.354	760495.02
3.44805724155421	29.671176263059	8788.226	287.399	1056199.67
5.38647569081945	37.6620898703281	10639.587	449.212	1476575.58
8.08177353458117	42.7499658000274	12231.695	666.07	1885064.28
11.1939810448152	39.022528781977	10686.125	866.682	2116772.64
18.1852354518116	54.3142365486108	16790.481	1458.189	2430506.1
27.1861782510574	62.1066103147118	17591.612	2236.388	2821009.77
37.0419303664557	70.1203839036929	20652.451	2925.671	3242011.58
43.678255057396	66.2503869996904	19507.137	3407.096	3530148.21
57.1240543007566	90.9676072259142	27053.265	4538.411	4120459.08
66.5018767984986	95.1781638574689	29327.951	5748.709	4523234.78
74.7856301714959	97.4357220514224	29917.305	6389.17	4876787.39
83.9021228783017	99.964360028512	30380.306	9657.414	5267727.05
90.58988752809	99.999820000144	31531.546	10643.749	5557155
