0.00106999914400068	0.0192599845920123	4.312	1.14	390.29
0.0017199986240011	0.0309599752320198	5.007	1.304	711.83
0.00271999782400174	0.0489599608320313	6.492	1.557	1194.14
0.00395999683200253	0.0712799429760456	9.465	1.883	1620.17
0.00462999629600296	0.0833399333280533	10.941	1.902	1680.46
0.00864999308000554	0.155339875728099	17.915	2.459	3465
0.0131299894960084	0.23507981193615	31.028	3.182	5587.18
0.0196499842800126	0.351899718480225	37.259	3.739	7295.38
0.0274599780320176	0.491939606448315	55.513	4.807	12448.14
0.0413199669440264	0.736379410896471	87.51	5.905	16821.2
0.0598799520960383	1.05947915241668	116.501	8.293	22842.29
0.0622899501680399	1.0922391262087	151.23	8.608	25953.34
0.138889888888089	2.41451806838555	304.247	14.425	55959.64
0.185479851616119	3.15989747208202	401.959	17.589	70242
0.310689751448199	5.17751585798731	660.142	29.355	127565.17
0.319819744144205	5.09705592235526	635.178	27.735	127862.69
0.506279594976324	7.61651390678887	966.776	44.547	179801.7
1.03987916809667	14.6240883007294	1821.639	87.222	385680.57
1.15236907810474	14.069328744537	1583.093	95.136	386267.93
2.39005808795353	26.0965591227527	2922.871	190.339	787360.35
3.47273722181022	30.0077759937792	3568.634	274.642	1052710.86
5.25480579615536	35.4965116027907	5133.314	392.278	1423936.39
5.32432574053941	25.5666395466884	4828.251	378.85	1420221.96
12.1130803095358	47.7696217843026	9501.886	871.826	2166851.17
18.1902754477796	54.3783164973468	13502.455	1329.275	2431432.89
27.1450982839214	61.3482709213833	16133.063	1923.754	2815949.15
36.9928904056877	69.6194443044446	20795.837	2682.815	3244728.48
46.877952497638	78.5558971552823	25074.058	3365.638	3679218.6
57.0828543337165	90.4805276155779	29146.226	4052.202	4113599.56
66.7685265851787	96.82516253987	32240.368	4688.096	4530899.25
75.8332493334005	99.3700005039996	34509.056	5231.838	4922371.43
83.7983429613256	99.94690004248	39456.622	5829.873	5263936.67
90.558017553586	100.0	39953.364	6273.066	5560194.71
