0.000819999344000525	0.0147599881920094	6.744	1.074	398.33
0.00200999839200129	0.0361799710560232	12.407	1.349	796.23
0.00301999758400193	0.0543599565120348	25.553	1.859	1379.03
0.00891999286400571	0.159659872272102	68.418	2.631	3613.71
0.00906999274400581	0.163079869536104	59.992	2.806	3465
0.0173099861520111	0.310679751456199	112.426	3.967	6837.18
0.0404499676400259	0.721259422992462	253.981	6.451	16423.27
0.0410199671840263	0.727919417664466	257.693	6.81	15342.09
0.0509799592160326	0.896219283024574	312.826	7.413	20426.62
0.12551989958408	2.1848382521294	783.776	13.995	47184.64
0.211099831120135	3.60683711453031	1280.782	22.351	82149.02
0.692379446096443	10.5611315510948	3686.003	67.329	239605.48
1.44259884592092	17.7778657777074	6050.172	130.644	503692.28
1.78647857081714	18.4699652240278	6687.9	151.721	568112.36
3.57038714369029	31.6995946403243	9592.28	310.841	1092664.3
4.01082679133857	25.3250797399362	7003.832	324.431	1159225.66
27.0126583898733	59.6881322494942	17204.945	2272.395	2810053.9
37.1092603125918	70.9960832031334	20960.173	3054.054	3245349.03
57.1506442794846	91.5238067809546	27685.159	4691.536	4122588.83
64.2577885937691	87.476690018648	26804.547	5243.359	4427421.25
75.8660093071926	99.4306604554716	31490.66	6154.712	4924069.35
83.9614628308297	99.972280022176	30301.373	6752.941	5269789.93
