0.000829999336000531	0.0149399880480096	5.954	1.14	410.38
0.00177999857600114	0.0318599745120204	4.908	1.309	731.93
0.00278999776800179	0.0502199598240321	7.099	1.493	1270.51
0.003119997504002	0.0559799552160358	8.447	1.639	1121.8
0.00433999652800278	0.07811993750405	9.738	2.287	1672.42
0.00791999366400507	0.142199886240091	20.027	2.358	3272.07
0.0111299910960071	0.199079840736127	22.658	3.761	4152.3
0.0117699905840075	0.210959831232135	26.296	2.938	4397.49
0.0280399775680179	0.50039959968032	53.058	4.742	12681.26
0.0418499665200268	0.746459402832478	92.821	6.985	17842.12
0.0635299491760407	1.12283910172872	120.862	8.438	25181.6
0.0791399366880507	1.38725889019289	159.966	9.318	34245.56
0.139289888568089	2.42603805916955	278.207	14.414	53081.51
0.186099851120119	3.17393746085003	355.104	19.946	70242
0.283899772880182	4.71797622561902	540.876	27.237	106157.03
0.4679696256243	7.54901396078883	889.638	41.505	188446.81
0.704609436312451	10.7418514065189	1239.535	60.94	262605.4
0.884059292752566	12.2084902332078	1610.304	72.722	353637.61
1.59174872660102	20.1607038714369	2310.742	133.358	601432.59
2.15402827677738	22.5062819949744	2544.469	167.868	713007.08
3.51808718553025	30.8796952962438	3578.568	278.515	1063467.9
5.34674572260342	37.0005903995277	5526.153	410.658	1467615.72
7.57500393999685	36.5793907364874	6458.315	553.165	1822749.88
11.9040504767596	44.7155642275486	8993.49	867.674	2146646.21
18.0773855380916	52.7187178250257	12169.85	1355.082	2427374.08
27.2178782256974	62.57154994276	16747.524	1932.162	2823449.91
36.3140509487592	64.5758483393213	20299.316	2594.786	3219777.21
47.2617921905662	83.1532734773812	25796.822	3408.805	3700069.15
56.9757844193725	89.3346485322812	28489.113	3986.981	4104417.32
66.8230065415948	97.1354822916142	33043.742	4711.153	4536857.24
74.6717002626398	97.2940621647503	32924.179	5159.149	4874028.63
83.1390534887572	99.7993001605599	35433.552	5784.312	5239660.34
90.581157535074	99.999820000144	39056.205	6291.37	5556987.46
