0.00106999914400068	0.0192599845920123	8.548	1.156	346.07
0.00154999876000099	0.0278999776800179	10.805	1.281	534.98
0.00255999795200164	0.0457199634240293	15.815	1.44	1021.31
0.0028099977520018	0.0505799595360324	18.791	1.54	1057.49
0.00478999616800307	0.085859931312055	28.667	1.883	2206.98
0.00896999282400574	0.161099871120103	53.14	2.656	3573.52
0.0102799917760066	0.184859852112118	61.123	3.224	3629.79
0.0169599864320109	0.303839756928194	98.689	3.87	6423.19
0.0238299809360153	0.425699659440272	191.085	4.483	9457.75
0.0291999766400187	0.519659584272333	183.388	5.468	11636.24
0.0627299498160401	1.11401910878471	453.879	10.01	24892.19
0.0928499257200594	1.63583869132905	562.563	11.362	37465.23
0.135159891872086	2.35349811720151	796.852	15.83	48495.05
0.18808984952812	3.20633743493005	1118.897	19.826	70242
0.207469834024133	3.4432172454262	1252.653	21.525	86056.47
0.353439717248226	5.63345549323561	1941.755	34.782	124453.38
0.647159482272414	9.77795217763826	3331.337	61.188	244049.33
1.03188917448866	14.4322084542332	15507.481	91.05	374218.78
1.57368874104901	19.8840440927647	6811.318	146.558	568832.93
1.63545869163305	16.9766864186509	5197.698	141.659	568341.8
3.5883571293143	31.9609544312365	10008.538	321.606	1153967.56
5.23733581013135	35.2457718033826	9999.893	453.876	1411144.31
8.00050359959712	41.5004067996746	11710.952	678.088	1886874.19
11.2603309917352	39.4176284658972	10658.694	922.22	2119091.1
18.1856554514756	54.4985564011549	15716.387	1529.074	2417546.23
25.3335597331522	50.4939196048643	14856.153	2052.286	2735229.46
37.2367902105678	72.8131817494546	21574.47	3129.694	3259101.33
47.2643321885342	83.2177134258293	24661.748	3870.752	3699951.89
57.1762742589806	91.7146066283147	27567.331	4664.748	4122320.71
64.7062982349614	88.6432690853847	26941.514	5287.693	4432968.35
74.8075201539839	97.5305819755344	30297.225	6145.221	4879890.08
82.9714736228211	99.7404402076478	30265.606	6695.711	5232796.94
90.572417542066	100.0	35917.032	7252.23	5560140.3
