0.000629999496000403	0.0113399909280073	6.03	1.184	225.5
0.00191999846400123	0.0345599723520221	14.962	1.347	816.33
0.00201999838400129	0.0363599709120233	12.622	1.306	840.45
0.00387999689600248	0.0698399441280447	23.758	2.109	1724.67
0.00503999596800323	0.0907199274240581	30.701	1.955	2066.31
0.0132699893840085	0.237599809920152	76.175	3.377	4996.35
0.0275299779760176	0.493379605296316	188.721	5.118	10647.48
0.0402399678080258	0.715679427456458	285.614	6.524	15261.68
0.0528499577200338	0.933839252928598	331.787	7.947	23011.1
0.0724899420080464	1.27367898105682	453.464	9.356	26049.8
0.164329868536105	2.79773776180979	972.727	17.422	58045.89
0.313609749112201	5.23277581377935	1926.209	32.459	122330.64
0.384469692424246	6.12971509622792	2237.514	38.808	157080.1
0.703959436832451	10.7404114076709	3734.227	68.82	262356.03
1.06429914856068	15.0470879623296	5165.28	101.087	431937.88
1.47437882049694	15.5039275968579	4637.284	127.087	526077.8
2.53956796834563	21.1112831109735	6227.214	228.003	803160.97
12.0281503774797	46.5213227829418	13476.694	996.151	2162423.63
18.1764254588596	54.0951767238586	15572.414	1556.026	2430330.15
26.1069991144007	53.4772372182102	15139.921	2118.311	2776457.32
45.7173034261573	71.92416246067	22056.593	3643.18	3620519.39
56.0153451877239	83.1233935012852	24934.937	4541.137	4071713.76
74.6766102587118	97.2416822066542	29742.338	5993.586	4872665.73
