0.000699999440000448	0.0125999899200081	2.935	1.053	269.71
0.00121999902400078	0.0219599824320141	3.901	1.218	442.54
0.00256999794400164	0.0460799631360295	6.447	1.642	1061.51
0.00319999744000205	0.0575999539200369	8.653	1.605	1121.8
0.004679996256003	0.0842399326080539	21.413	1.857	2206.98
0.00719999424000461	0.129059896752083	18.929	2.298	2842.03
0.00870999303200557	0.1565998747201	18.395	2.451	3621.75
0.0190199847840122	0.341459726832219	41.479	4.242	8091.2
0.0254799796160163	0.454859636112291	59.243	4.481	10145.07
0.0400899679280257	0.715679427456458	76.917	5.848	16861.4
0.0605699515440388	1.07621913902469	159.305	8.218	24072.23
0.0767299386160491	1.34855892115286	164.165	9.611	32050.91
0.104039916768067	1.80287855769715	224.041	11.302	36842.18
0.209999832000134	3.5992771205783	458.471	20.316	93774.95
0.289609768312185	4.81337614929908	603.811	27.34	116099.11
0.463289629368296	7.45685403451677	871.452	40.769	178844.73
0.706239435008452	10.7735313811749	1310.079	60.749	261599.96
1.03690917047266	14.6102283118173	1759.201	89.589	364358.49
1.564998748001	19.7242042206366	2299.894	126.405	517259.44
2.37946809642552	25.8267393386085	2854.095	194.412	802339.09
3.51339718928225	30.7045554363557	3653.122	272.277	1048657.49
5.32449574040341	36.6744306604555	5174.984	398.639	1440355.5
7.83171373462901	39.1458286833371	6996.975	580.433	1855701.15
11.6547606761915	42.2787261770191	8626.267	841.883	2134801.57
16.0934971252023	40.8124473500421	10658.586	1122.907	2323908.86
23.405591275527	45.6758634593092	13809.615	1616.351	2643130.81
34.5343823724941	58.2384134092693	19113.486	2446.925	3131158.46
47.2645921883262	83.2146534282773	26374.292	3369.84	3699964.54
55.2040058367953	80.1524958780033	28817.606	3834.883	4032402.24
66.6894966484027	96.3227829417737	31953.938	4715.448	4531456.81
74.1577706737835	96.3442029246377	37013.889	5150.133	4852007.92
83.5740831407335	99.9053200757439	38107.952	5789.831	5256586.6
90.571057543154	100.0	38970.787	6181.278	5560144.52
