0.000799999360000512	0.0143999884800092	3.092	0.908	370.19
0.00112999909600072	0.0201599838720129	3.86	0.965	442.54
0.00228999816800147	0.0412199670240264	7.358	1.045	981.12
0.00251999798400161	0.045359963712029	7	1.229	1037.39
0.00364999708000234	0.0653399477280418	8.373	1.159	1475.47
0.0082799933760053	0.148679881056095	17.802	1.459	3051.01
0.00862999309600552	0.154799876160099	17.903	1.458	3613.71
0.0175699859440112	0.315359747712202	51.123	2.04	6423.19
0.0244899804080157	0.438839648928281	47.919	2.569	9457.75
0.0426299658960273	0.760319391744487	84.865	4.378	16081.65
0.0548699561040351	0.972719221824623	122.007	4.936	21246.58
0.0878299297360562	1.54979876016099	187.427	7.457	39330.32
0.14098988720809	2.45681803454557	299.112	12.085	55031.08
0.14133988692809	2.41001807198554	276.413	11.962	57832.85
0.198289841368127	3.29273736581011	408.928	15.714	75897.99
0.434109652712278	6.93431445254844	900.87	35.205	171928.82
0.711579430736455	10.876491298807	1276.166	57.973	266735.79
1.04001916798467	14.6705282635774	1807.763	86.748	342623.39
1.22951901638479	15.0199079840736	1709.919	107.026	409051.83
2.38549809160153	25.9559792352166	2974.081	182.767	833153.51
2.76575778739377	22.8571017143186	2870.303	191.041	857121.13
4.72934621652303	30.1159559072353	4557.11	328.933	1351389.62
8.06501354798916	42.3829460936431	7433.039	563.756	1932096.71
11.1120711103431	38.5656891474487	8207.152	738.14	2116554.53
18.1923754460996	54.4211564630748	12330.8	1305.067	2430560.68
27.2566481946814	63.2249494200405	16828.98	1891.237	2823416.48
37.1776902578478	72.1183823052942	20703.059	2565.767	3252673.86
47.2215922227262	82.3666741066607	25585.151	3317.407	3678618.93
55.8711753030598	82.5126539898768	28956.046	3912.445	4064313.42
66.7465066027947	96.6253626997098	33544.507	6514.971	4534266.1
75.3368897304882	98.448761240991	37174.049	13004.841	4900690.45
83.4587432330054	99.8822800941759	37024.789	14109.803	5251211.44
90.566167547066	99.999640000288	41107.336	18494.274	5556727.42
