0.00199999840000128	0.0179999856000115	6.812	1.027	872.72
0.00299999760000192	0.0199799840160128	10.737	0.96	1266.66
0.00399999680000256	0.0219599824320141	8.364	0.978	1483.71
0.0049999960000032	0.0219599824320141	14.345	1.041	2002.27
0.00599999520000384	0.0219599824320141	9.542	1.307	2850.46
0.0099999920000064	0.0260999791200167	9.56	1.201	4164.92
0.0129999896000083	0.0298799760960191	10.885	1.164	5037.23
0.0199999840000128	0.0379799696160243	13.394	1.321	7630.02
0.0289999768000186	0.0458999632800294	16.527	1.622	11702.15
0.0429999656000275	0.0599399520480384	18.765	1.782	15352.22
0.063999948800041	0.0818999344800524	20.679	2.332	25763.91
0.0949999240000608	0.111959910432072	26.638	3.314	33691.44
0.141999886400091	0.160019871984102	27.889	4.128	56755.25
0.211999830400136	0.228059817552146	38.362	6.089	81179.22
0.316999746400203	0.333899732880214	43.093	8.353	110369.19
0.474999620000304	0.492119606304315	64.34	13.579	192727.35
0.711999430400456	0.728099417520466	78.506	20.401	265432.72
1.06699914640068	1.08395913283269	107.473	32.05	386332.67
1.59999872000102	1.61801870558504	155.16	49.128	612410.18
2.39899808080154	2.41595806723355	203.255	73.232	818880.48
3.5979971216023	3.61403710877031	301.314	110.641	1139470.23
5.39599568320345	5.41403566877147	410.565	165.711	1468404.38
8.09299352560518	8.10989351208519	597.728	248.54	1889445.29
12.1389902888078	12.1559302752558	845.673	369.498	2167159.45
18.2079854336117	18.2260654191477	1269.123	553.853	2426744.07
27.3109781512175	27.3279381376495	1842.915	826.025	2818517.57
37.3099701520239	37.3280101375919	2582.526	1148.48	3253035.95
47.3109621512303	47.3280821375343	3138.51	1432.761	3674601.83
57.3109541512367	57.3277941377647	4167.4	1775.272	4117447.73
67.3109461512431	67.3278661377071	6927.581	2061.503	4540237.79
77.3109381512495	77.3279381376495	5174.343	2371.745	4986061.09
87.3109301512559	87.3278301377359	5842.68	2716.272	5412348.31
97.3109221512623	97.3280821375343	6869.986	4771.766	5850908.69
