0.00199999840000128	0.0179999856000115	8.44	0.994	816.44
0.00299999760000192	0.0199799840160128	20.631	1.029	1266.66
0.00399999680000256	0.0219599824320141	11.682	1.071	1499.79
0.0049999960000032	0.0219599824320141	8.932	0.991	2255.52
0.00599999520000384	0.0239399808480153	8.753	1.017	2544.95
0.0099999920000064	0.0278999776800179	10.74	1.093	3919.71
0.013999988800009	0.0320399743680205	16.481	1.19	5664.32
0.0189999848000122	0.035999971200023	13.02	1.307	9169.62
0.0289999768000186	0.0460799631360295	41.983	1.663	13306.07
0.0429999656000275	0.0599399520480384	19.548	1.806	18310.88
0.063999948800041	0.0818999344800524	21.98	2.277	26334.75
0.0939999248000602	0.112139910288072	27.163	3.572	38206.02
0.141999886400091	0.158039873568101	31.645	4.045	55818.53
0.211999830400136	0.227879817696146	61.832	5.97	74432.84
0.315999747200202	0.332099734320213	43.764	8.283	120417.3
0.474999620000304	0.491939606448315	63.319	13.276	180743.15
0.711999430400456	0.727919417664466	75.864	20.33	240704.03
1.06699914640068	1.08395913283269	113.257	31.612	362710.29
1.59999872000102	1.61603870716903	156.924	49.468	560423.73
2.39899808080154	2.41595806723355	193.166	71.807	761517.01
3.5979971216023	3.61385710891431	269.851	108.501	1079333.33
5.39599568320345	5.41205567035546	394.931	160.372	1428413.95
8.09299352560518	8.10989351208519	584.449	244.194	1898452.02
12.1389902888078	12.1559302752558	867.648	368.61	2152332.41
18.2079854336117	18.2260654191477	1217.917	550.497	2420005.83
27.3109781512175	27.3279381376495	1838.072	819.777	2818517.69
37.3109701512239	37.3280101375919	2467.388	1132.751	3250373.3
47.3109621512303	47.3280821375343	3465.095	1419.985	3682560.42
57.3109541512367	57.3279741376207	3746.21	1726.027	4115024.14
67.3109461512431	67.3280461375631	4582.481	2038.022	4540174.97
77.3109381512495	77.3279381376495	5091.434	2350.404	4976555.25
87.3109301512559	87.3278301377359	5674.155	2613.191	5412994.09
97.3109221512623	97.3279021376783	6336.967	4518.908	5848351.06
