0.00199999840000128	0.0179999856000115	12.192	1.112	824.48
0.00299999760000192	0.0199799840160128	7.519	1.141	1166.17
0.00399999680000256	0.0219599824320141	8.572	1.19	1628.43
0.0049999960000032	0.0221399822880142	9.184	1.214	1841.48
0.00699999440000448	0.0241199807040154	11.474	1.364	2798.2
0.0099999920000064	0.028079977536018	10.567	1.395	4197.08
0.013999988800009	0.0300599759520192	14.548	1.702	5507.55
0.0199999840000128	0.035999971200023	17.316	1.679	8848.03
0.0289999768000186	0.0460799631360295	16.371	2.322	12039.82
0.0429999656000275	0.0601199519040385	21.389	2.348	16341.1
0.063999948800041	0.0818999344800524	23.109	3.023	26789.01
0.0949999240000608	0.111959910432072	28.336	3.808	43295.53
0.141999886400091	0.158039873568101	33.77	6.448	57318.11
0.210999831200135	0.227879817696146	43.36	7.778	87551.8
0.316999746400203	0.334079732736214	55.407	10.583	134273.53
0.474999620000304	0.491939606448315	68.959	15.975	168095.79
0.711999430400456	0.727919417664466	83.24	23.234	267190.5
1.06699914640068	1.08413913268869	112.855	35.096	412640.65
1.59899872080102	1.61603870716903	165.975	54.071	555145.87
2.39899808080154	2.41595806723355	209.736	77.45	770662.39
3.5979971216023	3.61403710877031	283.25	113.444	1080632.38
5.39599568320345	5.41205567035546	410.462	167.688	1461946.82
8.09299352560518	8.10989351208519	593.544	252.473	1900664.29
12.1389902888078	12.1559302752558	863.285	370.167	2156957.57
18.2079854336117	18.2239054208757	1307.995	566.078	2429771.48
27.3109781512175	27.3279381376495	1894.683	836.684	2812772.89
37.3109701512239	37.3280101375919	2566.494	1131.824	3256092.93
47.3109621512303	47.3280821375343	3191.641	1445.558	3688871.15
57.3109541512367	57.3279741376207	3805.558	1756.051	4116814.67
67.3109461512431	67.3278661377071	4486.198	2057.02	4540204.27
77.3109381512495	77.3279381376495	5200.372	2402.511	4987168.09
87.3109301512559	87.3280101375919	5828.09	2718.632	5405278.61
97.3109221512623	97.3279021376783	6550.378	2949.551	5849084.74
