0.00199999840000128	0.0179999856000115	7.413	1.097	804.38
0.00299999760000192	0.0199799840160128	8.676	1.394	1202.35
0.00399999680000256	0.0199799840160128	7.808	1.127	1632.45
0.0049999960000032	0.0219599824320141	17.65	1.225	1837.46
0.00699999440000448	0.0241199807040154	9.446	1.521	2934.87
0.0099999920000064	0.0260999791200167	28.294	1.405	4048.35
0.013999988800009	0.0320399743680205	11.526	1.435	5676.38
0.0199999840000128	0.035999971200023	14.392	1.722	8064.16
0.0289999768000186	0.0458999632800294	16.965	1.9	11521.26
0.0429999656000275	0.0599399520480384	20.316	2.239	19456.57
0.063999948800041	0.0818999344800524	23.327	2.825	28264.37
0.0949999240000608	0.111959910432072	30.17	3.935	42817.13
0.141999886400091	0.160019871984102	35.85	5.182	68579.1
0.211999830400136	0.230039815968147	40.78	7.143	92356.42
0.316999746400203	0.333899732880214	45.099	9.851	130465.62
0.473999620800303	0.490139607888314	63.165	15.529	180590.34
0.711999430400456	0.730079415936467	78.704	22.413	282491.93
1.06699914640068	1.08395913283269	107.683	34.391	401091.95
1.59999872000102	1.61801870558504	159.867	51.88	571921.8
2.39899808080154	2.41613806708955	204.367	75.065	782350.44
3.5969971224023	3.61385710891431	279.909	112.977	1090323.19
5.39599568320345	5.41205567035546	411.564	167.083	1491936.59
8.09299352560518	8.10989351208519	609.668	253.09	1889441.25
12.1389902888078	12.1559302752558	853.778	369.779	2162999.99
18.2079854336117	18.2240854207317	1229.806	552.99	2412353.41
27.3099781520175	27.3279381376495	1867.682	829.306	2818534.37
37.3109701512239	37.3280101375919	2484.758	1128.649	3246230.44
47.3099621520303	47.3261021391183	3106.266	1423.006	3675482.32
57.3109541512367	57.3279741376207	3840.419	1781.493	4121221.51
67.3109461512431	67.3280461375631	4558.143	2037.345	4540573.28
77.3109381512495	77.3279381376495	5131.771	2349.36	4987742.43
87.3109301512559	87.3278301377359	5721.855	2644.954	5412926.75
97.3109221512623	97.3279021376783	6364.948	2940.568	5847348.86
