0.00199999840000128	0.0179999856000115	12.454	1.36	808.4
0.00299999760000192	0.0199799840160128	8.556	1.395	1258.62
0.00299999760000192	0.0199799840160128	7.406	1.204	1624.41
0.0049999960000032	0.0221399822880142	8.206	1.154	1982.17
0.00699999440000448	0.0239399808480153	8.978	1.217	2693.68
0.0099999920000064	0.028079977536018	13.588	1.315	4052.37
0.013999988800009	0.0320399743680205	16.211	1.384	6403.97
0.0199999840000128	0.0381599694720244	13.501	1.511	8393.79
0.0289999768000186	0.0458999632800294	18.835	1.778	10954.44
0.0429999656000275	0.0599399520480384	25.92	2.127	16723
0.063999948800041	0.0800999359200513	27.514	2.756	22789.11
0.0949999240000608	0.111959910432072	25.816	3.166	40272.37
0.141999886400091	0.158039873568101	38.827	4.644	64434.09
0.211999830400136	0.230039815968147	39.66	6.993	95761.9
0.316999746400203	0.333899732880214	49.59	8.954	124997.11
0.474999620000304	0.491939606448315	64.16	16.025	186208.38
0.710999431200455	0.728099417520466	75.916	20.671	290094.62
1.06599914720068	1.08395913283269	108.791	32.625	427606.32
1.59999872000102	1.61801870558504	153.967	50.709	546450.29
2.39899808080154	2.41595806723355	195.079	75.532	804785.24
3.5969971224023	3.61403710877031	297.553	113.024	1108883.01
5.39599568320345	5.41403566877147	431.839	168.665	1443598.58
8.09299352560518	8.11007351194119	579.028	251.507	1913017.36
12.1389902888078	12.1559302752558	852.677	376.433	2158483.8
18.2079854336117	18.2260654191477	1267.89	559.441	2416567.45
27.3109781512175	27.3279381376495	1861.17	865.386	2803325.83
37.3109701512239	37.3280101375919	2522.266	1167.491	3259040.55
47.3109621512303	47.3279021376783	3213.656	1478.987	3681356.97
57.3109541512367	57.3279741376207	3866.195	1790.304	4119804.23
67.3109461512431	67.3280461375631	4560.229	2128.994	4536451.52
77.3109381512495	77.3279381376495	5220.276	2412.96	4988715.36
87.3109301512559	87.3280101375919	5880.465	2761.639	5411924.62
97.3109221512623	97.3279021376783	6462.25	4833.55	5848552.21
