0.00199999840000128	0.0199799840160128	7.689	1.132	772.22
0.00299999760000192	0.0199799840160128	7.911	1.246	1218.42
0.00399999680000256	0.0221399822880142	9.359	1.226	1640.49
0.0049999960000032	0.0221399822880142	23.671	1.453	2078.65
0.00599999520000384	0.0239399808480153	9.677	1.33	2842.42
0.0099999920000064	0.028079977536018	11.327	1.385	4040.31
0.0129999896000083	0.0298799760960191	13.939	1.522	5314.6
0.0199999840000128	0.035999971200023	14.611	2.08	8253.09
0.0279999776000179	0.0460799631360295	17.572	1.905	11308.21
0.0429999656000275	0.0601199519040385	20.335	2.344	17326
0.063999948800041	0.0799199360640512	24.176	3.201	24260.43
0.0949999240000608	0.111959910432072	28.932	3.818	41844.25
0.141999886400091	0.160019871984102	30.892	5.054	56586.4
0.211999830400136	0.229859816112147	38.441	7.167	92557.45
0.316999746400203	0.334079732736214	45.119	11.018	139870.82
0.474999620000304	0.491939606448315	69.106	16.736	187680.28
0.711999430400456	0.729899416080467	81.125	23.449	256269.87
1.06699914640068	1.08413913268869	108.989	34.947	377202.99
1.59899872080102	1.61603870716903	158.392	51.878	597544.47
2.39899808080154	2.41595806723355	194.498	75.978	798354.36
3.5979971216023	3.61601710718631	273.392	112.686	1145451.05
5.39599568320345	5.41205567035546	422.873	167.106	1483253.6
8.09299352560518	8.11007351194119	581.408	251.361	1900778
12.1389902888078	12.1559302752558	893.728	380.249	2160966.04
18.2079854336117	18.2239054208757	1268.43	555.232	2418190.17
27.3099781520175	27.3279381376495	1920.524	846.953	2818349.92
37.3099701520239	37.3278301377359	2578.298	1143.17	3251270.63
47.3099621520303	47.3261021391183	3242.607	1444.589	3690632.27
57.3109541512367	57.3279741376207	3833.613	1758.214	4110629.78
67.3099461520431	67.3260661391471	4562.874	2051.089	4537810.07
77.3109381512495	77.3279381376495	5123.095	2346.848	4978941.17
87.3109301512559	87.3280101375919	5849.397	2663.502	5418985.95
97.3109221512623	97.3279021376783	6544.431	2997.877	5849118.28
