0.00099999920000064	0.0179999856000115	7.466	1.063	768.2
0.00299999760000192	0.0199799840160128	7.475	1.096	1234.5
0.00399999680000256	0.0219599824320141	8.057	1.186	1499.79
0.0049999960000032	0.0219599824320141	12.504	1.218	2195.22
0.00599999520000384	0.0241199807040154	10.075	1.195	2838.4
0.0099999920000064	0.0278999776800179	10.201	1.285	3923.73
0.013999988800009	0.0320399743680205	11.132	1.358	6186.9
0.0199999840000128	0.0379799696160243	13.222	1.55	8393.79
0.0289999768000186	0.0460799631360295	16.618	2.242	11308.21
0.0429999656000275	0.0601199519040385	19.28	1.99	16723
0.063999948800041	0.0820799343360525	27.218	2.475	23150.92
0.0929999256000595	0.10997991201607	26.706	3.225	38173.86
0.141999886400091	0.160019871984102	29.491	4.32	68579.1
0.211999830400136	0.230039815968147	41.425	6.375	80773.14
0.316999746400203	0.334079732736214	45.944	8.851	136734.39
0.474999620000304	0.492119606304315	67.924	13.741	199170.03
0.711999430400456	0.730079415936467	82.199	22.325	255690.68
1.06699914640068	1.08395913283269	107.361	32.833	407610.68
1.59899872080102	1.61603870716903	150.79	50.625	592201.55
2.39899808080154	2.41613806708955	203.647	76.767	799075.59
3.5969971224023	3.61385710891431	292.137	111.844	1105094.23
5.39499568400345	5.41205567035546	416.487	169.074	1452291.25
8.09299352560518	8.10989351208519	604.243	253.888	1919525.4
12.1389902888078	12.1559302752558	875.873	374.106	2147137.18
18.2079854336117	18.2239054208757	1253.717	561.822	2422723.06
27.3109781512175	27.3279381376495	1890.501	841.107	2802785.17
37.3109701512239	37.3280101375919	2548.966	1153.861	3251992.05
47.3109621512303	47.3279021376783	3189.497	1480.49	3685537.5
57.3109541512367	57.3279741376207	3895.056	1778.593	4121632.53
67.3099461520431	67.3258861392911	4575.992	2100.152	4566365.35
77.3109381512495	77.3279381376495	5214.361	2458.922	4985805.24
87.3109301512559	87.3278301377359	5950.619	2759.326	5419719.62
97.3109221512623	97.3279021376783	6446.905	4878.425	5848531.12
