0.00199999840000128	0.0199799840160128	14.37	1.108	856.64
0.00299999760000192	0.0199799840160128	8.237	0.926	1206.37
0.00399999680000256	0.0219599824320141	8.866	0.988	1793.24
0.0049999960000032	0.0219599824320141	8.596	1.03	2078.65
0.00599999520000384	0.0239399808480153	8.637	0.996	2834.38
0.00899999280000576	0.0260999791200167	9.374	1.109	3835.3
0.013999988800009	0.0300599759520192	10.683	1.193	5640.2
0.0199999840000128	0.0379799696160243	13.765	1.316	7171.76
0.0289999768000186	0.0458999632800294	16.277	1.514	11477.04
0.0429999656000275	0.0599399520480384	20.337	1.793	16723
0.0629999496000403	0.0800999359200513	20.899	2.283	24059.44
0.0939999248000602	0.10997991201607	38.778	2.904	38093.46
0.141999886400091	0.158039873568101	30.533	4.806	59384.54
0.211999830400136	0.229859816112147	94.882	5.972	85971.72
0.316999746400203	0.334079732736214	42.046	8.434	124751.84
0.474999620000304	0.492119606304315	65.396	13.185	194585.36
0.710999431200455	0.727919417664466	75.638	20.016	272841.99
1.06699914640068	1.08395913283269	109.978	34.092	408572.4
1.59999872000102	1.61603870716903	144.592	48.798	538580.17
2.39899808080154	2.41595806723355	198.614	73.16	782922.53
3.5979971216023	3.61403710877031	287.642	109.646	1113632.18
5.39599568320345	5.41403566877147	414.015	164.649	1444302.05
8.09199352640518	8.10989351208519	593.743	244.004	1889550.83
12.1389902888078	12.1559302752558	866.226	364.585	2155800.09
18.2079854336117	18.2260654191477	1231.657	545.942	2420320.34
27.3109781512175	27.3279381376495	1810.144	817.94	2825264.28
37.3109701512239	37.3278301377359	2453.836	1122.314	3245106.7
47.3099621520303	47.3261021391183	3086.932	1427.335	3673746.42
57.3099541520367	57.3279741376207	3770.197	1728.02	4114944.46
67.3109461512431	67.3280461375631	4516.652	2066.324	4543118.69
77.3109381512495	77.3279381376495	5108.185	2341.744	4976739.65
87.3109301512559	87.3278301377359	5666.53	2638.443	5411664.61
97.3109221512623	97.3279021376783	8199.475	4646.998	5851445.5
