0.00199999840000128	0.0179999856000115	7.87	1.273	804.38
0.00299999760000192	0.0199799840160128	7.953	1.476	1250.58
0.00399999680000256	0.0199799840160128	8.073	1.385	1588.23
0.0049999960000032	0.0219599824320141	8.88	1.409	1970.11
0.00699999440000448	0.0241199807040154	10.978	1.442	2830.36
0.0099999920000064	0.028079977536018	16.747	1.556	4185.02
0.0129999896000083	0.0300599759520192	15.553	1.607	6198.96
0.0199999840000128	0.0379799696160243	15.327	1.892	7167.74
0.0279999776000179	0.0439199648640281	16.954	2.095	11702.15
0.0429999656000275	0.0601199519040385	21.363	2.555	19456.57
0.0629999496000403	0.0800999359200513	46.192	3.097	25241.31
0.0949999240000608	0.111959910432072	28.031	4.589	36754.76
0.141999886400091	0.158039873568101	32.491	5.375	59018.7
0.210999831200135	0.228059817552146	39.102	7.767	87551.8
0.316999746400203	0.334079732736214	45.959	11.138	120304.7
0.474999620000304	0.491939606448315	67.306	16.503	177895.95
0.711999430400456	0.727919417664466	85.461	23.295	271381.85
1.06699914640068	1.08413913268869	106.166	35.006	412584.31
1.59899872080102	1.61603870716903	150.107	53.054	544687.06
2.39899808080154	2.41595806723355	199.216	76.654	789349.01
3.5979971216023	3.61385710891431	285.24	115.332	1119075.52
5.39599568320345	5.41187567049946	427.822	173.208	1485623.51
8.09299352560518	8.10989351208519	591.192	255.262	1876718.06
12.1389902888078	12.1559302752558	855.477	379.58	2146587.74
18.2079854336117	18.2239054208757	1300.762	576.587	2424194.91
27.3109781512175	27.3279381376495	1855.111	848.914	2804713.74
37.3099701520239	37.3280101375919	2608.092	1168.116	3240515.18
47.3109621512303	47.3279021376783	3216.812	1508.902	3688950.69
57.3109541512367	57.3279741376207	3860.761	1773.793	4125653.86
67.3109461512431	67.3280461375631	4565.802	2086.96	4559593.48
77.3109381512495	77.3279381376495	5169.897	2431.802	5000468.5
87.3109301512559	87.3280101375919	5994.574	2712.256	5410754.78
97.3109221512623	97.3279021376783	6597.039	3057.889	5847835.24
