0.00199999840000128	0.0179999856000115	7.167	1.281	824.48
0.00199999840000128	0.0199799840160128	7.459	1.104	1202.35
0.00299999760000192	0.0201599838720129	7.727	1.113	1620.39
0.0049999960000032	0.0219599824320141	9.991	1.142	2046.49
0.00699999440000448	0.0241199807040154	8.824	1.18	2830.36
0.00899999280000576	0.0259199792640166	9.475	1.299	4562.89
0.013999988800009	0.0320399743680205	11.621	1.356	5917.55
0.0199999840000128	0.035999971200023	24.071	1.506	8522.44
0.0289999768000186	0.0458999632800294	16.027	1.808	10387.63
0.0429999656000275	0.0599399520480384	21.593	2.063	15352.22
0.063999948800041	0.0820799343360525	21.651	2.454	29245.25
0.0949999240000608	0.112139910288072	26.939	4.043	37357.77
0.141999886400091	0.160019871984102	29.937	5.419	53000.32
0.210999831200135	0.228059817552146	38.931	6.314	74364.5
0.316999746400203	0.334079732736214	44.264	8.856	125359.02
0.474999620000304	0.492119606304315	62.094	14.822	170914.75
0.710999431200455	0.727919417664466	108.65	20.875	262299.32
1.06699914640068	1.08395913283269	109.228	32.674	361619.93
1.59899872080102	1.61603870716903	156.895	51.348	546997.79
2.39799808160153	2.41595806723355	252.798	75.864	818292.18
3.5979971216023	3.61403710877031	291.961	112.807	1104702.86
5.39599568320345	5.41205567035546	407.364	167.807	1487479.77
8.09299352560518	8.10989351208519	588.615	253.861	1915132.54
12.1389902888078	12.1559302752558	862.59	376.977	2165888.85
18.2079854336117	18.2239054208757	1273.474	564.832	2426324.84
27.3109781512175	27.3279381376495	1898.576	840.716	2802579.61
37.3109701512239	37.3280101375919	2616.098	1167.575	3242515.55
47.3109621512303	47.3280821375343	3222.32	1486.867	3672681.28
57.3109541512367	57.3277941377647	3893.895	1786.954	4117221.36
67.3109461512431	67.3280461375631	4560.801	2119.607	4542179.39
77.3109381512495	77.3279381376495	5225.206	2460.849	4978920.01
87.3109301512559	87.3280101375919	5865.164	2741.119	5412453.09
97.3109221512623	97.3279021376783	6409.996	4923.74	5847956.73
