0.00099999920000064	0.0179999856000115	6.83	1.058	1330.98
0.00099999920000064	0.0179999856000115	6.879	1.062	768.2
0.00299999760000192	0.0199799840160128	8.338	1.164	1974.13
0.00399999680000256	0.0199799840160128	7.992	1.112	1684.71
0.00699999440000448	0.0239399808480153	10.107	1.374	2585.15
0.00899999280000576	0.0259199792640166	9.573	1.271	4201.1
0.013999988800009	0.0320399743680205	12.529	1.395	5640.2
0.0199999840000128	0.035999971200023	15.867	1.517	9049.02
0.0289999768000186	0.0460799631360295	16.019	1.659	12859.88
0.0429999656000275	0.0599399520480384	25.122	2.001	17426.49
0.063999948800041	0.0820799343360525	27.288	2.592	24059.44
0.0949999240000608	0.111959910432072	42.495	3.605	35906.51
0.141999886400091	0.158039873568101	29.165	4.497	50186.16
0.211999830400136	0.230039815968147	38.59	6.241	88090.55
0.316999746400203	0.334079732736214	50.314	8.654	129673.5
0.474999620000304	0.492119606304315	63.531	15.885	185838.4
0.711999430400456	0.727919417664466	81.758	23.889	281108.19
1.06699914640068	1.08395913283269	110.358	32.765	390674.26
1.59999872000102	1.61603870716903	171.846	50.069	562956.01
2.39799808160153	2.41397806881754	206.966	75.51	794361.34
3.5979971216023	3.61601710718631	292.329	111.762	1111691.34
5.39499568400345	5.41187567049946	411.636	169.961	1488236.06
8.09299352560518	8.10989351208519	599.708	253.576	1894587.85
12.1389902888078	12.1559302752558	859.957	376.551	2158454.34
18.2079854336117	18.2240854207317	1271.166	567.929	2428714.96
27.3109781512175	27.3279381376495	1856.407	848.321	2804600.62
37.3109701512239	37.3280101375919	2534.614	1150.423	3239274
47.3109621512303	47.3279021376783	3220.178	1472.842	3684401.2
57.3109541512367	57.3279741376207	3847.918	1783.129	4132815.47
67.3109461512431	67.3280461375631	4530.427	2124.391	4551488.03
77.3109381512495	77.3279381376495	5176.977	2434.458	4969586.21
87.3109301512559	87.3280101375919	5992.193	2733.871	5412365.09
97.3109221512623	97.3279021376783	6391.409	4826.37	5848531.1
