0.00199999840000128	0.0201599838720129	7.713	1.142	812.42
0.00299999760000192	0.0199799840160128	7.69	1.138	1121.95
0.00399999680000256	0.0219599824320141	8.378	1.314	1660.59
0.0049999960000032	0.0219599824320141	8.328	1.252	1998.25
0.00699999440000448	0.0241199807040154	9.081	1.259	2890.66
0.0099999920000064	0.0260999791200167	9.526	1.445	4052.37
0.013999988800009	0.0320399743680205	14.106	1.482	5817.07
0.0189999848000122	0.035999971200023	15.248	1.644	8401.83
0.0289999768000186	0.0458999632800294	16.532	1.876	11653.91
0.0429999656000275	0.0599399520480384	19.599	2.284	16731.04
0.063999948800041	0.0800999359200513	21.919	2.827	25337.79
0.0949999240000608	0.111959910432072	29.449	3.885	43295.53
0.141999886400091	0.158039873568101	32.231	5.2	50186.16
0.211999830400136	0.227879817696146	41.52	7.931	81255.62
0.316999746400203	0.334079732736214	48.472	10.684	127345.35
0.474999620000304	0.491939606448315	80.064	15.377	180131.89
0.711999430400456	0.727919417664466	83.287	23.094	261506.9
1.06699914640068	1.08395913283269	106.586	33.417	385596.32
1.59999872000102	1.61603870716903	155.467	53.629	552806.89
2.39899808080154	2.41595806723355	208.44	78.309	784078.9
3.5979971216023	3.61385710891431	310.658	114.148	1106445.93
5.39599568320345	5.41403566877147	392.791	166.223	1471906.26
8.09299352560518	8.11007351194119	584.758	249.54	1923098.34
12.1379902896078	12.1541302766958	873.21	372.977	2159217.74
18.2079854336117	18.2260654191477	1262.005	554.905	2418584.28
27.3109781512175	27.3279381376495	1834.79	841.353	2804659.34
37.3099701520239	37.3260301391759	2552.564	1126.571	3239710.35
47.3109621512303	47.3279021376783	3111.151	1431.928	3673725.46
57.3109541512367	57.3279741376207	3723.285	1721.054	4115502.2
67.3109461512431	67.3280461375631	4372.746	2041.033	4564503.41
77.3109381512495	77.3279381376495	5133.004	2356.836	4986853.58
87.3109301512559	87.3278301377359	5718.812	2625.599	5404251.24
97.3109221512623	97.3279021376783	6387.395	2978.023	5846673.68
