0.00199999840000128	0.0179999856000115	7.072	1.15	856.64
0.00299999760000192	0.0199799840160128	7.957	1.171	1134.01
0.00399999680000256	0.0199799840160128	9.028	1.236	1479.69
0.00399999680000256	0.0199799840160128	8.929	1.185	1921.88
0.00699999440000448	0.0239399808480153	10.747	1.285	2673.58
0.00899999280000576	0.0259199792640166	10.195	1.369	3923.73
0.013999988800009	0.0300599759520192	14.265	1.47	6186.9
0.0199999840000128	0.035999971200023	14.936	2.164	8088.28
0.0289999768000186	0.0460799631360295	21.56	2.047	11296.15
0.0429999656000275	0.0599399520480384	19.582	2.344	16594.37
0.0629999496000403	0.0799199360640512	23.547	2.869	29313.58
0.0949999240000608	0.111959910432072	26.287	3.763	38021.08
0.141999886400091	0.158039873568101	32.953	5.062	57949.3
0.211999830400136	0.230039815968147	45.042	7.248	84616.8
0.316999746400203	0.334079732736214	45.53	10.737	124997.11
0.474999620000304	0.491939606448315	65.974	15.664	184744.54
0.711999430400456	0.730079415936467	79.54	23.009	250357.2
1.06699914640068	1.08413913268869	123.393	34.797	389278.01
1.59999872000102	1.61603870716903	153.764	51.959	532445.26
2.39899808080154	2.41595806723355	193.198	75.968	783200.56
3.5979971216023	3.61601710718631	294.158	112.698	1051998.53
5.39499568400345	5.41205567035546	423.284	168.364	1469160.59
8.09199352640518	8.10989351208519	577.764	249.902	1901703.45
12.1389902888078	12.1559302752558	854.433	378.581	2158534.08
18.2079854336117	18.2239054208757	1309.731	564.7	2424492.54
27.3109781512175	27.3281181375055	1854.054	829.47	2802571.19
37.3099701520239	37.3258501393199	2505.352	1137.398	3237873.57
47.3109621512303	47.3280821375343	3166.613	1441.122	3671113.05
57.3109541512367	57.3279741376207	3863.161	1749.98	4118617.53
67.3109461512431	67.3280461375631	4447.082	2036.133	4559597.66
77.3109381512495	77.3279381376495	5135.829	2370.819	4984865.95
87.3109301512559	87.3278301377359	5827.442	2679.774	5413786.52
97.3109221512623	97.3279021376783	6408.219	2947.381	5846988.07
