0.00199999840000128	0.0179999856000115	7.913	1.192	816.44
0.00299999760000192	0.0199799840160128	7.567	0.962	1298.82
0.00399999680000256	0.0199799840160128	8.859	0.978	2094.73
0.00399999680000256	0.0219599824320141	8.004	0.969	1660.59
0.00699999440000448	0.0239399808480153	9.119	1.314	2842.42
0.00899999280000576	0.0260999791200167	10.376	1.148	3614.21
0.013999988800009	0.0300599759520192	12.638	1.248	5354.79
0.0199999840000128	0.035999971200023	14.148	1.306	7183.82
0.0289999768000186	0.0458999632800294	18.445	1.656	13125.19
0.0429999656000275	0.0599399520480384	20.339	1.815	17832.5
0.063999948800041	0.0800999359200513	22.379	2.296	26387
0.0949999240000608	0.112139910288072	34.512	4.12	46089.55
0.141999886400091	0.158039873568101	34.958	4.354	57032.66
0.211999830400136	0.228059817552146	42.265	6.526	74432.84
0.316999746400203	0.333899732880214	47.936	8.811	141410.91
0.474999620000304	0.492119606304315	62.881	14.827	185046.17
0.711999430400456	0.729899416080467	83.601	22.956	259511.86
1.06699914640068	1.08395913283269	109.846	31.537	396581.19
1.59999872000102	1.61801870558504	159.317	49.334	581270.38
2.39899808080154	2.41595806723355	203.773	74.657	799712.24
3.5969971224023	3.61403710877031	299.901	109.12	1097597.61
5.39599568320345	5.41205567035546	394.077	163.049	1474777.42
8.09199352640518	8.10791351366919	589.322	248.189	1895610.69
12.1389902888078	12.1559302752558	852.574	367.617	2151657.31
18.2079854336117	18.2260654191477	1249.655	555.141	2424928.59
27.3109781512175	27.3281181375055	1857.439	838.435	2802105.67
37.3099701520239	37.3260301391759	2488.861	1134.734	3245203.24
47.3109621512303	47.3279021376783	3186.47	1452.474	3687881.48
57.3109541512367	57.3279741376207	3886.559	1747.826	4133037.87
67.3109461512431	67.3280461375631	4519.374	2038.995	4564599.97
77.3099381520495	77.3257781393775	5119.804	2389.316	4980626.61
87.3109301512559	87.3278301377359	5808.052	2679.657	5411715.09
97.3109221512623	97.3279021376783	7345.153	4825.62	5846711.44
