0.00199999840000128	0.0179999856000115	7.448	1.262	808.4
0.00299999760000192	0.0201599838720129	11.502	1.316	1170.19
0.00399999680000256	0.0219599824320141	8.743	1.354	1544.01
0.0049999960000032	0.0221399822880142	10.522	1.362	1970.11
0.00599999520000384	0.0241199807040154	9.276	1.47	2548.97
0.0099999920000064	0.028079977536018	15.443	1.542	3622.25
0.0129999896000083	0.0300599759520192	11.669	1.665	6403.97
0.0199999840000128	0.0381599694720244	17.894	1.845	9049.02
0.0289999768000186	0.0458999632800294	17.116	2.116	12361.4
0.0419999664000269	0.0581399534880372	24.489	2.478	17257.66
0.0629999496000403	0.0799199360640512	25.224	3.917	22732.84
0.0949999240000608	0.112139910288072	30.354	4.298	33663.3
0.141999886400091	0.158039873568101	51.613	5.474	58126.17
0.211999830400136	0.230039815968147	42.33	8.237	79860.49
0.316999746400203	0.334079732736214	46.187	10.91	128640.1
0.474999620000304	0.491939606448315	83.849	16.388	194484.8
0.711999430400456	0.727919417664466	79.775	23.052	285396.23
1.06699914640068	1.08413913268869	118.683	34.865	398190.73
1.59899872080102	1.61585870731303	158.034	54.073	566768.55
2.39899808080154	2.41595806723355	212.712	77.61	805184.12
3.5979971216023	3.61601710718631	295.406	116.896	1078336.87
5.39599568320345	5.41187567049946	434.166	174.555	1496575.52
8.09299352560518	8.10989351208519	578.801	256.089	1896349.46
12.1389902888078	12.1559302752558	878.181	380.978	2149464.37
18.2069854344117	18.2240854207317	1302.708	568.573	2428509.37
27.3109781512175	27.3281181375055	1862.091	850.252	2804785.2
37.3109701512239	37.3280101375919	2591.065	1168.705	3238200.78
47.3109621512303	47.3279021376783	3241.318	1479.085	3682807.64
57.3109541512367	57.3279741376207	3865.048	1760.596	4116772.66
67.3109461512431	67.3280461375631	4582.125	2132.276	4554687.54
77.3109381512495	77.3279381376495	5209.483	2434.34	4971749.73
87.3109301512559	87.3280101375919	5905.737	2717.418	5414239.31
97.3109221512623	97.3279021376783	6504.21	3021.378	5848975.78
