0.00199999840000128	0.0201599838720129	8.03	1.161	808.4
0.00299999760000192	0.0199799840160128	8.201	1.17	1238.52
0.00399999680000256	0.0199799840160128	11.36	1.182	1483.71
0.0049999960000032	0.0221399822880142	9.019	1.287	1837.46
0.00699999440000448	0.0239399808480153	9.171	1.324	2749.96
0.0099999920000064	0.028079977536018	11.327	1.44	4140.8
0.013999988800009	0.0320399743680205	12.213	1.54	5917.55
0.0199999840000128	0.035999971200023	13.504	1.715	8848.03
0.0289999768000186	0.0458999632800294	19.335	1.942	11738.31
0.0429999656000275	0.0599399520480384	20.979	2.396	17832.5
0.063999948800041	0.0800999359200513	22.25	3.058	22752.93
0.0949999240000608	0.111959910432072	75.688	3.935	37357.77
0.14099988720009	0.158039873568101	53.169	7.284	56473.84
0.211999830400136	0.229859816112147	39.161	7.141	85738.51
0.316999746400203	0.333899732880214	52.674	10.202	115206.25
0.474999620000304	0.491939606448315	69.975	15.76	175925.45
0.711999430400456	0.730079415936467	78.853	22.998	273449.36
1.06699914640068	1.08413913268869	106.521	35.192	395064.23
1.59999872000102	1.61603870716903	185.396	52.737	563165.34
2.39899808080154	2.41595806723355	202.007	76.633	783128.04
3.5979971216023	3.61601710718631	282.087	112.553	1096282.3
5.39599568320345	5.41403566877147	403.498	168.253	1447920.6
8.09299352560518	8.11007351194119	587.044	249.171	1887813.72
12.1389902888078	12.1559302752558	856.136	373.73	2162702.12
18.2079854336117	18.2239054208757	1290.854	565.894	2413447.72
27.3109781512175	27.3279381376495	1881.418	844.851	2811682.84
37.3109701512239	37.3280101375919	2484.032	1139.751	3245031.39
47.3109621512303	47.3279021376783	3280.094	1452.272	3684044.77
57.3109541512367	57.3279741376207	3836.908	1740.003	4116470.83
67.3109461512431	67.3280461375631	4498.83	2059.852	4540271.41
77.3109381512495	77.3279381376495	5151.323	2406.217	4981884.55
87.3109301512559	87.3278301377359	5841.355	2666.99	5407525.97
97.3109221512623	97.3279021376783	6544.221	3291.113	5847457.79
