0.00199999840000128	0.0199799840160128	13.271	0.938	836.54
0.00299999760000192	0.0199799840160128	7.573	0.969	1242.54
0.00399999680000256	0.0199799840160128	7.324	0.956	1483.71
0.0049999960000032	0.0219599824320141	8.224	1.011	2078.65
0.00699999440000448	0.0239399808480153	11.859	1.063	3083.59
0.0099999920000064	0.0278999776800179	10.157	1.085	4060.41
0.013999988800009	0.0298799760960191	11.801	1.232	5664.32
0.0199999840000128	0.035999971200023	13.26	1.295	7855.13
0.0289999768000186	0.0460799631360295	16.074	1.954	11678.03
0.0429999656000275	0.0601199519040385	20.148	1.773	15328.1
0.063999948800041	0.0799199360640512	22.974	3.141	25337.79
0.0949999240000608	0.111959910432072	26.83	2.937	36790.93
0.14099988720009	0.158039873568101	28.67	4.36	64578.83
0.211999830400136	0.230039815968147	39.185	6.204	86582.84
0.316999746400203	0.333899732880214	57.196	7.937	125978.23
0.474999620000304	0.492119606304315	62.787	12.914	200629.89
0.711999430400456	0.728099417520466	81.244	21	259081.46
1.06699914640068	1.08395913283269	108.556	30.894	399904.9
1.59999872000102	1.61801870558504	154.616	48.513	586069.58
2.39899808080154	2.41595806723355	196.586	72.799	775476.96
3.5979971216023	3.61583710733031	287.173	109.984	1139454.07
5.39599568320345	5.41187567049946	401.162	161.814	1429824.81
8.09299352560518	8.11007351194119	586.341	242.626	1915039.14
12.1379902896078	12.1561102751118	824.328	367.102	2156060.2
18.2079854336117	18.2260654191477	1241.979	545.554	2416055.79
27.3109781512175	27.3279381376495	1821.767	824.002	2814282.56
37.3109701512239	37.3280101375919	2503.912	1110.021	3256189.21
47.3109621512303	47.3279021376783	3108.766	1424.052	3685017.52
57.3109541512367	57.3279741376207	3758.644	1736.773	4122420.67
67.3099461520431	67.3260661391471	4412.721	2022.726	4541944.51
77.3109381512495	77.3279381376495	5039.089	2339.835	4982446.29
87.3109301512559	87.3280101375919	5601.719	2643.514	5409425.59
97.3109221512623	97.3279021376783	6334.456	4740.332	5849466.26
