0.00199999840000128	0.0179999856000115	16.45	1.259	796.34
0.00299999760000192	0.0199799840160128	9.637	1.339	1134.01
0.00399999680000256	0.0219599824320141	10.787	1.365	1624.41
0.0049999960000032	0.0219599824320141	11.166	1.481	2030.41
0.00699999440000448	0.0241199807040154	12.727	1.464	2934.87
0.00899999280000576	0.0260999791200167	23.709	1.54	4032.27
0.013999988800009	0.0300599759520192	14.19	1.603	5780.9
0.0199999840000128	0.035999971200023	17.052	2.314	8253.09
0.0279999776000179	0.0460799631360295	23.349	2.102	11702.15
0.0429999656000275	0.0599399520480384	25.873	2.696	17326
0.063999948800041	0.0818999344800524	33.552	3.262	29245.25
0.0949999240000608	0.111959910432072	41.427	4.04	43392.02
0.141999886400091	0.160019871984102	50.89	6.225	57032.66
0.211999830400136	0.228059817552146	73.215	7.747	74304.18
0.316999746400203	0.333899732880214	93.444	10.956	124631.21
0.474999620000304	0.492119606304315	128.591	16.301	175177.44
0.711999430400456	0.727919417664466	183.305	24.409	281108.19
1.06699914640068	1.08413913268869	258.924	34.696	407172.08
1.59999872000102	1.61783870572904	384.113	53.538	593667.11
2.39899808080154	2.41613806708955	536.878	78.335	784159.46
3.5979971216023	3.61601710718631	772.82	114.655	1097710.59
5.39599568320345	5.41187567049946	1147.372	170.592	1469350.62
8.09299352560518	8.10989351208519	1673.27	251.344	1871596.8
12.1389902888078	12.1559302752558	2536.176	380.15	2168639.7
18.2079854336117	18.2258854192917	3745.307	564.51	2415917.49
27.3109781512175	27.3279381376495	5554.097	846.868	2803003.08
37.3099701520239	37.3260301391759	7570.943	1146.121	3253488.78
47.3099621520303	47.3261021391183	9529.524	1442.272	3673272.6
57.3109541512367	57.3279741376207	11536.041	1748.589	4128412.76
67.3109461512431	67.3278661377071	13615.365	2079.011	4540258.97
77.3109381512495	77.3279381376495	15572.78	2354.886	4978626.58
87.3109301512559	87.3278301377359	17522.361	2697.416	5410046.19
97.3109221512623	97.3279021376783	19669.89	3142.317	5848971.66
