0.00199999840000128	0.0199799840160128	9.27	0.948	832.52
0.00299999760000192	0.0199799840160128	9.615	0.961	1584.21
0.00299999760000192	0.0199799840160128	25.418	1.035	1121.95
0.0049999960000032	0.0219599824320141	17.897	1.022	1921.88
0.00699999440000448	0.0241199807040154	423.778	1.142	2548.97
0.00899999280000576	0.0259199792640166	12.674	1.2	4140.8
0.0129999896000083	0.0300599759520192	13.901	1.162	5479.41
0.0199999840000128	0.035999971200023	16.494	1.313	7171.76
0.0289999768000186	0.0458999632800294	21.971	1.533	10363.51
0.0429999656000275	0.0599399520480384	31.896	1.783	17257.66
0.063999948800041	0.0818999344800524	31.681	2.252	31126.65
0.0939999248000602	0.112139910288072	39.99	2.92	43295.53
0.141999886400091	0.159839872128102	50.556	4.149	62275.14
0.210999831200135	0.228059817552146	68.363	6.655	74364.5
0.316999746400203	0.334079732736214	84.68	8.402	120417.3
0.474999620000304	0.491939606448315	129.782	14.553	188355.91
0.710999431200455	0.727919417664466	185.597	20.394	268147.82
1.06699914640068	1.08413913268869	281.438	31.466	432809.62
1.59999872000102	1.61603870716903	369.594	48.603	540572.85
2.39899808080154	2.41595806723355	518.943	73.074	784630.88
3.5979971216023	3.61403710877031	764.571	108.514	1122226.99
5.39599568320345	5.41187567049946	1146.73	161.236	1463572.31
8.09199352640518	8.10791351366919	1679.352	247.257	1883905.33
12.1389902888078	12.1559302752558	2473.392	369.264	2167075.69
18.2079854336117	18.2260654191477	3706.654	546.119	2424647.62
27.3109781512175	27.3279381376495	5563.086	865.984	2808550.61
37.3109701512239	37.3280101375919	7525.813	1113.977	3238179.68
47.3109621512303	47.3279021376783	9502.893	1419.292	3681579.16
57.3109541512367	57.3277941377647	11521.309	1734.34	4113661.34
67.3109461512431	67.3280461375631	13411.625	2029.763	4543776.97
77.3109381512495	77.3279381376495	15505.218	2335.11	4989599.91
87.3099301520559	87.3260301391759	17590.771	2640.085	5418881.03
97.3109221512623	97.3279021376783	19253.936	15547.071	5846635.8
