0.00099999920000064	0.0179999856000115	7.81	1.088	808.4
0.00299999760000192	0.0199799840160128	7.784	1.156	1479.69
0.00299999760000192	0.0199799840160128	7.852	1.175	1298.82
0.0049999960000032	0.0219599824320141	8.152	1.211	1861.58
0.00699999440000448	0.0239399808480153	8.946	1.264	2798.2
0.0099999920000064	0.0259199792640166	9.616	1.446	3674.5
0.013999988800009	0.0300599759520192	11.98	1.873	5121.64
0.0199999840000128	0.035999971200023	12.725	1.59	8164.66
0.0289999768000186	0.0460799631360295	16.457	1.884	11678.03
0.0429999656000275	0.0599399520480384	19.776	2.297	19673.64
0.0619999504000397	0.0799199360640512	22.482	2.877	29245.25
0.0949999240000608	0.111959910432072	28.195	3.722	36999.99
0.14099988720009	0.158039873568101	30.231	5.364	56811.55
0.210999831200135	0.228059817552146	39.362	9.043	82506.01
0.316999746400203	0.334079732736214	46.777	10.165	139750.18
0.473999620800303	0.489959608032314	64.128	15.715	185279.42
0.710999431200455	0.727919417664466	78.745	24.62	280597.33
1.06699914640068	1.08395913283269	113.937	34.469	405997.08
1.59899872080102	1.61603870716903	164.312	53.211	566692.08
2.39899808080154	2.41595806723355	206.789	79.634	791045.28
3.5979971216023	3.61403710877031	273.969	112.769	1117352.51
5.39599568320345	5.41403566877147	404.18	166.288	1497016.37
8.09199352640518	8.11007351194119	573.138	254.811	1874709.26
12.1389902888078	12.1561102751118	833.905	372.181	2159875.93
18.2079854336117	18.2258854192917	1279.354	553.554	2429260.16
27.3109781512175	27.3279381376495	1846.199	825.218	2816022.78
37.3099701520239	37.3280101375919	2477.314	1115.303	3246997.8
47.3109621512303	47.3279021376783	3124.284	1417.811	3689030.43
57.3109541512367	57.3279741376207	3753.228	1717.309	4127360.28
67.3109461512431	67.3278661377071	4483.958	2014.293	4549819.23
77.3109381512495	77.3279381376495	5028.123	2335.069	4971133.34
87.3109301512559	87.3278301377359	5747.643	2644.611	5402888.45
97.3109221512623	97.3279021376783	6342.902	2920.247	5847579.41
