0.00199999840000128	0.0179999856000115	8.97	1.194	808.4
0.00299999760000192	0.0199799840160128	16.299	1.214	1134.01
0.00399999680000256	0.0199799840160128	9.996	1.321	1584.21
0.0049999960000032	0.0219599824320141	26.538	1.219	2122.87
0.00699999440000448	0.0241199807040154	12.042	1.266	3356.94
0.0099999920000064	0.028079977536018	24.262	1.39	3614.21
0.013999988800009	0.0320399743680205	30.249	1.5	6403.97
0.0199999840000128	0.035999971200023	18.285	1.667	7806.89
0.0289999768000186	0.0458999632800294	22.295	1.95	10363.51
0.0419999664000269	0.0599399520480384	30.452	2.285	17326
0.063999948800041	0.0799199360640512	34.915	2.915	22789.11
0.0949999240000608	0.111959910432072	47.415	4.883	34254.26
0.14099988720009	0.158039873568101	79.3	5.69	62411.84
0.210999831200135	0.228059817552146	67.643	7.667	84202.68
0.316999746400203	0.333899732880214	86.908	10.766	136734.39
0.474999620000304	0.491939606448315	132.479	15.386	183509.93
0.711999430400456	0.727919417664466	176.695	23.708	250819.78
1.06699914640068	1.08395913283269	262.555	34.256	393917.44
1.59899872080102	1.61603870716903	368.997	51.668	562223.3
2.39899808080154	2.41613806708955	542.08	74.605	775396.36
3.5979971216023	3.61403710877031	772.501	111.272	1047625.94
5.39599568320345	5.41385566891547	1114.471	165.042	1495459.27
8.09299352560518	8.11007351194119	1673.37	246.618	1878645.68
12.1389902888078	12.1559302752558	2483.475	368.32	2158940.8
18.2079854336117	18.2239054208757	3689.039	556.458	2416710.05
27.3109781512175	27.3279381376495	5553.117	820.92	2812856.9
37.3099701520239	37.3278301377359	7610.741	1128.444	3232451.79
47.3109621512303	47.3279021376783	9651.193	1423.657	3680803.42
57.3109541512367	57.3279741376207	11458.25	1722.892	4117665.67
67.3109461512431	67.3278661377071	13628.588	2024.32	4544137.36
77.3109381512495	77.3279381376495	15531.578	2340.799	5000317.59
87.3109301512559	87.3278301377359	17618.545	2638.497	5410004.29
97.3109221512623	97.3279021376783	19608.135	2914.926	5849751.43
