0.00099999920000064	0.0179999856000115	9.769	1.062	808.4
0.00299999760000192	0.0199799840160128	13.19	1.218	1170.19
0.00399999680000256	0.0199799840160128	9.895	1.171	2026.39
0.00399999680000256	0.0201599838720129	11.189	1.198	1483.71
0.00699999440000448	0.0241199807040154	12.461	1.204	3083.59
0.0099999920000064	0.0260999791200167	12.862	1.237	3618.23
0.0119999904000077	0.0300599759520192	14.619	1.433	6391.91
0.0199999840000128	0.0379799696160243	18.27	1.521	7630.02
0.0289999768000186	0.0460799631360295	21.503	1.844	11042.88
0.0429999656000275	0.0599399520480384	64.177	2.079	17760.14
0.063999948800041	0.0799199360640512	39.197	2.496	22752.93
0.0949999240000608	0.111959910432072	45.799	4.428	35906.51
0.141999886400091	0.158039873568101	61.204	4.747	50186.16
0.210999831200135	0.228059817552146	75.179	6.575	78654.34
0.316999746400203	0.334079732736214	86.382	8.966	124985.05
0.473999620800303	0.492119606304315	132.264	14.909	184366.54
0.711999430400456	0.729899416080467	179.707	22.883	296096.45
1.06699914640068	1.08413913268869	267.116	34.521	351078.71
1.59999872000102	1.61603870716903	372.277	49.391	544075.13
2.39799808160153	2.41595806723355	530.468	74.041	797629.09
3.5979971216023	3.61403710877031	777.51	110.312	1050558.44
5.39599568320345	5.41205567035546	1134.435	164.405	1497271.2
8.09299352560518	8.11007351194119	1664.325	247.501	1903761.55
12.1379902896078	12.1541302766958	2496.694	369.593	2156722.7
18.2069854344117	18.2240854207317	3732.126	559.042	2425922.29
27.3109781512175	27.3279381376495	5562.208	844.652	2808089.31
37.3109701512239	37.3278301377359	7516.023	1149.52	3248998.05
47.3109621512303	47.3279021376783	9890.88	1460.482	3690694.89
57.3109541512367	57.3279741376207	11520.323	1744.812	4114101.73
67.3109461512431	67.3280461375631	13559.501	2083.749	4559425.7
77.3109381512495	77.3279381376495	15513.275	2401.086	4984853.35
87.3109301512559	87.3278301377359	17760.641	2701.755	5411912.26
97.3109221512623	97.3279021376783	19471.059	15627.666	5847332.06
