0.00199999840000128	0.0179999856000115	9.047	0.936	808.4
0.00299999760000192	0.0199799840160128	17.924	0.963	1121.95
0.00399999680000256	0.0219599824320141	11.237	0.996	1483.71
0.0049999960000032	0.0219599824320141	10.671	1.098	2026.39
0.00699999440000448	0.0239399808480153	1586.176	1.251	2826.34
0.0099999920000064	0.0278999776800179	13.689	1.094	4506.61
0.013999988800009	0.0300599759520192	14.458	1.556	5354.79
0.0199999840000128	0.0379799696160243	17.557	1.325	7167.74
0.0289999768000186	0.0460799631360295	22.367	1.584	11995.58
0.0429999656000275	0.0601199519040385	29.956	2.046	19058.59
0.063999948800041	0.0799199360640512	32.078	2.962	27203.09
0.0939999248000602	0.10997991201607	44.105	3.724	39211.05
0.141999886400091	0.160019871984102	83.53	4.143	53438.55
0.211999830400136	0.227879817696146	71.431	5.789	94491.39
0.316999746400203	0.333899732880214	86.314	8.755	127357.41
0.474999620000304	0.491939606448315	130.056	13.507	166044.9
0.711999430400456	0.728099417520466	170.466	20.698	240704.03
1.06699914640068	1.08395913283269	253.626	30.549	368588.56
1.59999872000102	1.61603870716903	398.826	49.583	565355.45
2.39899808080154	2.41595806723355	518.187	72.39	819033.61
3.5979971216023	3.61385710891431	764.62	109.874	1105078.09
5.39599568320345	5.41403566877147	1133.227	164.131	1469144.39
8.09299352560518	8.11007351194119	1690.146	245.321	1892367.58
12.1389902888078	12.1559302752558	2506.1	365.92	2159787.9
18.2079854336117	18.2239054208757	3680.647	543.458	2436660.93
27.3099781520175	27.3279381376495	5616.761	816.845	2803229.53
37.3109701512239	37.3280101375919	7454.899	1112.271	3239852.96
47.3099621520303	47.3280821375343	9519.095	1420.929	3680459.54
57.3109541512367	57.3279741376207	12287.674	1732.615	4119028.58
67.3109461512431	67.3278661377071	13462.838	2045.316	4540271.57
77.3109381512495	77.3279381376495	15601.917	2366.532	4986719.27
87.3109301512559	87.3280101375919	17357.989	2637.141	5411375.46
97.3099221520623	97.3279021376783	19336.716	15644.114	5847852.1
