0.00199999840000128	0.0179999856000115	11.538	1.155	804.38
0.00299999760000192	0.0199799840160128	11.03	1.247	1238.52
0.00399999680000256	0.0219599824320141	12.907	1.205	1600.29
0.0049999960000032	0.0219599824320141	10.612	1.232	2106.79
0.00699999440000448	0.0241199807040154	12.411	1.327	2749.96
0.0099999920000064	0.0259199792640166	13.259	1.432	4828.2
0.013999988800009	0.0298799760960191	14.557	1.542	5676.38
0.0199999840000128	0.0379799696160243	23.658	1.652	8401.83
0.0289999768000186	0.0460799631360295	23.806	1.948	12172.47
0.0429999656000275	0.0599399520480384	31.601	2.542	16992.35
0.063999948800041	0.0818999344800524	61.647	3.036	25687.53
0.0949999240000608	0.111959910432072	43.044	4.057	33719.58
0.141999886400091	0.158039873568101	50.299	5.299	55790.39
0.211999830400136	0.227879817696146	69.6	7.915	94491.39
0.316999746400203	0.334079732736214	93.589	10.701	130039.4
0.474999620000304	0.492119606304315	131.204	16.653	192727.35
0.711999430400456	0.730079415936467	200.079	23.112	285979.51
1.06699914640068	1.08395913283269	250.235	34.44	372097.08
1.59999872000102	1.61585870731303	396.857	51.036	544437.45
2.39899808080154	2.41613806708955	530.554	75.339	803193.6
3.5979971216023	3.61403710877031	776.257	112.509	1111671.18
5.39599568320345	5.41205567035546	1128.85	166.781	1483941.07
8.09299352560518	8.11007351194119	1677.625	249.141	1877087.36
12.1389902888078	12.1559302752558	2465.216	368.367	2156433.35
18.2079854336117	18.2260654191477	3732.208	555.939	2420487.96
27.3109781512175	27.3279381376495	5593.081	828.21	2826304.31
37.3109701512239	37.3278301377359	7567.387	1112.061	3240054.09
47.3109621512303	47.3280821375343	9549.233	1433.929	3685910.67
57.3109541512367	57.3279741376207	11475.732	1713.641	4110969.41
67.3109461512431	67.3278661377071	13480.369	2029.352	4554222.16
77.3109381512495	77.3279381376495	15612.328	2336.916	4977351.87
87.3109301512559	87.3280101375919	17454.409	2602.805	5411257.97
97.3109221512623	97.3280821375343	19497.62	2976.481	5847289.96
