0.00199999840000128	0.0179999856000115	9.421	1.558	832.52
0.00299999760000192	0.0199799840160128	10.052	1.326	1258.62
0.00399999680000256	0.0221399822880142	11.915	1.369	1676.67
0.0049999960000032	0.0219599824320141	11.245	1.403	2231.4
0.00699999440000448	0.0241199807040154	13.704	1.443	2890.66
0.0099999920000064	0.0260999791200167	13.134	1.485	4414.15
0.013999988800009	0.0300599759520192	16.163	2.098	6186.9
0.0199999840000128	0.035999971200023	17.447	1.877	7167.74
0.0289999768000186	0.0460799631360295	21.487	2.116	11738.31
0.0429999656000275	0.0601199519040385	27.394	2.629	16723
0.063999948800041	0.0820799343360525	32.775	3.241	28919.64
0.0949999240000608	0.112139910288072	43.666	5.086	33719.58
0.14099988720009	0.157859873712101	50.465	5.515	55605.46
0.211999830400136	0.227879817696146	73.838	8.484	94491.39
0.316999746400203	0.334079732736214	90.971	13.222	129673.5
0.474999620000304	0.492119606304315	141.458	16.624	202278.78
0.710999431200455	0.727919417664466	179.242	23.593	268682.8
1.06699914640068	1.08395913283269	273.493	34.78	401015.49
1.59999872000102	1.61603870716903	413.004	52.669	553398.68
2.39899808080154	2.41595806723355	522.54	77.006	773607.51
3.5979971216023	3.61385710891431	784.295	113.895	1103080.85
5.39599568320345	5.41205567035546	1144.008	170.145	1464647.87
8.09299352560518	8.10989351208519	1701.331	254.875	1879631.84
12.1389902888078	12.1561102751118	2498.336	371.233	2156295.01
18.2069854344117	18.2239054208757	3775.435	563.943	2425775.7
27.3109781512175	27.3279381376495	5564.06	860.387	2820153.08
37.3109701512239	37.3280101375919	7534.875	1151.464	3254738.3
47.3109621512303	47.3279021376783	9584.29	1457.596	3677557.99
57.3109541512367	57.3279741376207	11602.414	1777.636	4121049.67
67.3109461512431	67.3278661377071	13627.351	2087	4545269.56
77.3109381512495	77.3279381376495	15526.408	2361.115	4985398.55
87.3109301512559	87.3278301377359	17892.651	2732.964	5411618.5
97.3109221512623	97.3279021376783	19687.092	2957.838	5849315.25
