0.00199999840000128	0.0179999856000115	9.995	0.924	768.2
0.00299999760000192	0.0199799840160128	8.83	1.086	1134.01
0.00399999680000256	0.0221399822880142	8.247	0.959	1696.77
0.0049999960000032	0.0219599824320141	8.327	0.992	2255.52
0.00699999440000448	0.0241199807040154	9.285	1.151	2693.68
0.0099999920000064	0.0260999791200167	9.166	1.064	4068.45
0.0129999896000083	0.0300599759520192	10.735	1.218	5676.38
0.0199999840000128	0.0379799696160243	13.059	1.307	7959.65
0.0289999768000186	0.0458999632800294	16.2	1.619	11042.88
0.0429999656000275	0.0601199519040385	18.958	1.823	17289.82
0.063999948800041	0.0818999344800524	23.155	2.64	25635.28
0.0949999240000608	0.111959910432072	50.848	3.219	35906.51
0.14099988720009	0.158039873568101	29.466	3.955	55605.46
0.210999831200135	0.228059817552146	39.913	6.621	87551.8
0.315999747200202	0.332099734320213	44.209	8.454	127739.4
0.474999620000304	0.491939606448315	61.481	13.142	201848.48
0.711999430400456	0.729899416080467	73.739	20.43	280355.98
1.06699914640068	1.08395913283269	111.034	33.537	383415.49
1.59999872000102	1.61603870716903	166.863	49.959	612619.55
2.39899808080154	2.41595806723355	203.529	74.759	783156.24
3.5979971216023	3.61403710877031	279.857	108.845	1092429.22
5.39599568320345	5.41187567049946	403.877	165.735	1475610.47
8.09299352560518	8.11007351194119	585.802	243.389	1911515.22
12.1389902888078	12.1559302752558	851.258	363.906	2159091.86
18.2079854336117	18.2239054208757	1363.064	549.36	2421724.9
27.3099781520175	27.3281181375055	1814.3	818.129	2813649.38
37.3109701512239	37.3280101375919	2486.819	1117.666	3242565.65
47.3109621512303	47.3279021376783	3121.921	1439.105	3676744.6
57.3109541512367	57.3279741376207	3721.116	1700.251	4123431.35
67.3109461512431	67.3278661377071	4413.217	2024.101	4556234.73
77.3109381512495	77.3279381376495	5026.688	2339.715	4999537.73
87.3109301512559	87.3278301377359	5815.339	2607.917	5411215.99
97.3109221512623	97.3279021376783	6249.235	4636.768	5848896
