0.00199999840000128	0.0199799840160128	10.375	1.199	788.3
0.00299999760000192	0.0199799840160128	9.958	1.133	1190.29
0.00399999680000256	0.0221399822880142	11.811	1.255	1580.19
0.0049999960000032	0.0219599824320141	11.245	1.11	2022.37
0.00699999440000448	0.0239399808480153	13.529	1.167	3356.94
0.0099999920000064	0.0260999791200167	12.204	1.257	4828.2
0.013999988800009	0.0300599759520192	18.263	1.371	5796.98
0.0199999840000128	0.035999971200023	22.899	1.53	8253.09
0.0279999776000179	0.0460799631360295	23.708	1.666	10954.44
0.0429999656000275	0.0599399520480384	26.088	1.985	19717.86
0.063999948800041	0.0800999359200513	31.44	2.485	23150.92
0.0949999240000608	0.111959910432072	38.588	3.33	35906.51
0.14099988720009	0.158039873568101	51.136	4.299	53000.32
0.211999830400136	0.228059817552146	119.948	6.398	74304.18
0.316999746400203	0.334079732736214	88.151	8.866	132789.77
0.474999620000304	0.491939606448315	144.036	14.366	202278.78
0.711999430400456	0.728099417520466	180.567	21.147	277137.97
1.06699914640068	1.08395913283269	268.449	33.762	370210.04
1.59999872000102	1.61801870558504	365.66	50.049	547295.67
2.39899808080154	2.41595806723355	541.882	75.29	808278.73
3.5969971224023	3.61403710877031	781.76	110.553	1076271.28
5.39599568320345	5.41187567049946	1138.646	165.871	1481005.11
8.09299352560518	8.11007351194119	1663.734	253.284	1890557.41
12.1379902896078	12.1541302766958	2510.305	373.059	2161008.05
18.2079854336117	18.2260654191477	3742.131	553.418	2418337.05
27.3099781520175	27.3259581392335	5522.413	838.347	2826455.4
37.3099701520239	37.3260301391759	7595.099	1147.971	3256260.61
47.3109621512303	47.3279021376783	9543.299	1451.28	3685914.93
57.3109541512367	57.3279741376207	11565.024	1767.643	4112202.19
67.3109461512431	67.3278661377071	13476.694	2093.18	4549685.03
77.3109381512495	77.3279381376495	15535.303	2378.42	4995944.12
87.3109301512559	87.3280101375919	17953.656	2732.669	5409828.24
97.3109221512623	97.3280821375343	19793.806	15600.207	5851567.13
