0.00199999840000128	0.0179999856000115	9.136	1.061	792.32
0.00299999760000192	0.0199799840160128	10.257	1.114	1242.54
0.00399999680000256	0.0199799840160128	10.58	1.162	1628.43
0.0049999960000032	0.0219599824320141	12.232	1.267	2094.73
0.00699999440000448	0.0239399808480153	11.35	1.222	3083.59
0.0099999920000064	0.0259199792640166	13.584	1.362	4225.22
0.0129999896000083	0.0298799760960191	19.263	1.329	6198.96
0.0199999840000128	0.035999971200023	19.784	1.525	8080.24
0.0289999768000186	0.0458999632800294	21.154	1.674	10379.59
0.0429999656000275	0.0599399520480384	27.131	1.995	18009.39
0.063999948800041	0.0818999344800524	30.731	2.474	28324.66
0.0949999240000608	0.111959910432072	39.848	3.299	34109.53
0.141999886400091	0.159839872128102	56.346	4.312	56711.03
0.211999830400136	0.228059817552146	67.962	6.178	92356.42
0.316999746400203	0.333899732880214	88.647	11.385	150374.04
0.474999620000304	0.491939606448315	129.769	14.306	180534.02
0.710999431200455	0.727919417664466	175.237	21.169	270617.56
1.06599914720068	1.08197913441669	261.749	32.761	397188.81
1.59999872000102	1.61801870558504	375.522	49.329	535722.01
2.39899808080154	2.41595806723355	928.753	73.379	812417.04
3.5979971216023	3.61601710718631	767.188	111.726	1056665.66
5.39499568400345	5.41187567049946	1139.751	167.399	1493716.1
8.09299352560518	8.11007351194119	1684.746	247.264	1897989.27
12.1389902888078	12.1561102751118	2484.582	373.863	2159762.64
18.2079854336117	18.2260654191477	3728.04	564.857	2423523.81
27.3109781512175	27.3281181375055	5525.764	837.577	2802227.32
37.3099701520239	37.3258501393199	7549.536	1147.407	3238263.75
47.3109621512303	47.3280821375343	9579.552	1443.834	3673608.09
57.3109541512367	57.3277941377647	11505.455	1798.528	4127423.28
67.3109461512431	67.3280461375631	13533.221	2069.03	4559048.24
77.3109381512495	77.3279381376495	15542.931	2407.624	4999441.26
87.3109301512559	87.3278301377359	17490.282	2709.64	5412377.53
97.3109221512623	97.3279021376783	19724.085	15579.121	5848937.96
