0.00199999840000128	0.0199799840160128	7.756	1.188	872.72
0.00299999760000192	0.0199799840160128	8.079	1.124	1194.31
0.00399999680000256	0.0219599824320141	9.237	1.209	1696.77
0.0049999960000032	0.0219599824320141	10.306	1.348	2191.2
0.00699999440000448	0.0241199807040154	8.877	1.257	2552.99
0.00899999280000576	0.0259199792640166	9.819	1.381	3614.21
0.013999988800009	0.0300599759520192	11.102	1.492	5314.6
0.0199999840000128	0.035999971200023	20.369	1.684	8080.24
0.0279999776000179	0.0460799631360295	18.638	2.308	12080.02
0.0429999656000275	0.0599399520480384	19.916	2.29	17378.26
0.063999948800041	0.0818999344800524	23.575	2.986	28264.37
0.0949999240000608	0.111959910432072	27.763	3.751	33691.44
0.13999988800009	0.158039873568101	34.645	5.107	50101.72
0.211999830400136	0.227879817696146	46.996	7.275	83563.42
0.316999746400203	0.334079732736214	45.876	10.015	132749.55
0.474999620000304	0.491939606448315	61.275	15.392	208661.28
0.711999430400456	0.727919417664466	76.493	25.494	270617.56
1.06699914640068	1.08413913268869	117.923	35.028	417139.53
1.59999872000102	1.61783870572904	166.857	53.846	554771.49
2.39899808080154	2.41595806723355	199.555	75.138	776947.52
3.5979971216023	3.61403710877031	296.661	113.417	1092953.74
5.39599568320345	5.41403566877147	396.23	164.333	1477244.16
8.09199352640518	8.10989351208519	577.812	244.865	1919423.89
12.1389902888078	12.1561102751118	850.168	370.029	2164064.97
18.2079854336117	18.2240854207317	1243.718	551.138	2415988.83
27.3109781512175	27.3281181375055	3123.711	844.657	2818052.15
37.3109701512239	37.3280101375919	2495.85	1126.727	3241471.25
47.3109621512303	47.3280821375343	3153.598	1446.758	3684061.41
57.3109541512367	57.3279741376207	3871.351	1737.171	4122856.77
67.3109461512431	67.3278661377071	4380.908	2002.022	4558750.55
77.3109381512495	77.3279381376495	5052.037	2320.793	4979188.3
87.3109301512559	87.3278301377359	5695.942	2632.17	5420822.56
97.3109221512623	97.3279021376783	6399.44	2932.792	5847084.66
