0.00199999840000128	0.0179999856000115	7.724	1.126	1121.95
0.00199999840000128	0.0179999856000115	8.227	1.102	768.2
0.00399999680000256	0.0199799840160128	7.525	1.165	1600.29
0.0049999960000032	0.0219599824320141	8.858	1.202	2046.49
0.00699999440000448	0.0241199807040154	9.492	1.288	2826.34
0.0099999920000064	0.028079977536018	10.128	1.414	4225.22
0.013999988800009	0.0300599759520192	11.156	1.473	5664.32
0.0199999840000128	0.035999971200023	12.833	1.607	7179.8
0.0289999768000186	0.0458999632800294	17.586	1.978	10548.44
0.0429999656000275	0.0599399520480384	32.577	2.499	15316.04
0.063999948800041	0.0820799343360525	27.27	2.89	31126.65
0.0929999256000595	0.10997991201607	26.257	3.825	43392.02
0.141999886400091	0.158039873568101	31.019	6.5	56755.25
0.211999830400136	0.229859816112147	44.643	8.441	83792.57
0.316999746400203	0.333899732880214	47.601	10.335	110465.69
0.474999620000304	0.491939606448315	70.52	17.294	183859.82
0.711999430400456	0.728099417520466	82.741	22.613	268606.38
1.06699914640068	1.08395913283269	113.839	34.491	395003.86
1.59999872000102	1.61801870558504	156.195	50.855	535090.02
2.39899808080154	2.41595806723355	220.747	75.923	844985.89
3.5979971216023	3.61403710877031	289.895	113.139	1147920.9
5.39599568320345	5.41403566877147	424.634	167	1477729.48
8.09299352560518	8.11007351194119	576.063	247.984	1902458.48
12.1389902888078	12.1561102751118	883.003	370.377	2151573.55
18.2079854336117	18.2260654191477	1232.962	553.076	2426639.37
27.3109781512175	27.3279381376495	1867.687	822.013	2804822.86
37.3109701512239	37.3280101375919	2487.258	1134.84	3248662.68
47.3109621512303	47.3279021376783	3117.525	1439.024	3673218.1
57.3109541512367	57.3279741376207	3828.731	1722.989	4114319.62
67.3109461512431	67.3278661377071	4436.169	2032.011	4540313.37
77.3109381512495	77.3279381376495	5114.349	2335.328	4978769.12
87.3109301512559	87.3278301377359	5767.084	2634.154	5406331.07
97.3109221512623	97.3279021376783	6461.961	2939.083	5848229.29
