0.00099999920000064	0.0179999856000115	9.589	1.261	788.3
0.00199999840000128	0.0199799840160128	10.032	1.242	1214.4
0.00399999680000256	0.0219599824320141	10.695	1.35	1499.79
0.0049999960000032	0.0221399822880142	12.044	1.385	2066.59
0.00699999440000448	0.0239399808480153	11.604	1.481	2693.68
0.0099999920000064	0.028079977536018	13.424	1.893	4156.88
0.0129999896000083	0.0298799760960191	14.114	1.624	5314.6
0.0199999840000128	0.0381599694720244	19.249	1.93	7931.51
0.0289999768000186	0.0458999632800294	23.901	2.171	11830.77
0.0429999656000275	0.0601199519040385	50.039	2.61	15316.04
0.0629999496000403	0.0799199360640512	30.71	3.119	26724.69
0.0949999240000608	0.112139910288072	40.396	4.02	36557.76
0.141999886400091	0.160019871984102	58.729	5.436	58954.38
0.211999830400136	0.227879817696146	82.826	7.867	84974.62
0.316999746400203	0.334079732736214	92.694	11.5	110369.19
0.474999620000304	0.491939606448315	133.626	16.894	163499.38
0.711999430400456	0.729899416080467	181.586	23.906	274547.5
1.06699914640068	1.08395913283269	253.967	35.55	396247.23
1.59999872000102	1.61603870716903	367.23	52.63	544578.37
2.39899808080154	2.41613806708955	529.996	77.026	772410.94
3.5979971216023	3.61403710877031	758.919	114.317	1077517.89
5.39599568320345	5.41385566891547	1135.078	169.028	1484292.94
8.09299352560518	8.11007351194119	1707.372	255.757	1887947.63
12.1389902888078	12.1561102751118	2535.101	380.236	2163389.83
18.2079854336117	18.2260654191477	3698.187	562.298	2414147.89
27.3109781512175	27.3279381376495	5548.55	845.967	2817980.93
37.3109701512239	37.3280101375919	7544.803	1152.537	3249727.59
47.3109621512303	47.3280821375343	9528.786	1469.896	3684652.89
57.3109541512367	57.3277941377647	11571.842	1771.489	4118181.61
67.3109461512431	67.3280461375631	13506.547	2087.527	4554750.34
77.3109381512495	77.3279381376495	15593.259	2390.956	4989457.48
87.3109301512559	87.3278301377359	17659.083	2677.482	5409626.92
97.3109221512623	97.3279021376783	19791.407	3240.242	5847097.06
