0.00199999840000128	0.0199799840160128	10.213	1.014	856.64
0.00199999840000128	0.0201599838720129	13.564	0.946	1238.52
0.00399999680000256	0.0219599824320141	11.313	0.986	1745
0.0049999960000032	0.0219599824320141	10.99	1.266	2038.45
0.00699999440000448	0.0239399808480153	11.795	1.052	3083.59
0.0099999920000064	0.028079977536018	15.085	1.14	4554.85
0.013999988800009	0.0320399743680205	16.516	1.244	6323.57
0.0199999840000128	0.035999971200023	50.847	1.392	8164.66
0.0289999768000186	0.0458999632800294	21.989	1.529	10379.59
0.0429999656000275	0.0599399520480384	25.818	1.765	15316.04
0.063999948800041	0.0818999344800524	36.025	2.269	26017.18
0.0949999240000608	0.112139910288072	47.681	2.948	33691.44
0.141999886400091	0.157859873712101	51.786	3.99	63722.48
0.211999830400136	0.230039815968147	69.064	6.311	88090.55
0.316999746400203	0.334079732736214	87.541	9.15	110465.69
0.474999620000304	0.491939606448315	127.215	14.58	182331.64
0.711999430400456	0.729899416080467	174.17	20.653	270617.56
1.06699914640068	1.08413913268869	253.477	31.791	401446.03
1.59999872000102	1.61603870716903	377.835	48.877	579728.34
2.39899808080154	2.41595806723355	527.738	74.595	800546.31
3.5979971216023	3.61403710877031	769.881	109.204	1105364.57
5.39599568320345	5.41403566877147	1119.96	160.486	1476896.42
8.09299352560518	8.11007351194119	1676.679	242.004	1884619.64
12.1379902896078	12.1561102751118	2477.838	364.689	2160190.38
18.2079854336117	18.2240854207317	3707.323	546.716	2429440.27
27.3109781512175	27.3279381376495	5497.891	810.607	2818559.65
37.3099701520239	37.3260301391759	7485.693	1125.563	3255954.56
47.3109621512303	47.3280821375343	9722.853	1480.154	3685654.82
57.3109541512367	57.3279741376207	11490.86	1722.276	4121523.52
67.3109461512431	67.3280461375631	13512.985	2034.495	4541705.54
77.3109381512495	77.3279381376495	15563.201	2346.245	4986622.83
87.3109301512559	87.3278301377359	17497.096	2669.695	5403077.02
97.3109221512623	97.3279021376783	19181.756	15766.89	5847306.76
