0.00199999840000128	0.0179999856000115	9.103	1.118	832.52
0.00299999760000192	0.0199799840160128	10.112	1.268	1330.98
0.00299999760000192	0.0199799840160128	12.102	1.15	1676.67
0.0049999960000032	0.0219599824320141	11.273	1.223	1970.11
0.00699999440000448	0.0239399808480153	12.877	1.262	3184.08
0.00899999280000576	0.0260999791200167	15.742	1.367	4060.41
0.013999988800009	0.0320399743680205	19.225	1.834	5507.55
0.0199999840000128	0.0379799696160243	17.655	1.663	9720.35
0.0289999768000186	0.0460799631360295	22.425	2.007	12361.4
0.0429999656000275	0.0601199519040385	27.876	2.409	20935.91
0.063999948800041	0.0800999359200513	31.662	3.112	24859.41
0.0949999240000608	0.111959910432072	68.24	4.092	38511.54
0.14099988720009	0.158039873568101	56.311	5.078	58359.36
0.211999830400136	0.228059817552146	69.441	7.692	84126.28
0.316999746400203	0.333899732880214	87.438	10.542	128246.06
0.474999620000304	0.491939606448315	135.665	15.743	184426.86
0.711999430400456	0.729899416080467	193.03	23.232	270782.49
1.06699914640068	1.08395913283269	269.336	35.156	351360.35
1.59999872000102	1.61585870731303	379.552	51.39	594577.07
2.39899808080154	2.41595806723355	535.56	74.667	777918.48
3.5979971216023	3.61583710733031	769.813	111.768	1067024.93
5.39599568320345	5.41187567049946	1124.633	164.205	1419500.39
8.09299352560518	8.10989351208519	2946.637	249.511	1894145.45
12.1389902888078	12.1561102751118	3006.903	368.058	2157532.01
18.2079854336117	18.2240854207317	3679.383	555.106	2413971.8
27.3099781520175	27.3259581392335	5540.533	824.869	2802684.39
37.3109701512239	37.3280101375919	7565.391	1117.243	3250859.79
47.3109621512303	47.3279021376783	9442.93	1438.598	3673226.48
57.3109541512367	57.3279741376207	11719.097	1740.065	4114609.01
67.3109461512431	67.3278661377071	13684.245	2042.982	4554599.31
77.3109381512495	77.3279381376495	15453.816	2385.206	5000103.92
87.3109301512559	87.3278301377359	17504.264	2625.192	5409953.85
97.3109221512623	97.3279021376783	19616.789	2891.632	5847298.46
