0.00199999840000128	0.0179999856000115	25.262	0.999	836.54
0.00299999760000192	0.0199799840160128	9.584	0.995	1226.46
0.00399999680000256	0.0219599824320141	10.406	0.985	1544.01
0.0049999960000032	0.0219599824320141	11.545	1.029	1837.46
0.00599999520000384	0.0219599824320141	12.25	1.01	2749.96
0.0099999920000064	0.0278999776800179	15.406	1.104	4048.35
0.013999988800009	0.0300599759520192	23.554	1.187	5640.2
0.0199999840000128	0.035999971200023	17.706	1.31	8393.79
0.0289999768000186	0.0460799631360295	21.268	1.803	10954.44
0.0419999664000269	0.0599399520480384	28.429	1.885	17760.14
0.063999948800041	0.0820799343360525	36.435	2.319	29313.58
0.0949999240000608	0.111959910432072	41.145	2.93	34254.26
0.141999886400091	0.159839872128102	52.385	4.102	63722.48
0.211999830400136	0.230039815968147	83.927	6.218	75675.17
0.316999746400203	0.334079732736214	87.445	8.773	128246.06
0.473999620800303	0.491939606448315	126.86	14.247	192727.35
0.711999430400456	0.727919417664466	172.56	21.448	288730.95
1.06699914640068	1.08395913283269	258.185	31.519	353758.26
1.59999872000102	1.61603870716903	391.095	48.049	569453.88
2.39799808160153	2.41415806867355	518.659	72.007	799494.65
3.5979971216023	3.61403710877031	768.745	108.613	1086732.45
5.39599568320345	5.41385566891547	1186.525	159.659	1462622.05
8.09299352560518	8.11007351194119	1695.013	245.18	1879988.99
12.1389902888078	12.1559302752558	2487.229	365.548	2162836.33
18.2079854336117	18.2239054208757	3678.086	558.881	2413523.21
27.3109781512175	27.3279381376495	5493.755	813.414	2819301.81
37.3109701512239	37.3278301377359	7519.221	1132.288	3239106.27
47.3109621512303	47.3280821375343	9564.402	1498.984	3675801.15
57.3099541520367	57.3279741376207	11607.071	1707.331	4117573.63
67.3109461512431	67.3280461375631	13471.643	2046.996	4554708.36
77.3109381512495	77.3279381376495	15482.852	2326.759	4989755.03
87.3109301512559	87.3278301377359	17470.62	2665.867	5411715.17
97.3109221512623	97.3279021376783	19284.951	15585.883	5849684.34
