0.00199999840000128	0.0179999856000115	9.836	1.251	1166.17
0.00199999840000128	0.0179999856000115	9.383	1.176	768.2
0.00399999680000256	0.0199799840160128	9.765	1.144	1624.41
0.00399999680000256	0.0199799840160128	9.735	1.309	1998.25
0.00599999520000384	0.0239399808480153	11.759	1.278	2826.34
0.0099999920000064	0.0259199792640166	19.028	1.373	3622.25
0.013999988800009	0.0300599759520192	15.947	1.429	5652.26
0.0199999840000128	0.0379799696160243	17.492	1.68	7292.35
0.0289999768000186	0.0458999632800294	21.469	1.91	10379.59
0.0429999656000275	0.0599399520480384	28.513	2.354	17326
0.063999948800041	0.0820799343360525	31.701	3.538	22789.11
0.0949999240000608	0.111959910432072	42.152	3.854	39657.28
0.141999886400091	0.158039873568101	49.389	5.59	58126.17
0.211999830400136	0.228059817552146	68.666	7.645	87841.26
0.316999746400203	0.333899732880214	109.818	12.253	137023.91
0.474999620000304	0.491939606448315	130.627	16.218	163221.91
0.711999430400456	0.729899416080467	172.453	24.224	261506.9
1.06699914640068	1.08395913283269	257.583	35.974	427562.04
1.59999872000102	1.61783870572904	389.774	51.352	543563.89
2.39899808080154	2.41595806723355	534.268	76.7	769647.14
3.5979971216023	3.61601710718631	765.545	111.99	1092969.88
5.39599568320345	5.41205567035546	1123.879	163.991	1465246.35
8.09299352560518	8.11007351194119	1676.141	247.987	1877550
12.1389902888078	12.1559302752558	2528.169	367.384	2154424.88
18.2079854336117	18.2239054208757	3756.045	556.695	2423687.39
27.3109781512175	27.3279381376495	5540.164	816.423	2826216.15
37.3099701520239	37.3280101375919	7556.912	1137.796	3240884.37
47.3109621512303	47.3279021376783	9565.756	1434.71	3673234.86
57.3109541512367	57.3279741376207	11574.014	1733.889	4125205.03
67.3109461512431	67.3278661377071	13430.847	2017.713	4559652.19
77.3109381512495	77.3279381376495	15496.272	2300.588	4985494.83
87.3109301512559	87.3278301377359	17586.508	2633.378	5412910.09
97.3109221512623	97.3279021376783	19587.423	2938.907	5851369.84
