0.00199999840000128	0.0199799840160128	12.935	0.984	812.42
0.00299999760000192	0.0199799840160128	9.671	0.935	1749.02
0.00299999760000192	0.0199799840160128	8.665	1.021	1218.42
0.00399999680000256	0.0221399822880142	10.612	0.975	2195.22
0.00699999440000448	0.0239399808480153	9.638	1.115	2838.4
0.00899999280000576	0.0259199792640166	10.031	1.071	3911.67
0.013999988800009	0.0300599759520192	11.003	1.17	5479.41
0.0189999848000122	0.035999971200023	12.824	1.298	7167.74
0.0289999768000186	0.0458999632800294	17.781	1.54	10379.59
0.0429999656000275	0.0599399520480384	24.153	1.925	17760.14
0.0629999496000403	0.0800999359200513	32.77	2.299	25808.15
0.0949999240000608	0.111959910432072	25.444	2.957	37944.71
0.141999886400091	0.158039873568101	60.255	4.373	63722.48
0.211999830400136	0.230039815968147	38.793	5.658	101664.27
0.315999747200202	0.334079732736214	49.998	8.637	129544.82
0.474999620000304	0.492119606304315	61.314	13.148	171731.1
0.710999431200455	0.727919417664466	76.585	21.169	295203.39
1.06699914640068	1.08395913283269	108.572	31.163	359483.48
1.59999872000102	1.61783870572904	154.677	48.96	577409.34
2.39899808080154	2.41595806723355	193.14	71.752	785638.16
3.5979971216023	3.61403710877031	287.486	110.024	1138505.73
5.39599568320345	5.41403566877147	396.82	162.374	1475828.8
8.09299352560518	8.10989351208519	584.419	246.114	1905304.12
12.1389902888078	12.1559302752558	845.061	369.061	2156286.65
18.2079854336117	18.2260654191477	1225.834	540.394	2419251.04
27.3109781512175	27.3279381376495	1837.279	818.029	2810915.39
37.3109701512239	37.3280101375919	2433.282	1111.449	3237898.77
47.3109621512303	47.3279021376783	3099.419	1427.906	3671494.78
57.3109541512367	57.3279741376207	3753.921	1737.285	4114168.68
67.3109461512431	67.3278661377071	4382.59	2039.792	4558188.66
77.3099381520495	77.3279381376495	5374.199	2333.268	4985503.25
87.3109301512559	87.3280101375919	5690.731	2667.398	5416113.56
97.3109221512623	97.3279021376783	6304.316	4619.263	5848128.65
