0.00199999840000128	0.0199799840160128	8.706	0.965	768.2
0.00299999760000192	0.0199799840160128	7.458	0.973	1298.82
0.00399999680000256	0.0199799840160128	8.262	0.956	1656.57
0.0049999960000032	0.0219599824320141	30.913	1.017	2046.49
0.00699999440000448	0.0239399808480153	24.807	1.042	3083.59
0.00899999280000576	0.0259199792640166	9.891	1.083	3975.99
0.013999988800009	0.0298799760960191	11.464	1.167	5475.39
0.0199999840000128	0.0379799696160243	14.021	1.388	8128.48
0.0289999768000186	0.0458999632800294	16.704	1.547	12831.74
0.0429999656000275	0.0599399520480384	25.43	1.834	19058.59
0.063999948800041	0.0799199360640512	21.404	2.245	22752.93
0.0949999240000608	0.112139910288072	26.959	3.014	38933.67
0.141999886400091	0.160019871984102	29.071	4.481	54708.93
0.211999830400136	0.228059817552146	38.788	5.731	74493.16
0.316999746400203	0.334079732736214	43.948	8.532	136734.39
0.474999620000304	0.492119606304315	64.327	13.913	209115.74
0.710999431200455	0.727919417664466	77.835	20.161	244303.85
1.06599914720068	1.08395913283269	111.695	31.837	393796.73
1.59999872000102	1.61801870558504	153.638	49.085	567050.38
2.39899808080154	2.41595806723355	205.32	74.16	814979.84
3.5979971216023	3.61403710877031	289.362	113.951	1098545.75
5.39599568320345	5.41385566891547	413.519	164.185	1477050.09
8.09299352560518	8.10989351208519	590.848	243.014	1873921.99
12.1389902888078	12.1561102751118	870.483	365.461	2158089.75
18.2079854336117	18.2239054208757	1248.992	545.56	2418026.8
27.3109781512175	27.3281181375055	1827.133	819.77	2802717.81
37.3109701512239	37.3280101375919	2470.21	1114.714	3242574.07
47.3109621512303	47.3280821375343	3174.624	1418.95	3677419.48
57.3109541512367	57.3277941377647	3835.38	1744.551	4130354.3
67.3109461512431	67.3280461375631	4341.964	2007.753	4542548.21
77.3109381512495	77.3279381376495	5146.823	2307.92	4986597.69
87.3109301512559	87.3280101375919	5692.805	2653.532	5410079.71
97.3109221512623	97.3279021376783	6234.895	4655.962	5846619.14
