0.00199999840000128	0.0199799840160128	6.398	1.333	816.44
0.00299999760000192	0.0199799840160128	4.503	1.396	1214.4
0.00399999680000256	0.0219599824320141	5.619	1.312	1797.26
0.0049999960000032	0.0221399822880142	4.215	1.565	2034.43
0.00699999440000448	0.0239399808480153	7.22	1.445	2552.99
0.0099999920000064	0.028079977536018	5.045	1.543	3992.07
0.013999988800009	0.0320399743680205	5.471	1.808	5877.35
0.0199999840000128	0.035999971200023	6.04	1.791	8401.83
0.0289999768000186	0.0458999632800294	7.326	2.113	12361.4
0.0419999664000269	0.0579599536320371	21.132	2.523	19058.59
0.063999948800041	0.0818999344800524	10.094	3.085	29245.25
0.0949999240000608	0.111959910432072	11.993	3.798	39902.51
0.141999886400091	0.160019871984102	16.462	5.312	56586.4
0.211999830400136	0.230039815968147	20.205	7	79305.68
0.314999748000202	0.331919734464212	31.662	12.493	116058.66
0.474999620000304	0.491939606448315	38.248	15.273	163499.38
0.711999430400456	0.728099417520466	52.083	22.154	270866.97
1.06699914640068	1.08395913283269	72.655	34.226	387262.14
1.59899872080102	1.61603870716903	107.158	52.17	556659.59
2.39899808080154	2.41595806723355	148.701	77.536	835422.7
3.5969971224023	3.61403710877031	204.221	115.224	1117461.46
5.39499568400345	5.41205567035546	296.506	168.441	1467288.34
8.09299352560518	8.10989351208519	437.484	252.255	1905888.64
12.1389902888078	12.1561102751118	661.557	375.811	2161897.18
18.2069854344117	18.2240854207317	983.394	562.999	2420584.33
27.3099781520175	27.3261381390895	1469.041	844.669	2818609.93
37.3109701512239	37.3280101375919	2020.24	1155.155	3250868.17
47.3109621512303	47.3279021376783	2514.497	1450.152	3684715.63
57.3109541512367	57.3277941377647	3018.656	1752.302	4115917.23
67.3109461512431	67.3280461375631	3690.324	2070.274	4555848.94
77.3109381512495	77.3279381376495	4074.511	2354.039	4968210.93
87.3109301512559	87.3280101375919	4654.418	2710.086	5412222.55
97.3109221512623	97.3279021376783	5114.048	3008.156	5849831.03
