0.00199999840000128	0.0179999856000115	3.598	1.14	804.38
0.00299999760000192	0.0199799840160128	4.107	1.267	1298.82
0.00299999760000192	0.0201599838720129	4.029	1.189	1632.45
0.0049999960000032	0.0219599824320141	5.647	1.192	1861.58
0.00699999440000448	0.0239399808480153	6.253	1.3	2749.96
0.0099999920000064	0.0260999791200167	6.986	1.373	4828.2
0.013999988800009	0.0300599759520192	8.647	1.526	5045.27
0.0199999840000128	0.0379799696160243	24.202	1.785	7959.65
0.0289999768000186	0.0460799631360295	15.444	2.133	12039.82
0.0429999656000275	0.0599399520480384	21.536	2.304	16783.3
0.0629999496000403	0.0800999359200513	24.692	2.83	25808.15
0.0949999240000608	0.111959910432072	33.451	3.991	33631.14
0.141999886400091	0.158039873568101	44.416	5.298	59384.54
0.210999831200135	0.228059817552146	63.211	8.024	84122.26
0.316999746400203	0.334079732736214	81.155	10.436	134941.02
0.474999620000304	0.491939606448315	155.426	16.523	208661.28
0.711999430400456	0.729899416080467	172.095	24.214	287451.77
1.06699914640068	1.08413913268869	249.904	34.627	350966.07
1.59899872080102	1.61603870716903	371.864	51.54	578254.82
2.39899808080154	2.41595806723355	514.917	74.711	795940.78
3.5979971216023	3.61583710733031	759.079	111.139	1082778.69
5.39599568320345	5.41205567035546	1111.933	164.586	1429998.65
8.09299352560518	8.11007351194119	1705.099	254.632	1911600.52
12.1389902888078	12.1559302752558	2530.392	374.64	2155682.83
18.2079854336117	18.2239054208757	3727.269	573.846	2433759.27
27.3109781512175	27.3279381376495	5513.522	823.445	2826430.21
37.3109701512239	37.3280101375919	7503.902	1135.438	3249006.49
47.3109621512303	47.3280821375343	9485.502	1447.517	3681512.14
57.3109541512367	57.3279741376207	11782.192	1732.516	4120068.44
67.3109461512431	67.3278661377071	13543.65	2026.826	4539319.56
77.3099381520495	77.3259581392335	15572.971	2390.639	4976106.63
87.3109301512559	87.3280101375919	17690.396	2770.165	5409874.15
97.3109221512623	97.3279021376783	19558.904	3062.753	5848883.48
