0.00199999840000128	0.0199799840160128	3.881	1.098	816.44
0.00299999760000192	0.0199799840160128	4.066	1.121	1214.4
0.00399999680000256	0.0199799840160128	4.422	1.163	1660.59
0.00399999680000256	0.0219599824320141	3.987	1.149	1921.88
0.00699999440000448	0.0239399808480153	4.489	1.31	2673.58
0.0099999920000064	0.0260999791200167	4.632	1.29	4422.19
0.0129999896000083	0.0300599759520192	5.452	1.616	5640.2
0.0199999840000128	0.0379799696160243	21.425	1.535	7806.89
0.0289999768000186	0.0460799631360295	7.999	1.683	11830.77
0.0429999656000275	0.0599399520480384	9.023	1.941	18310.88
0.063999948800041	0.0799199360640512	9.663	2.366	24059.44
0.0949999240000608	0.111959910432072	11.973	3.025	35609.02
0.141999886400091	0.158039873568101	14.65	5.013	50186.16
0.211999830400136	0.228059817552146	20.133	7.117	92356.42
0.316999746400203	0.334079732736214	26.177	8.385	125149.92
0.473999620800303	0.489959608032314	34.757	12.595	193781.03
0.710999431200455	0.727919417664466	49.066	19.47	298900.26
1.06699914640068	1.08395913283269	74.758	32.96	389060.74
1.59899872080102	1.61603870716903	98.352	50.111	566853.11
2.39899808080154	2.41613806708955	151.824	72.993	800123.21
3.5979971216023	3.61403710877031	199.215	111.199	1108511.77
5.39599568320345	5.41205567035546	298.221	168.418	1461299.86
8.09299352560518	8.11007351194119	433.808	246.576	1895488.95
12.1379902896078	12.1539502768398	640.789	370.934	2158689.37
18.2069854344117	18.2240854207317	943.823	552.062	2409766.22
27.3109781512175	27.3279381376495	1437.849	838.392	2804575.36
37.3109701512239	37.3280101375919	1942.742	1145.939	3249597.61
47.3109621512303	47.3279021376783	2495.218	1448.904	3673792.4
57.3109541512367	57.3279741376207	2968.376	1782.13	4120018.13
67.3109461512431	67.3278661377071	3635.639	2108.931	4557530.43
77.3109381512495	77.3279381376495	4066.723	2401.797	4977993.5
87.3109301512559	87.3278301377359	4634.756	2688.307	5409651.94
97.3109221512623	97.3279021376783	5188.419	5176.52	5848095.09
