0.00199999840000128	0.0179999856000115	7.022	1.136	820.46
0.00299999760000192	0.0201599838720129	9.13	1.164	1222.44
0.00399999680000256	0.0199799840160128	7.645	1.191	1483.71
0.00399999680000256	0.0199799840160128	7.89	1.176	1921.88
0.00699999440000448	0.0239399808480153	9.082	1.772	2830.36
0.0099999920000064	0.028079977536018	10.813	1.346	4088.55
0.013999988800009	0.0300599759520192	11.06	1.513	5354.79
0.0199999840000128	0.0379799696160243	15.32	1.8	7814.93
0.0289999768000186	0.0458999632800294	16.296	1.913	10379.59
0.0429999656000275	0.0599399520480384	20.595	2.284	19018.39
0.063999948800041	0.0820799343360525	25.346	3.017	23150.92
0.0949999240000608	0.112139910288072	26.96	3.783	41844.25
0.141999886400091	0.158039873568101	30.979	5.148	50057.51
0.211999830400136	0.228059817552146	43.306	7.84	83957.41
0.316999746400203	0.333899732880214	45.117	9.937	124148.71
0.474999620000304	0.491939606448315	62.131	15.738	192256.83
0.710999431200455	0.728099417520466	76.032	23.361	271156.58
1.06699914640068	1.08395913283269	109.111	34.867	376209.17
1.59999872000102	1.61585870731303	155.788	50.494	562360.18
2.39899808080154	2.41595806723355	198.327	75.826	818509.78
3.5979971216023	3.61601710718631	275.952	114.422	1121803.27
5.39599568320345	5.41187567049946	415.607	168.987	1454401.84
8.09299352560518	8.11007351194119	612.977	259.582	1926655.14
12.1389902888078	12.1561102751118	854.347	371.683	2161452.46
18.2079854336117	18.2260654191477	1256.691	555.103	2421548.84
27.3109781512175	27.3279381376495	1851.911	829.818	2806835.61
37.3109701512239	37.3280101375919	2529.381	1153.692	3237517.18
47.3109621512303	47.3280821375343	3145.194	1428.745	3684648.59
57.3109541512367	57.3279741376207	3778.423	1733.845	4122567.52
67.3109461512431	67.3278661377071	4331.94	2038.438	4559555.66
77.3099381520495	77.3259581392335	5017.768	2334.295	4988736.26
87.3109301512559	87.3278301377359	5742.489	2662.224	5420021.65
97.3109221512623	97.3279021376783	6350.779	2920.553	5850640.3
