0.00199999840000128	0.0179999856000115	4.247	0.949	824.48
0.00299999760000192	0.0199799840160128	3.853	1.058	1121.95
0.00399999680000256	0.0219599824320141	4.184	0.985	1588.23
0.0049999960000032	0.0219599824320141	5.408	1.126	1982.17
0.00699999440000448	0.0239399808480153	6.96	1.069	2585.15
0.00899999280000576	0.0259199792640166	7.239	1.105	3923.73
0.013999988800009	0.0320399743680205	8.675	1.44	6403.97
0.0199999840000128	0.0379799696160243	12.28	1.291	8048.08
0.0289999768000186	0.0460799631360295	16.236	2.148	10371.55
0.0419999664000269	0.0579599536320371	19.258	1.797	16208.45
0.063999948800041	0.0800999359200513	27.193	2.291	31126.65
0.0949999240000608	0.111959910432072	67.245	3.251	39613.06
0.14099988720009	0.158039873568101	42.831	4.147	56698.97
0.211999830400136	0.228059817552146	64.717	6.21	81179.22
0.316999746400203	0.334079732736214	80.881	8.823	131675.93
0.474999620000304	0.491939606448315	125.204	14.009	186180.22
0.711999430400456	0.727919417664466	168.808	20.232	276643.21
1.06599914720068	1.08197913441669	253.557	33.256	392376.33
1.59999872000102	1.61603870716903	380.725	47.986	566796.73
2.39899808080154	2.41595806723355	520.211	72.119	817337.16
3.5979971216023	3.61403710877031	757.949	109.51	1050913.43
5.39499568400345	5.41205567035546	1129.927	163.986	1506124.96
8.09299352560518	8.11007351194119	1678.635	244.172	1897985.21
12.1389902888078	12.1561102751118	2466.338	362.186	2159049.88
18.2079854336117	18.2239054208757	3683.075	547.555	2415888.07
27.3109781512175	27.3279381376495	5520.04	827.429	2811464.85
37.3109701512239	37.3280101375919	7611.847	1126.736	3232502.19
47.3109621512303	47.3280821375343	9544.741	1441.269	3688443.33
57.3109541512367	57.3279741376207	11557.018	1706.201	4113908.71
67.3109461512431	67.3278661377071	13619.422	2055.736	4536673.71
77.3109381512495	77.3279381376495	15514.838	2321.077	4985608.05
87.3109301512559	87.3280101375919	17422.709	2669.156	5409681.36
97.3109221512623	97.3280821375343	19360.153	15833.985	5848849.92
