0.00099999920000064	0.0179999856000115	4.128	1.084	828.5
0.00299999760000192	0.0199799840160128	3.988	1.144	1166.17
0.00399999680000256	0.0219599824320141	4.264	1.177	1483.71
0.0049999960000032	0.0219599824320141	4.363	1.158	1982.17
0.00699999440000448	0.0241199807040154	5.324	1.577	3143.89
0.00899999280000576	0.0259199792640166	4.751	1.285	4068.45
0.013999988800009	0.0320399743680205	5.764	1.575	5877.35
0.0199999840000128	0.035999971200023	6.097	1.49	7167.74
0.0289999768000186	0.0460799631360295	7.274	1.741	11372.53
0.0429999656000275	0.0599399520480384	9.056	1.946	17056.67
0.063999948800041	0.0800999359200513	9.528	2.472	28324.66
0.0949999240000608	0.112139910288072	18	3.071	35440.19
0.141999886400091	0.158039873568101	36.824	4.217	62275.14
0.211999830400136	0.230039815968147	19.366	7.386	75675.17
0.316999746400203	0.334079732736214	28.832	9.915	136734.39
0.474999620000304	0.491939606448315	35.845	13.056	166044.9
0.711999430400456	0.728099417520466	48.405	21.137	294266.13
1.06699914640068	1.08413913268869	71.422	31.029	364516.79
1.59999872000102	1.61603870716903	95.51	50.185	542529.29
2.39899808080154	2.41595806723355	136.65	74.035	831634.64
3.5979971216023	3.61403710877031	197.645	112.466	1106611.36
5.39599568320345	5.41385566891547	292.689	168.921	1506068.32
8.09299352560518	8.10989351208519	435.995	253.516	1898281.6
12.1389902888078	12.1559302752558	660.386	373.927	2167293.6
18.2069854344117	18.2240854207317	958.785	553.168	2415716.16
27.3109781512175	27.3279381376495	1524.278	839.066	2815318.22
37.3109701512239	37.3278301377359	1930.773	1138.533	3249715.07
47.3109621512303	47.3279021376783	2450.976	1464.439	3686967.28
57.3109541512367	57.3279741376207	2955.651	1767.795	4118223.51
67.3109461512431	67.3280461375631	3499.149	2068.103	4538292.28
77.3109381512495	77.3279381376495	4038.041	2420.499	4974148.31
87.3109301512559	87.3280101375919	4571.525	2721.599	5412448.89
97.3109221512623	97.3279021376783	5130.06	5155.341	5848782.81
