0.00199999840000128	0.0199799840160128	3.986	1.122	856.64
0.00299999760000192	0.0199799840160128	6.233	1.215	1391.28
0.00299999760000192	0.0199799840160128	4.941	1.163	1624.41
0.0049999960000032	0.0219599824320141	36.406	1.274	2372.1
0.00699999440000448	0.0241199807040154	5.659	1.263	2749.96
0.0099999920000064	0.028079977536018	7.291	1.484	4068.45
0.013999988800009	0.0320399743680205	9.656	1.456	5559.81
0.0189999848000122	0.035999971200023	11.459	1.652	7907.39
0.0289999768000186	0.0458999632800294	17.356	1.943	11521.26
0.0429999656000275	0.0601199519040385	22.183	2.285	15340.16
0.0629999496000403	0.0799199360640512	24.42	2.913	28324.66
0.0949999240000608	0.111959910432072	38.094	4.059	40272.37
0.141999886400091	0.160019871984102	43.268	5.469	57949.3
0.211999830400136	0.228059817552146	68.365	8.322	92557.45
0.316999746400203	0.333899732880214	84.223	10.557	128615.96
0.474999620000304	0.491939606448315	123.592	16.068	201056.19
0.711999430400456	0.728099417520466	171.672	23.068	258397.69
1.06699914640068	1.08395913283269	248.981	34.86	372752.93
1.59999872000102	1.61603870716903	369.998	51.986	537046.44
2.39899808080154	2.41595806723355	523.661	75.569	793869.78
3.5979971216023	3.61601710718631	770.29	112.998	1110900.47
5.39599568320345	5.41187567049946	1150.941	164.958	1458922.3
8.09299352560518	8.10989351208519	1710.666	249.001	1889429.07
12.1389902888078	12.1561102751118	2532.633	375.337	2163146.74
18.2079854336117	18.2240854207317	3705.485	543.674	2417330.64
27.3109781512175	27.3279381376495	5532.727	816.385	2811121.02
37.3099701520239	37.3260301391759	7486.574	1124.95	3231978.05
47.3109621512303	47.3280821375343	9471.471	1436.436	3687185.39
57.3099541520367	57.3259941392047	11682.969	1722.137	4122869.31
67.3109461512431	67.3280461375631	13517.385	2029.108	4540669.74
77.3109381512495	77.3279381376495	15572.415	2358.362	4986559.89
87.3109301512559	87.3278301377359	17654.84	2738.661	5415962.73
97.3109221512623	97.3279021376783	19496.583	2978.902	5846979.81
