0.00099999920000064	0.0179999856000115	3.711	1.217	812.42
0.00299999760000192	0.0199799840160128	4.258	1.314	1632.45
0.00299999760000192	0.0199799840160128	7.506	1.299	1121.95
0.0049999960000032	0.0219599824320141	4.176	1.399	2002.27
0.00699999440000448	0.0239399808480153	4.423	1.422	2766.04
0.0099999920000064	0.0278999776800179	4.914	1.61	4156.88
0.013999988800009	0.0318599745120204	5.499	1.68	5796.98
0.0199999840000128	0.0379799696160243	6.103	1.82	8309.37
0.0279999776000179	0.0460799631360295	12.132	2.025	10954.44
0.0419999664000269	0.0581399534880372	9.483	2.426	19058.59
0.063999948800041	0.0820799343360525	13.931	3.119	28264.37
0.0949999240000608	0.111959910432072	12.784	4.029	37357.77
0.141999886400091	0.160019871984102	16.415	5.315	64434.09
0.211999830400136	0.228059817552146	22.407	7.498	83792.57
0.315999747200202	0.334079732736214	28.198	10.738	124904.63
0.474999620000304	0.492119606304315	41.948	17.797	166044.9
0.711999430400456	0.728099417520466	51.127	22.35	268067.37
1.06699914640068	1.08395913283269	72.014	36.841	377713.99
1.59999872000102	1.61603870716903	104.494	51.761	557150.73
2.39899808080154	2.41595806723355	145.173	78.35	785190.92
3.5979971216023	3.61601710718631	212.994	115.657	1096903.64
5.39499568400345	5.41187567049946	306.733	169.191	1505109.7
8.09199352640518	8.11007351194119	446.727	255.341	1900822.62
12.1389902888078	12.1559302752558	667.133	377.277	2164626.63
18.2079854336117	18.2240854207317	985.672	578.481	2421490.22
27.3109781512175	27.3279381376495	1472.845	853.18	2819184.31
37.3109701512239	37.3278301377359	1962.078	1144.315	3241689.46
47.3109621512303	47.3280821375343	2628.128	1443.195	3694896.59
57.3109541512367	57.3277941377647	3057.125	1746.628	4116659.5
67.3109461512431	67.3278661377071	3565.693	2080.521	4559564.1
77.3109381512495	77.3279381376495	4122.787	2393.074	4996900.3
87.3109301512559	87.3278301377359	4647.165	2707.718	5409647.88
97.3109221512623	97.3279021376783	5116.117	3011.175	5846979.77
