0.00199999840000128	0.0201599838720129	3.925	1.327	800.36
0.00299999760000192	0.0199799840160128	4.682	1.313	1298.82
0.00399999680000256	0.0219599824320141	4.382	1.412	1998.25
0.00399999680000256	0.0219599824320141	4.702	1.343	1499.79
0.00699999440000448	0.0239399808480153	4.64	1.45	2585.15
0.0099999920000064	0.0259199792640166	5.282	1.578	4414.15
0.013999988800009	0.0320399743680205	5.303	1.67	5049.29
0.0199999840000128	0.035999971200023	6.214	1.782	7179.8
0.0289999768000186	0.0460799631360295	7.511	2.065	14114.09
0.0429999656000275	0.0601199519040385	8.751	2.448	16739.08
0.063999948800041	0.0820799343360525	10.454	3.052	24059.44
0.0939999248000602	0.10997991201607	13.412	4.869	33876.37
0.141999886400091	0.159839872128102	15.571	5.319	56755.25
0.211999830400136	0.227879817696146	21.32	7.326	83294.03
0.316999746400203	0.333899732880214	27.388	9.785	133947.8
0.474999620000304	0.491939606448315	38.293	15.625	183477.76
0.711999430400456	0.728099417520466	51.763	22.637	240704.03
1.06699914640068	1.08395913283269	76.762	34.542	422600.24
1.59899872080102	1.61585870731303	103.876	52.803	566784.67
2.39799808160153	2.41595806723355	160.011	76.327	819621.97
3.5979971216023	3.61403710877031	218.22	113.684	1097101.33
5.39599568320345	5.41205567035546	303.197	169.181	1449343.79
8.09299352560518	8.10989351208519	453.033	253.482	1905490.82
12.1389902888078	12.1559302752558	665.563	382.164	2162894.87
18.2059854352117	18.2219254224597	980.798	568.471	2409577.47
27.3109781512175	27.3279381376495	1515.415	945.158	2807753.74
37.3109701512239	37.3280101375919	1993.62	1155.005	3255468.15
47.3109621512303	47.3279021376783	2504.886	1451.73	3688569.1
57.3109541512367	57.3279741376207	3014.251	1764.697	4119678.48
67.3109461512431	67.3278661377071	3552.649	2074.319	4539768.29
77.3109381512495	77.3279381376495	4054.218	2387.229	4971636.58
87.3109301512559	87.3280101375919	4633.169	2675.235	5404028.89
97.3109221512623	97.3279021376783	5181.513	3011.524	5847453.65
