0.00199999840000128	0.0199799840160128	5.038	1.142	864.68
0.00299999760000192	0.0199799840160128	3.824	1.194	1121.95
0.00399999680000256	0.0221399822880142	6.705	1.2	1499.79
0.0049999960000032	0.0219599824320141	5.594	1.44	1982.17
0.00699999440000448	0.0239399808480153	6.056	1.552	2585.15
0.0099999920000064	0.0260999791200167	7.483	1.432	4201.1
0.013999988800009	0.0300599759520192	8.964	1.479	5121.64
0.0199999840000128	0.035999971200023	11.423	1.642	8128.48
0.0289999768000186	0.0460799631360295	17.272	2.027	13306.07
0.0429999656000275	0.0601199519040385	20.183	2.34	15340.16
0.063999948800041	0.0799199360640512	25.322	2.894	24176.02
0.0949999240000608	0.111959910432072	34.868	4	46089.55
0.141999886400091	0.160019871984102	43.871	5.172	62275.14
0.211999830400136	0.227879817696146	63.644	8.89	80121.82
0.316999746400203	0.333899732880214	79.771	10.572	139870.82
0.474999620000304	0.491939606448315	122.375	15.611	183859.82
0.711999430400456	0.730079415936467	183.163	23.707	240506.94
1.06699914640068	1.08395913283269	255.909	36.136	385346.85
1.59999872000102	1.61603870716903	367.746	51.291	544155.66
2.39899808080154	2.41595806723355	516.98	75.755	822281.54
3.5979971216023	3.61601710718631	750.367	109.503	1119240.95
5.39599568320345	5.41205567035546	1176.693	166.787	1467235.79
8.09299352560518	8.11007351194119	1697.473	251.805	1918620.04
12.1389902888078	12.1559302752558	2507.932	388.781	2166748.52
18.2079854336117	18.2239054208757	3748.086	555.99	2415690.9
27.3109781512175	27.3279381376495	5503.848	825.482	2804919.25
37.3099701520239	37.3278301377359	7501.391	1115.151	3240460.86
47.3109621512303	47.3279021376783	9555.01	1425.198	3684895.93
57.3099541520367	57.3277941377647	11501.983	1763.38	4127473.47
67.3109461512431	67.3278661377071	13451.134	2154.371	4556674.96
77.3109381512495	77.3279381376495	15627.334	2329.582	4985067.24
87.3109301512559	87.3278301377359	17537.571	2667	5410704.39
97.3109221512623	97.3279021376783	19549.174	2942.39	5851520.87
