0.00099999920000064	0.0179999856000115	15.874	1.114	768.2
0.00299999760000192	0.0199799840160128	7.359	0.959	1218.42
0.00399999680000256	0.0199799840160128	7.442	0.974	1584.21
0.0049999960000032	0.0219599824320141	8.114	0.996	2231.4
0.00699999440000448	0.0241199807040154	8.747	1.041	2934.87
0.0099999920000064	0.0278999776800179	11.332	1.114	3622.25
0.013999988800009	0.0298799760960191	10.613	1.192	5664.32
0.0199999840000128	0.0379799696160243	13.719	1.37	8393.79
0.0289999768000186	0.0460799631360295	19.241	1.472	10379.59
0.0429999656000275	0.0601199519040385	19.682	1.792	18142.05
0.063999948800041	0.0799199360640512	21.473	2.206	26017.18
0.0949999240000608	0.111959910432072	29.932	3.116	35906.51
0.141999886400091	0.160019871984102	30.181	5.23	57032.66
0.211999830400136	0.230039815968147	38.295	6.467	78654.34
0.315999747200202	0.334079732736214	72.582	8.028	120417.3
0.474999620000304	0.492119606304315	62.338	13.282	189614.66
0.711999430400456	0.729899416080467	78.89	22.268	268059.33
1.06699914640068	1.08395913283269	107.357	31.509	359821.47
1.59999872000102	1.61801870558504	152.074	49.071	557605.63
2.39899808080154	2.41613806708955	191.076	72.306	808347.23
3.5979971216023	3.61403710877031	280.11	107.976	1100655.95
5.39599568320345	5.41403566877147	394.472	161.75	1460859.1
8.09299352560518	8.10989351208519	574.44	245.133	1890354.46
12.1389902888078	12.1561102751118	865.221	364.803	2156051.98
18.2079854336117	18.2240854207317	1263.979	546.86	2413384.78
27.3109781512175	27.3279381376495	1816.942	830.898	2811619.99
37.3109701512239	37.3280101375919	2526.818	1126.331	3235852.56
47.3109621512303	47.3279021376783	3087.76	1436.121	3690585.99
57.3109541512367	57.3279741376207	3709.915	1721.618	4122869.37
67.3109461512431	67.3280461375631	4471.853	2007.065	4543747.49
77.3109381512495	77.3279381376495	5033.439	2341.308	4984169.93
87.3109301512559	87.3278301377359	5770.453	2620.39	5420046.77
97.3109221512623	97.3279021376783	6213.283	4646.394	5849684.28
