0.00199999840000128	0.0201599838720129	7.381	0.916	772.22
0.00299999760000192	0.0199799840160128	7.948	0.987	1330.98
0.00399999680000256	0.0221399822880142	9.439	1.033	1620.39
0.0049999960000032	0.0219599824320141	9.947	0.984	2034.43
0.00599999520000384	0.0241199807040154	9.027	1.032	3087.61
0.0099999920000064	0.028079977536018	12.327	1.119	4422.19
0.0129999896000083	0.0300599759520192	11.262	1.176	5640.2
0.0199999840000128	0.035999971200023	14.414	1.311	7959.65
0.0289999768000186	0.0458999632800294	19.675	1.499	11477.04
0.0429999656000275	0.0599399520480384	21.204	1.83	18009.39
0.063999948800041	0.0820799343360525	21.921	2.193	22732.84
0.0949999240000608	0.112139910288072	27.817	2.924	35609.02
0.141999886400091	0.158039873568101	30.203	4.208	57318.11
0.211999830400136	0.227879817696146	37.886	5.81	101664.27
0.316999746400203	0.334079732736214	44.339	8.449	136947.52
0.474999620000304	0.491939606448315	65.525	13.076	186831.74
0.711999430400456	0.729899416080467	75.581	21.216	271920.83
1.06699914640068	1.08395913283269	114.06	31.783	378997.54
1.59999872000102	1.61603870716903	167.853	49.267	529224.88
2.39899808080154	2.41595806723355	201.646	72.597	809423.11
3.5969971224023	3.61403710877031	276.919	108.68	1091477.08
5.39599568320345	5.41205567035546	403.909	164.51	1490322.92
8.09299352560518	8.10989351208519	583.303	242.304	1893183.48
12.1379902896078	12.1561102751118	833.409	363.349	2160391.78
18.2079854336117	18.2258854192917	1256.157	542.067	2418194.49
27.3099781520175	27.3259581392335	1803.987	823.22	2820169.94
37.3109701512239	37.3280101375919	2466.015	1120.725	3242964.16
47.3109621512303	47.3280821375343	3098.202	1428.34	3688522.9
57.3109541512367	57.3279741376207	3728.283	1736.834	4114676.09
67.3109461512431	67.3280461375631	4468.583	2024.99	4538979.91
77.3109381512495	77.3279381376495	5044.152	2310.103	4981457.03
87.3109301512559	87.3280101375919	5682.697	2650.569	5414021.13
97.3109221512623	97.3279021376783	6193.862	4609.489	5848875.1
