0.00199999840000128	0.0179999856000115	3.964	1.385	816.44
0.00299999760000192	0.0199799840160128	4.107	1.344	1238.52
0.00399999680000256	0.0199799840160128	4.814	1.353	1745
0.0049999960000032	0.0219599824320141	37.388	1.512	1921.88
0.00699999440000448	0.0239399808480153	4.652	1.82	2749.96
0.0099999920000064	0.0278999776800179	4.736	1.668	3943.83
0.0129999896000083	0.0300599759520192	5.472	1.66	5037.23
0.0199999840000128	0.0379799696160243	13.218	1.908	7814.93
0.0289999768000186	0.0458999632800294	7.323	2.285	11042.88
0.0429999656000275	0.0599399520480384	8.789	2.471	17289.82
0.063999948800041	0.0818999344800524	11.18	3.1	23150.92
0.0949999240000608	0.111959910432072	12.955	4.072	34254.26
0.141999886400091	0.158039873568101	16.152	5.229	58359.36
0.211999830400136	0.227879817696146	20.689	7.09	77448.19
0.316999746400203	0.333899732880214	27.442	10.018	110176.22
0.474999620000304	0.491939606448315	39.72	15.113	194396.33
0.711999430400456	0.730079415936467	54.064	26.394	273517.74
1.06699914640068	1.08395913283269	73.333	34.809	388823.35
1.59999872000102	1.61585870731303	109.644	52.022	578496.39
2.39799808160153	2.41397806881754	146.443	77.074	818167.27
3.5979971216023	3.61601710718631	261.78	113.877	1117860.95
5.39599568320345	5.41205567035546	321.166	168.131	1470810.44
8.09299352560518	8.11007351194119	466.58	251.78	1885037.63
12.1379902896078	12.1539502768398	750.402	378.241	2166618.53
18.2079854336117	18.2258854192917	1026.544	560.735	2414709.91
27.3109781512175	27.3279381376495	1540.898	838.091	2806495.86
37.3109701512239	37.3278301377359	2083.531	1150.474	3240049.71
47.3109621512303	47.3279021376783	2653.243	1454.723	3671540.88
57.3109541512367	57.3279741376207	3194.185	1758.278	4118684.83
67.3109461512431	67.3280461375631	3739.369	2071.033	4548393.42
77.3109381512495	77.3279381376495	4389.936	2422.723	4968936.23
87.3109301512559	87.3278301377359	5013.034	2716.309	5420529.01
97.3109221512623	97.3279021376783	5378.578	2960.882	5847604.49
