0.00199999840000128	0.0179999856000115	3.751	1.199	832.52
0.00299999760000192	0.0199799840160128	4.698	1.161	1391.28
0.00399999680000256	0.0221399822880142	4.217	1.325	1793.24
0.0049999960000032	0.0219599824320141	4.14	1.131	2231.4
0.00699999440000448	0.0239399808480153	4.476	1.211	2906.74
0.0099999920000064	0.0259199792640166	4.739	1.312	3618.23
0.013999988800009	0.0300599759520192	36.531	1.418	5049.29
0.0189999848000122	0.035999971200023	6.005	1.44	7814.93
0.0289999768000186	0.0458999632800294	7.374	1.803	14114.09
0.0429999656000275	0.0599399520480384	8.667	1.958	17760.14
0.063999948800041	0.0820799343360525	13.683	2.496	25808.15
0.0949999240000608	0.112139910288072	11.962	3.06	38933.67
0.14099988720009	0.158039873568101	14.817	4.504	56755.25
0.210999831200135	0.228059817552146	22.703	5.918	81255.62
0.316999746400203	0.333899732880214	24.961	8.93	127783.64
0.474999620000304	0.491939606448315	40.156	13.133	186180.22
0.711999430400456	0.729899416080467	50.889	19.187	276192.69
1.06699914640068	1.08395913283269	74.464	33.12	395048.14
1.59999872000102	1.61801870558504	104.196	49.783	572988.7
2.39899808080154	2.41595806723355	142.572	73.314	834572.42
3.5979971216023	3.61601710718631	204.405	111.366	1080967.25
5.39599568320345	5.41205567035546	303.01	167.906	1471578.75
8.09299352560518	8.10989351208519	466.6	248.577	1911466.5
12.1389902888078	12.1559302752558	671.527	368.411	2159825.73
18.2079854336117	18.2260654191477	1019.582	558.406	2427545.02
27.3109781512175	27.3279381376495	1534.899	833.496	2821201.24
37.3109701512239	37.3280101375919	2065.375	1140.771	3245165.52
47.3099621520303	47.3280821375343	2796.596	1439.379	3684757.65
57.3109541512367	57.3279741376207	3118.011	1777.132	4120563.19
67.3109461512431	67.3278661377071	3693.756	2101.816	4559652.05
77.3109381512495	77.3279381376495	4282.912	2383.916	4985318.7
87.3109301512559	87.3280101375919	4899.007	2737.717	5409773.62
97.3109221512623	97.3279021376783	7649.257	5461.567	5849147.57
