0.00199999840000128	0.0199799840160128	4.432	1.205	832.52
0.00299999760000192	0.0199799840160128	4.515	1.184	1121.95
0.00399999680000256	0.0219599824320141	4.625	1.481	1745
0.0049999960000032	0.0219599824320141	4.794	1.204	2002.27
0.00699999440000448	0.0239399808480153	6.532	1.411	3143.89
0.0099999920000064	0.0278999776800179	8.102	1.459	4140.8
0.013999988800009	0.0318599745120204	9.278	1.516	5559.81
0.0199999840000128	0.0379799696160243	12.378	1.667	8848.03
0.0289999768000186	0.0460799631360295	15.998	1.905	10387.63
0.0429999656000275	0.0599399520480384	22.297	2.444	19058.59
0.0619999504000397	0.0779399376480499	30.323	2.896	22752.93
0.0949999240000608	0.112139910288072	34.856	4.103	35609.02
0.141999886400091	0.157859873712101	43.411	5.462	59858.94
0.211999830400136	0.227879817696146	72.876	7.306	88376.02
0.316999746400203	0.333899732880214	110.541	10.599	139870.82
0.474999620000304	0.491939606448315	124.298	16.815	183859.82
0.711999430400456	0.727919417664466	171.681	22.609	295975.78
1.06599914720068	1.08395913283269	249.273	35.603	382176.19
1.59999872000102	1.61801870558504	372.944	51.396	536386.24
2.39799808160153	2.41613806708955	517.941	76.525	796001.24
3.5979971216023	3.61583710733031	760.993	111.836	1079135.64
5.39599568320345	5.41403566877147	1141.224	167.358	1483524.55
8.09299352560518	8.11007351194119	1682.23	249.667	1900120.35
12.1389902888078	12.1561102751118	2506.93	372.166	2168140.63
18.2079854336117	18.2239054208757	3716.416	553.229	2425901.37
27.3109781512175	27.3279381376495	5490.094	818.871	2809263.39
37.3099701520239	37.3280101375919	7605.829	1134.162	3241035.16
47.3109621512303	47.3279021376783	9730.895	1417.144	3691189.89
57.3109541512367	57.3279741376207	11590.335	1748.648	4116910.91
67.3109461512431	67.3278661377071	13493.62	2011.555	4554939.05
77.3109381512495	77.3279381376495	15612.515	2327.563	4994229.23
87.3109301512559	87.3280101375919	20060.079	2645.329	5411543.2
97.3109221512623	97.3279021376783	19484.783	2943.551	5848581.61
