0.00099999920000064	0.0179999856000115	6.741	0.921	812.42
0.00299999760000192	0.0199799840160128	26.75	0.951	1234.5
0.00399999680000256	0.0201599838720129	16.833	0.992	1793.24
0.0049999960000032	0.0219599824320141	8.563	0.97	2372.1
0.00699999440000448	0.0241199807040154	8.874	1.028	2842.42
0.0099999920000064	0.0278999776800179	11.531	1.114	4032.27
0.013999988800009	0.0318599745120204	12.274	1.223	5314.6
0.0199999840000128	0.0379799696160243	13.263	1.373	8253.09
0.0279999776000179	0.0439199648640281	15.329	1.453	10371.55
0.0429999656000275	0.0599399520480384	20.989	1.784	17257.66
0.063999948800041	0.0818999344800524	21.56	2.381	25635.28
0.0929999256000595	0.10997991201607	26.932	3.112	35906.51
0.141999886400091	0.158039873568101	31.357	4.753	62275.14
0.211999830400136	0.228059817552146	44.244	5.805	75675.17
0.316999746400203	0.334079732736214	52.223	10.846	139500.87
0.474999620000304	0.491939606448315	75.261	13.965	178060.82
0.710999431200455	0.727919417664466	79.333	20.375	271767.99
1.06599914720068	1.08215913427269	114.173	31.749	392106.74
1.59999872000102	1.61801870558504	147.629	49.357	536386.24
2.39899808080154	2.41613806708955	191.399	72.633	793442.66
3.5979971216023	3.61601710718631	283.315	108.317	1114628.82
5.39599568320345	5.41403566877147	412.688	164.789	1454636.37
8.09199352640518	8.10791351366919	590.425	247.725	1892229.64
12.1389902888078	12.1559302752558	826.806	366.964	2150810.48
18.2079854336117	18.2258854192917	1236.456	553.493	2416391.26
27.3109781512175	27.3279381376495	1802.108	822.109	2821524.11
37.3109701512239	37.3278301377359	2466.572	1118.316	3246327.08
47.3109621512303	47.3280821375343	3642.636	1444.925	3687566.92
57.3099541520367	57.3279741376207	3746.61	1712.829	4122349.49
67.3109461512431	67.3278661377071	4401.897	2026.92	4543227.63
77.3109381512495	77.3279381376495	5047.511	2311.753	4986786.43
87.3109301512559	87.3280101375919	5686.527	2643.457	5410113.31
97.3109221512623	97.3279021376783	6189.74	4658.955	5847462.05
