0.00199999840000128	0.0179999856000115	9.883	1.141	792.32
0.00299999760000192	0.0199799840160128	7.78	1.167	1134.01
0.00399999680000256	0.0199799840160128	7.834	1.2	1483.71
0.0049999960000032	0.0219599824320141	8.916	1.205	2372.1
0.00699999440000448	0.0239399808480153	9.41	1.596	2979.07
0.0099999920000064	0.0260999791200167	10.015	1.38	4197.08
0.013999988800009	0.0298799760960191	16.156	1.478	5917.55
0.0199999840000128	0.035999971200023	14.124	1.637	7179.8
0.0289999768000186	0.0460799631360295	16.162	2.027	10954.44
0.0429999656000275	0.0601199519040385	23.143	2.332	18142.05
0.063999948800041	0.0820799343360525	23.352	2.952	24059.44
0.0949999240000608	0.111959910432072	37.226	4.144	43392.02
0.141999886400091	0.158039873568101	31.962	5.039	58359.36
0.211999830400136	0.228059817552146	39.154	7.271	84311.23
0.316999746400203	0.333899732880214	52.585	10.065	150374.04
0.474999620000304	0.491939606448315	62.892	15.717	163221.91
0.711999430400456	0.727919417664466	77.436	22.49	258755.67
1.06699914640068	1.08395913283269	112.516	34.475	416898.12
1.59999872000102	1.61801870558504	155.399	50.739	573592.63
2.39899808080154	2.41595806723355	202.606	76.048	808314.99
3.5979971216023	3.61601710718631	289.662	113.57	1093813.08
5.39599568320345	5.41187567049946	403.772	168.986	1458877.86
8.09299352560518	8.11007351194119	567.625	246.924	1898991.89
12.1389902888078	12.1559302752558	893.905	379.232	2148881.49
18.2079854336117	18.2258854192917	1265.73	553.259	2424081.54
27.3109781512175	27.3279381376495	1816.788	827.665	2821347.98
37.3099701520239	37.3280101375919	2482.194	1141.267	3240993.18
47.3109621512303	47.3280821375343	3132.607	1433.51	3687055.33
57.3109541512367	57.3279741376207	3756.9	1741.131	4114164.5
67.3109461512431	67.3278661377071	4443.311	2026.897	4541634.12
77.3109381512495	77.3279381376495	5145.154	2334.843	4986677.33
87.3109301512559	87.3280101375919	5657.647	2599.093	5411698.27
97.3109221512623	97.3279021376783	6391.562	2939.666	5846619.04
