0.00099999920000064	0.0179999856000115	3.58	1.052	808.4
0.00299999760000192	0.0199799840160128	3.844	1.12	1258.62
0.00399999680000256	0.0199799840160128	4.596	1.175	1745
0.0049999960000032	0.0219599824320141	11.266	1.175	1970.11
0.00699999440000448	0.0239399808480153	4.819	1.217	2544.95
0.00899999280000576	0.0259199792640166	4.718	1.298	4201.1
0.013999988800009	0.0320399743680205	6.715	1.344	5640.2
0.0199999840000128	0.0379799696160243	6.753	1.477	7855.13
0.0289999768000186	0.0458999632800294	7.064	1.996	11042.88
0.0419999664000269	0.0579599536320371	8.514	1.964	18142.05
0.0629999496000403	0.0799199360640512	10.562	2.69	25808.15
0.0949999240000608	0.112139910288072	11.671	3.171	38093.46
0.141999886400091	0.160019871984102	14.611	5.748	59939.34
0.211999830400136	0.228059817552146	22.307	5.946	84202.68
0.316999746400203	0.334079732736214	36.411	10.235	122254.84
0.474999620000304	0.491939606448315	36.273	12.752	163865.33
0.711999430400456	0.728099417520466	50.862	19.628	267894.39
1.06699914640068	1.08395913283269	70.61	32.861	388634.24
1.59999872000102	1.61603870716903	101.195	49.699	562754.74
2.39799808160153	2.41397806881754	156.351	73.704	812223.61
3.5979971216023	3.61583710733031	207.729	110.852	1112159.4
5.39599568320345	5.41403566877147	314.035	167.26	1486598.13
8.09199352640518	8.11007351194119	465.604	246.939	1875796.83
12.1389902888078	12.1559302752558	679.192	374.384	2150525.33
18.2069854344117	18.2239054208757	995.046	554.877	2421498.62
27.3109781512175	27.3279381376495	1630.005	839.921	2823025.32
37.3109701512239	37.3280101375919	2060.817	1139.187	3241815.23
47.3109621512303	47.3279021376783	2644.786	1456.414	3681738.59
57.3109541512367	57.3279741376207	3114.175	1758.537	4115506.34
67.3109461512431	67.3278661377071	3706.985	2074.587	4550481.69
77.3109381512495	77.3279381376495	4573.473	2404.132	4977989.3
87.3109301512559	87.3278301377359	4845.702	2735.565	5413719.36
97.3109221512623	97.3279021376783	5566.856	5481.06	5847369.77
