0.00199999840000128	0.0179999856000115	3.833	1.014	864.68
0.00299999760000192	0.0199799840160128	6.797	0.964	1302.84
0.00399999680000256	0.0199799840160128	3.865	1.013	1660.59
0.0049999960000032	0.0219599824320141	4.946	1.023	2022.37
0.00699999440000448	0.0239399808480153	6.51	1.098	2548.97
0.0099999920000064	0.0260999791200167	6.639	1.171	3618.23
0.013999988800009	0.0320399743680205	9.239	1.272	5354.79
0.0199999840000128	0.035999971200023	11.454	1.613	9720.35
0.0279999776000179	0.0440999647200282	15.064	1.637	10363.51
0.0429999656000275	0.0601199519040385	21.065	1.858	17426.49
0.063999948800041	0.0799199360640512	24.597	2.264	24835.29
0.0949999240000608	0.111959910432072	68.025	3.099	35227.12
0.14099988720009	0.158039873568101	42.415	3.952	64434.09
0.211999830400136	0.230039815968147	64.7	6.263	82823.63
0.316999746400203	0.334079732736214	79.597	8.895	137023.91
0.474999620000304	0.491939606448315	142.259	14.035	183481.8
0.711999430400456	0.728099417520466	191.975	21.216	269949.87
1.06599914720068	1.08197913441669	255.999	32.213	381810.04
1.59899872080102	1.61603870716903	397.255	48.955	566961.81
2.39899808080154	2.41595806723355	504.813	72.484	833794.65
3.5979971216023	3.61583710733031	782.762	107.982	1096653.49
5.39599568320345	5.41403566877147	1128.075	163.261	1464453.8
8.09299352560518	8.10989351208519	1671.179	243.765	1895659.43
12.1389902888078	12.1559302752558	2489.881	364.091	2155753.93
18.2079854336117	18.2260654191477	3827.915	543.147	2434589.58
27.3109781512175	27.3279381376495	5534.635	816.207	2804923.45
37.3109701512239	37.3280101375919	7475.636	1124.462	3251748.72
47.3109621512303	47.3279021376783	9481.48	1412.554	3684501.78
57.3109541512367	57.3279741376207	11486.34	1745.757	4132832.27
67.3109461512431	67.3278661377071	13519.941	2041.523	4557425.45
77.3109381512495	77.3279381376495	15531.061	2327.113	4985700.42
87.3109301512559	87.3278301377359	17478.179	2640.937	5409937.09
97.3099221520623	97.3259221392623	19316.591	15793.768	5847512.33
