0.00199999840000128	0.0179999856000115	3.725	1.132	788.3
0.00299999760000192	0.0199799840160128	4.078	1.116	1190.29
0.00399999680000256	0.0219599824320141	4.685	1.21	1660.59
0.0049999960000032	0.0219599824320141	4.335	1.18	2106.79
0.00699999440000448	0.0239399808480153	4.229	1.181	3083.59
0.00899999280000576	0.0260999791200167	4.776	1.223	4032.27
0.013999988800009	0.0300599759520192	5.636	1.555	6186.9
0.0189999848000122	0.035999971200023	5.903	1.464	7569.72
0.0289999768000186	0.0460799631360295	8.548	1.682	12859.88
0.0429999656000275	0.0599399520480384	8.588	1.967	16843.6
0.063999948800041	0.0799199360640512	10.921	2.42	25004.12
0.0949999240000608	0.112139910288072	12.58	3.091	37502.5
0.141999886400091	0.157859873712101	14.898	4.17	55927.08
0.211999830400136	0.228059817552146	20.176	5.708	84202.68
0.316999746400203	0.333899732880214	26.137	8.21	130465.62
0.474999620000304	0.491939606448315	36.097	13.42	179058.14
0.711999430400456	0.730079415936467	66.263	19.692	263457.76
1.06699914640068	1.08395913283269	72.98	32.863	377532.94
1.59999872000102	1.61801870558504	100.589	50.008	564014.83
2.39799808160153	2.41613806708955	148.633	74.128	791907.52
3.5979971216023	3.61403710877031	204.561	112.222	1110973.09
5.39499568400345	5.41205567035546	304.674	165.931	1451599.84
8.09299352560518	8.11007351194119	458.992	249.406	1889262.66
12.1389902888078	12.1559302752558	1787.431	376.359	2150990.67
18.2079854336117	18.2239054208757	1008.983	559.647	2425155
27.3109781512175	27.3279381376495	1471.789	834.173	2826132.52
37.3109701512239	37.3278301377359	2016.227	1160.697	3250226.63
47.3109621512303	47.3279021376783	2627.7	1453.447	3683239.7
57.3109541512367	57.3279741376207	3159.804	1778.191	4106684.04
67.3109461512431	67.3280461375631	3713.65	2102.381	4554255.42
77.3109381512495	77.3279381376495	5912.268	2377.128	4978634.92
87.3109301512559	87.3278301377359	5129.902	2722.939	5410415.22
97.3109221512623	97.3279021376783	5522.014	5412.088	5851084.87
