0.00199999840000128	0.0199799840160128	3.921	1.415	832.52
0.00299999760000192	0.0199799840160128	17.224	1.367	1391.28
0.00399999680000256	0.0201599838720129	4.093	1.323	1544.01
0.0049999960000032	0.0221399822880142	5.795	1.333	1982.17
0.00699999440000448	0.0241199807040154	4.418	1.441	3143.89
0.0099999920000064	0.028079977536018	24.957	1.62	4040.31
0.013999988800009	0.0320399743680205	7.111	1.642	6785.85
0.0199999840000128	0.0379799696160243	6.225	1.841	9049.02
0.0289999768000186	0.0460799631360295	7.572	2.102	12160.41
0.0429999656000275	0.0599399520480384	10.011	2.479	15328.1
0.063999948800041	0.0800999359200513	30.457	3.317	22732.84
0.0949999240000608	0.111959910432072	13.199	4.009	38318.59
0.141999886400091	0.160019871984102	19.54	6.737	58962.42
0.211999830400136	0.229859816112147	21.053	7.029	81183.24
0.316999746400203	0.334079732736214	30.863	10.703	120469.56
0.473999620800303	0.492119606304315	38.577	14.822	202278.78
0.711999430400456	0.729899416080467	60.908	23.694	259511.86
1.06699914640068	1.08395913283269	108.181	33.746	407381.31
1.59999872000102	1.61801870558504	104.73	51.788	548684.54
2.39799808160153	2.41397806881754	149.988	77.298	779836.32
3.5979971216023	3.61601710718631	220.247	114.263	1118873.77
5.39599568320345	5.41187567049946	316.517	174.826	1443064.94
8.09299352560518	8.11007351194119	478.303	249.174	1914698.15
12.1389902888078	12.1559302752558	700.929	376.437	2167197.17
18.2079854336117	18.2240854207317	1041.394	557.841	2428538.82
27.3099781520175	27.3259581392335	1590.422	845.563	2825189.05
37.3099701520239	37.3258501393199	2082.869	1151.779	3256088.61
47.3109621512303	47.3279021376783	2723.769	1454.283	3691454.02
57.3109541512367	57.3279741376207	3954.39	1770.164	4122848.59
67.3109461512431	67.3278661377071	3819.856	2122.259	4548196.62
77.3109381512495	77.3279381376495	4351.259	2361.886	4976940.76
87.3109301512559	87.3278301377359	4944.393	2659.84	5411438.28
97.3109221512623	97.3280821375343	5484.601	3012.519	5849365.69
