0.00099999920000064	0.0179999856000115	8.733	1.104	812.42
0.00299999760000192	0.0199799840160128	13.225	1.226	2251.5
0.00299999760000192	0.0199799840160128	7.216	0.955	1230.48
0.00399999680000256	0.0199799840160128	7.425	0.974	1632.45
0.00699999440000448	0.0241199807040154	8.633	1.039	2673.58
0.0099999920000064	0.0259199792640166	11.916	1.127	4225.22
0.013999988800009	0.0300599759520192	12.352	1.177	5121.64
0.0199999840000128	0.035999971200023	12.104	1.346	7855.13
0.0289999768000186	0.0460799631360295	16.497	1.623	13125.19
0.0429999656000275	0.0599399520480384	18.631	1.791	17056.67
0.063999948800041	0.0818999344800524	23.011	2.365	22789.11
0.0929999256000595	0.10997991201607	26.908	2.832	38021.08
0.141999886400091	0.160019871984102	29.589	4.236	62275.14
0.211999830400136	0.230039815968147	47.936	6.141	74304.18
0.316999746400203	0.333899732880214	53.196	10.662	137023.91
0.473999620800303	0.489959608032314	77.095	13.559	193672.44
0.710999431200455	0.727919417664466	85.144	21.129	284406.69
1.06699914640068	1.08413913268869	134.215	31.216	394307.75
1.59999872000102	1.61585870731303	156.655	49.985	543732.96
2.39899808080154	2.41595806723355	207.855	73.288	817595.05
3.5979971216023	3.61601710718631	285.012	111.837	1107430.45
5.39599568320345	5.41187567049946	798.505	163.6	1481882.66
8.09299352560518	8.10989351208519	561.813	241.338	1887221.2
12.1389902888078	12.1561102751118	852.393	363.667	2160437.95
18.2079854336117	18.2239054208757	1255.464	546.455	2419464.91
27.3109781512175	27.3279381376495	1842.185	818.011	2805628.09
37.3109701512239	37.3280101375919	2496.938	1124.318	3248167.72
47.3109621512303	47.3279021376783	3109.443	1424.234	3685382.41
57.3109541512367	57.3279741376207	3780.433	1721.082	4123154.6
67.3109461512431	67.3278661377071	4695.117	2007.011	4539114.19
77.3109381512495	77.3279381376495	5027.849	2342.391	4967753.59
87.3109301512559	87.3280101375919	6438.627	2639.939	5412025.42
97.3109221512623	97.3279021376783	6212.391	4499.983	5846979.71
