0.00199999840000128	0.0179999856000115	6.853	1.091	768.2
0.00299999760000192	0.0199799840160128	7.808	1.185	1121.95
0.00399999680000256	0.0199799840160128	7.815	1.17	1777.16
0.0049999960000032	0.0219599824320141	12.155	1.207	1837.46
0.00699999440000448	0.0241199807040154	8.864	1.248	2830.36
0.0099999920000064	0.0278999776800179	10.267	1.356	4257.4
0.013999988800009	0.0300599759520192	11.093	1.478	5652.26
0.0199999840000128	0.035999971200023	13.829	1.893	9049.02
0.0289999768000186	0.0458999632800294	16.781	1.897	13306.07
0.0429999656000275	0.0599399520480384	19.535	2.283	15352.22
0.0629999496000403	0.0800999359200513	23.13	2.915	25241.31
0.0949999240000608	0.111959910432072	49.622	3.843	40272.37
0.141999886400091	0.160019871984102	31.178	5.401	64112.45
0.211999830400136	0.228059817552146	39.52	7.399	83792.57
0.316999746400203	0.333899732880214	48.48	10.41	122254.84
0.474999620000304	0.492119606304315	62.903	15.073	179653.33
0.710999431200455	0.727919417664466	78.32	23.201	258679.25
1.06699914640068	1.08395913283269	113.028	34.305	408262.57
1.59999872000102	1.61801870558504	164.153	50.897	582377.55
2.39799808160153	2.41397806881754	200.737	74.045	794115.53
3.5979971216023	3.61601710718631	280.903	117.256	1061724.21
5.39599568320345	5.41187567049946	409.053	167.854	1495058.87
8.09299352560518	8.11007351194119	582.325	249.659	1915993.2
12.1389902888078	12.1559302752558	856.245	367.008	2153494.03
18.2079854336117	18.2239054208757	1228.591	555.717	2425997.77
27.3109781512175	27.3279381376495	1846.529	832.566	2813762.51
37.3109701512239	37.3280101375919	2511.199	1137.809	3240268.01
47.3109621512303	47.3279021376783	3171.848	1424.306	3688904.73
57.3109541512367	57.3279741376207	3830.141	1744.066	4117963.4
67.3109461512431	67.3280461375631	4515.177	2026.749	4566667.38
77.3109381512495	77.3279381376495	5031.437	2319.754	4970110.41
87.3109301512559	87.3278301377359	5782.167	2663.959	5410201.26
97.3109221512623	97.3279021376783	6282.576	2939.227	5846816.29
