0.000709999432000454	0.0127799897760082	6.151	1.212	104.96
0.001569998744001	0.0282599773920181	12.875	1.454	291.32
0.00222999821600143	0.0401399678880257	17.534	1.544	410.02
0.00301999758400193	0.0543599565120348	37.319	1.842	519.82
0.0051599958720033	0.0925199259840592	41.716	2.234	881.59
0.00600999519200385	0.107819913744069	36.219	2.345	976.43
0.0103799916960066	0.186479850816119	62.299	3.357	1755.32
0.0138899888880089	0.24929980056016	83.24	3.592	2447.09
0.0214999828000138	0.385739691408247	132.675	4.639	3597.77
0.0285599771520183	0.511919590464328	185.452	5.752	5069.15
0.0391899686480251	0.700739439408449	281.687	6.516	6117.1
0.048489961208031	0.865079307936554	289.927	8.286	8196.07
0.0975899219280625	1.73123861500911	560.416	11.954	16890.74
0.151029879176097	2.6600378719697	1074.612	16.801	25705.22
0.269449784440172	4.691876246499	1726.436	27.621	48880.03
0.382099694320245	6.55037475970019	2361.299	40.671	60516.51
0.39076968738425	6.5595547523562	2254.983	40.656	59860.22
0.935999251200599	15.1482478814017	5813.877	100.407	143959.6
1.1010991191207	16.8586065131148	6259.614	108.216	175385.8
1.78565857147314	25.3223797420962	8660.139	160.12	269093.88
3.22324742140206	41.1321270942983	13991.325	297.901	425224.43
3.72973701621039	40.5366875706499	13682.449	335.839	490927.05
6.8715345027724	60.7245714203429	18612.263	607.926	745456.04
10.5756015395188	72.2240422207662	20285.878	866.46	910649.25
12.3711001031199	63.7541489966808	18144.267	992.554	955994.26
23.9899708080234	87.4482500414	24157.697	1918.071	1218071.6
33.3896432882854	94.3408045273564	27536.908	2660.36	1433777.11
42.0026063979149	97.2724621820303	29611.396	3271.364	1637288.51
49.0979307216554	98.0486215611027	29748.564	3794.75	1800011.06
59.5881223295021	99.973360021312	29666.185	4709.493	2042194.64
65.4870076103939	99.942040046368	30367.11	5084.381	2168254.13
73.0500915599268	99.999460000432	31294.839	5735.131	2345356.51
78.6810770551384	100.0	31057.325	6100.75	2471931.34
