0.000539999568000346	0.00971999222400622	12.13	1.099	104.96
0.00146999882400094	0.0264599788320169	11.491	1.28	248.59
0.00224999820000144	0.0404999676000259	15.258	1.366	501.54
0.00318999744800204	0.0574199540640368	40.21	1.639	518.16
0.00487999609600312	0.0878399297280562	31.084	2.155	796.72
0.00582999533600373	0.104939916048067	34.336	2.273	996.97
0.0102099918320065	0.183059853552117	60.504	3.012	1749.74
0.0132599893920085	0.237599809920152	75.546	3.505	2259.07
0.0201299838960129	0.360899711280231	123.041	4.299	3382.55
0.0378599697120242	0.678599457120434	225.137	6.423	6409.56
0.0573799540960367	1.02581917934466	410.8	7.942	9594.23
0.0596299522960382	1.06289914968068	408.805	8.376	9110.37
0.104379916496067	1.85093851924918	603.731	13.146	17989.49
0.186189851048119	3.24953740037008	1115.734	20.347	32214.18
0.188709849032121	3.32495734003413	1333.66	20.841	30313.84
0.356849714520228	6.10811511350791	2143.672	38.029	59538.69
0.548329561336351	9.15065267947786	3229.347	52.781	91637.26
0.876409298872561	14.123688701049	5277.444	87.224	159429.97
1.07818913744869	16.5052667957866	5978.42	104.83	173453.77
2.14667828265737	30.5412955669635	10749.157	200.55	305542.07
2.5062379950096	31.7600745919403	10972.969	241.778	358374.05
4.81057615153908	52.6522978781617	16773.664	439.521	576428.4
6.2441250047	54.9933760052992	16011.665	553.784	709627.19
8.72735301811758	59.6249523000382	16775.767	768.717	870626.72
14.3817884945692	72.1923622461102	20523.756	1177.014	1005030.65
24.2032606373915	88.3070293543765	25440.001	1936.02	1222451.49
33.3979632816294	94.3688845048924	26773.259	2661.611	1433951.56
42.9791256166995	98.6816810546552	28207.325	3415.831	1655210.27
51.1280990975207	99.4992404006077	28598.913	4096.413	1843816.06
59.5923623261101	99.97390002088	28778.463	4660.479	2042365.49
66.6705766635387	99.995320003744	30346.275	5313.689	2203340.32
73.0702115438308	100.0	30540.884	5588.773	2343855.01
78.6890070487944	100.0	30721.333	6088.538	2472181.9
