0.00060999951200039	0.010979991216007	4.946	0.993	94.4
0.00153999876800099	0.0277199778240177	9.885	1.194	269.13
0.0026599978720017	0.0478799616960306	17.717	1.531	481.01
0.00295999763200189	0.053099957520034	18.461	1.579	479.35
0.0048499961200031	0.0872999301600559	39.76	1.934	873.28
0.00525999579200337	0.0943199245440604	33.97	2.005	881.59
0.00862999309600552	0.154979876016099	56.148	2.816	1575.6
0.0136599890720087	0.245519803584157	80.367	3.405	2348.93
0.0238999808800153	0.428399657280274	174.536	4.785	4441.12
0.0354499716400227	0.634499492400406	238.954	5.864	6644.73
0.0568999544800364	1.01915918467265	334.074	8.031	9538.2
0.0827199338240529	1.47617881905694	512.286	10.634	13603.1
0.0852499318000546	1.51055879155297	516.976	10.986	15103.46
0.160499871600103	2.82563773948981	1024.457	20.046	27927.92
0.173079861536111	3.01445758843393	1101.16	20.809	27065.53
0.252889797688162	4.34267652585878	1629.597	25.376	40462.81
0.395809683352253	6.63479469216425	2442.689	40.354	62418.79
0.680519455584435	10.981791214567	4005.944	68.947	103224.77
1.41778886576891	21.7697225842219	7641.336	141.267	209920.78
1.88839848928121	26.7465386027691	9526.157	175.203	281164.11
2.9628676297059	37.4347500522	12948.127	274.04	409149.98
4.3734865012108	47.3147621481903	15302.9	413.466	548058.04
5.71535542771566	50.5716795426564	14875.97	529.499	666242.16
9.66759226592619	65.5140075887939	18404.761	878.548	897219.02
13.3509593192325	67.6185659051473	19104.209	1175.311	980069.01
25.3104897516082	93.3398253281397	26822.833	2419.078	1243594.47
34.2672125862299	96.6980826415339	27909.386	3081.315	1456865.85
43.5544551564359	99.4371404502876	28186.84	3955.97	1672033.81
51.599588720329	99.7426002059198	29050.866	4602.268	1855034.4
58.6954530436376	99.8315201347839	30073.249	5350.45	2012503.58
66.4639068288745	99.989920008064	32787.836	5942.716	2193513.51
72.7139618288305	99.998020001584	32984.069	6580.772	2338411.54
78.6677170658264	100.0	32080.682	7231.77	2471420.14
