0.000649999480000416	0.0116999906400075	5.798	1.286	165.97
0.00148999880800095	0.0268199785440172	10.719	1.48	264.14
0.00205999835200132	0.0370799703360237	13.693	1.555	376.19
0.00225999819200145	0.040679967456026	15.04	1.589	381.18
0.00372999701600239	0.067139946288043	21.748	1.943	567.54
0.00758999392800486	0.136439890848087	45.362	2.562	1409.18
0.00759999392000486	0.136799890560088	56.264	2.609	1212.17
0.0173799860960111	0.3124797500162	108.423	4.03	2907.05
0.0194499844400124	0.347759721792223	162.216	4.399	3456.86
0.0357399714080229	0.64097948721641	252.404	7.646	6644.73
0.0530299575760339	0.948059241552607	353.623	7.751	8272.65
0.0793499365200508	1.4068788744969	534.995	10.304	12170.38
0.0841099327120538	1.49903880076896	592.642	11.087	14278.95
0.138319889344089	2.43197805441756	915.157	16.355	22963.24
0.283179773456181	4.94063604749116	1681.114	29.629	47173.49
0.425639659488272	7.30097415922067	2782.847	42.865	69922.5
0.434549652360278	7.28135417491666	2674.22	44.63	70628.3
0.89117928705657	14.3663285069372	5100.381	91.059	139052.61
1.32290894167285	20.2046238363009	7250.66	122.829	199624.69
2.09786832170534	29.8313761348991	10362.166	202.514	306888.53
2.84493772404982	36.0348911720871	12018.73	262.273	392432.34
4.35429651656279	47.1099223120622	14612.445	395.503	548229.29
7.42223406221275	66.5878867296906	20026.997	648.09	779666.19
10.887921289663	74.935020051984	21677.081	929.605	916679.42
16.9578164337469	87.2068702345038	26491.294	1413.309	1055163.17
23.7483810012952	86.4812908149674	23811.771	1935.046	1212554.49
33.6409930872055	95.0080639935488	26869.937	2682.09	1438315.99
41.2283070173544	96.0920231263815	27999.472	3300.133	1619578.15
51.3507989193609	99.6158803072958	28113.216	3999.926	1851701.45
59.5800523359581	99.97120002304	29965.345	4767.884	2043077.22
66.5228267817386	99.992620005904	30423.746	5229.996	2203105.12
72.8087717529826	99.998380001296	31170.849	5679.937	2341021.63
78.6872570501944	100.0	31490.906	6133.971	2472273.96
