0.000799999360000512	0.0143999884800092	5.858	1.124	137.13
0.00115999907200074	0.0208799832960134	8.364	1.344	201.47
0.00213999828800137	0.0385199691840247	13.524	1.364	362.31
0.00301999758400193	0.0543599565120348	17.624	1.689	479.35
0.00415999667200266	0.0748799400960479	46.891	1.912	747.93
0.0064099948720041	0.115379907696074	39.036	2.294	1161.13
0.00818999344800524	0.147239882208094	51.727	2.538	1438.03
0.0148899880880095	0.267659785872171	103.726	4.34	2452.08
0.017239986208011	0.309779752176198	102.798	3.8	2907.05
0.037479970016024	0.67121946302443	258.251	6.287	6409.56
0.0549299560560352	0.981359214912628	332.033	8.058	9956.03
0.0576099539120369	1.02725917819266	344.566	8.341	10098.61
0.0762299390160488	1.35143891884886	1657.1	9.754	12170.38
0.158239873408101	2.78297777361778	931.411	16.758	26791.86
0.253329797336162	4.41809646552283	1562.228	26.69	40759.72
0.378349697320242	6.47513481989214	2260.487	41.534	60847.37
0.589119528704377	9.8441921246463	3418.239	61.966	90697.87
0.798199361440511	12.8888896888882	4503.51	79.486	129001.9
0.960149231880615	14.7679081856735	5504.079	93.244	157818.86
2.13811828950537	30.4233956612835	10527.972	207.247	303469.57
3.17986745610603	40.5069875944099	15204.404	305.466	422337.94
4.24279660576272	45.9383032493574	14469.422	393.722	542148.02
6.62120470303624	58.2407534073973	17249.739	612.696	734577.26
10.4724816220147	71.3546429162857	20087.79	969.902	910129.6
15.9811972150422	80.6600954719236	24616.824	1443.902	1035858.36
22.0973423221261	80.7036554370757	22822.624	2004.119	1181020.04
31.191495046804	88.8027489578008	25320.871	2774.504	1386311.3
43.0903655277076	98.8354009316793	29033.934	4030.206	1656353.9
51.8619485104412	99.8570801143359	31231.001	4732.031	1862685.03
59.5531223575021	99.963640029088	30341.472	5360.694	2041098.71
65.3901676878659	99.936280050976	29965.438	5795.793	2166064.48
73.0673115461508	100.0	31167.87	6426.685	2343621.54
78.6882870493704	100.0	33131.939	7048.896	2472062.51
