0.00088999928800057	0.0160199871840103	6.217	0.877	160.99
0.00184999852000118	0.0332999733600213	11.35	0.991	297.97
0.00193999844800124	0.0349199720640224	12.591	1.057	376.19
0.00270999783200173	0.0487799609760312	17.483	1.105	445.52
0.003129997496002	0.0563399549280361	18.027	1.146	525.4
0.00705999435200452	0.127079898336081	67.313	1.441	1133.95
0.00724999420000464	0.130499895600084	54.482	1.531	1306.03
0.0151999878400097	0.272879781696175	103.076	2.733	2508.78
0.0223199821440143	0.399779680176256	128.495	3.16	3685.97
0.0339199728640217	0.607679513856389	209.126	4.057	5647.83
0.0399199680640255	0.715679427456458	244.746	4.308	6918.32
0.0698099441520447	1.2446990042408	464.468	7.141	12031.7
0.105639915488068	1.8716385026892	668.997	10.103	17989.49
0.119139904688076	2.09933832052934	808.511	11.033	19618.64
0.24997980001616	4.36193651045079	1586.396	26.277	42817.51
0.425499659600272	7.28801416958866	2474.017	39.294	69922.5
0.563559549152361	9.42029246376603	3459.935	52.642	91257.83
0.884529292376566	14.2541885966491	4998.119	78.231	133079.82
1.31811894550484	20.1373038901569	7271.692	116.395	211138.73
2.12128830296936	30.1595158723873	10145.126	190.525	299040.86
2.14073828740937	27.4496180403056	9565.882	191.078	306487.45
3.08100753519397	34.2793525765179	10881.133	270.157	409565.44
7.0297843761725	62.3118101505519	17681.972	620.226	748221.93
9.55242235806211	64.7180482255614	18480.313	889.47	894401.66
12.0509503592397	62.522229982216	17953.261	1030.197	947899.69
23.5634811492151	85.7917113666309	23984.062	2066.924	1211676.97
33.6465230827815	95.0244439804448	27644.696	3284.251	1438445.59
38.2832693733845	91.4417268466185	26610.985	3328.432	1545724.58
51.0215591827527	99.4353404517276	30541.203	5248.02	1841246.72
59.5482823613741	99.966880026496	29400.256	6481.506	2040949.75
65.0371479702816	99.9127000698399	30414.065	7009.091	2159177.93
73.0702215438228	100.0	31641.936	8603.601	2344023.43
78.6661870670503	100.0	31532.666	9414.695	2472444.89
