0.000489999608000314	0.00881999294400564	4.442	1.026	94.4
0.00162999869600104	0.0293399765280188	10.421	1.276	269.13
0.00235999811200151	0.0424799660160272	15.519	1.417	408.36
0.00309999752000198	0.0556199555040356	31.536	1.646	669.71
0.00323999740800207	0.0581399534880372	36.527	1.99	525.4
0.00491999606400315	0.0885599291520567	50.021	1.981	788.41
0.0101299918960065	0.182339854128117	62.041	2.902	1717.57
0.0103299917360066	0.185939851248119	59.951	2.836	1654.9
0.0224999820000144	0.404639676288259	128.409	4.647	3685.97
0.03118997504802	0.557999553600357	173.49	5.471	5390.86
0.0516999586400331	0.923039261568591	333.422	7.561	8135.06
0.0554299556560355	0.989819208144634	347.913	8.113	9153.12
0.0976699218640625	1.73051861558511	652.01	12.048	17213.09
0.120969903224077	2.12885829691336	777.372	14.014	19618.64
0.196069843144125	3.42359726112219	1219.567	21.07	30281.65
0.34312972549622	5.89733528213177	2068.333	35.158	59111.66
0.476499618800305	7.9653536277171	2856.867	47.714	80899.5
0.947129242296606	15.3257277394178	5844.797	94.671	144812.54
1.4090788727369	21.6214027028778	7652.291	139.03	208425.61
1.52016878386497	21.6232027014378	7676.145	141.383	218731.19
3.23785740971407	41.3301269358984	14153.536	289.901	428871.37
4.59920632063494	50.0907199274241	16204.397	407.929	560870.32
7.30680415455668	65.3125877499298	19241.21	652.779	764657.92
10.1302518957985	68.81322494942	19249.417	873.306	903971.81
16.9076464738828	86.8303105357516	24075.815	1419.089	1052884.72
21.4769028184777	78.7132170294264	22241.158	1676.24	1164769.96
34.6218123025502	97.7480218015826	27262.2	2732.035	1463616.21
41.2150970279224	96.0736631410695	28060.353	3245.154	1619142.22
51.4161088671129	99.6468402825278	28999.094	4064.825	1850307.6
59.448952440838	99.953740037008	29464.063	4614.975	2038289.82
65.8185073451941	99.962740029808	29370.837	5045.989	2174454.94
72.9168916664867	99.998560001152	30379.986	5597.07	2344657.25
78.6822970541624	100.0	31252.29	6003.217	2472373.14
