0.000869999304000557	0.01565998747201	6.397	1.077	153.75
0.00164999868000106	0.029699976240019	10.688	1.234	269.13
0.0029699976240019	0.0534599572320342	18.181	1.547	438.87
0.00304999756000195	0.0548999560800351	18.323	1.519	532.05
0.00517999585600331	0.0930599255520596	31.674	1.982	781.76
0.00519999584000333	0.0935999251200599	74.313	2.052	851.08
0.0107499914000069	0.193499845200124	62.435	2.945	1883.02
0.0138999888800089	0.248579801136159	82.428	3.486	2348.93
0.0231399814880148	0.414539668368265	155.178	4.648	4629.14
0.0278199777440178	0.49967960025632	190.475	5.22	4619.17
0.0384699692240246	0.688679449056441	250.673	6.315	6779
0.0786999370400504	1.3996788802569	507.396	10.177	13477.06
0.095339923728061	1.69001864798508	644.288	11.416	16593.25
0.188549849160121	3.32243734205013	1222.006	20.785	30313.84
0.248449801240159	4.32917653665877	1636.744	25.631	41755.6
0.417189666248267	7.15211427830858	2480.889	45.789	66722.27
0.488179609456312	8.16047347162122	2933.696	50.459	81981.48
0.90588927528858	14.6109483112414	5331.34	90.156	151805.22
1.4105988715209	21.6428226857419	7530.988	137.426	208478.47
2.12109830312136	27.2336182131054	9430.677	201.331	305627.95
2.12502829997736	30.1922758461793	10441.199	207.151	300281.06
4.80092615925907	52.5406979674416	16737.786	471.793	577074.81
6.46776482578814	56.8718545025164	16644.673	599.843	722910.29
11.0305111755911	76.1847590521928	21399.006	1030.973	924036.61
13.5821491342807	68.6022651181879	19179.171	1235.986	986647.43
24.7373702101038	90.588707529034	29622.461	2242.831	1234368.69
34.393642485086	97.0678023457581	28113.125	3100.901	1456637.26
43.3656253074998	99.1914406468475	28631.038	3946.18	1666860.94
51.559858752113	99.7210002231998	30846.769	4707.698	1853914.73
57.2564141948686	99.4587404330076	29764.999	5187.275	1978245.99
66.6880066495947	99.9955000036	30497.827	6004.985	2204913.77
73.0286015771187	99.999460000432	31308.026	6592.549	2345293.88
78.6701870638503	100.0	33744.056	6997.299	2471609.62
