0.000589999528000378	0.0106199915040068	5.787	1.027	101.64
0.00130999895200084	0.0235799811360151	8.586	1.257	226.99
0.00216999826400139	0.039059968752025	19.852	1.398	376.19
0.0028099977520018	0.0503999596800323	26.949	1.269	479.35
0.00495999603200317	0.089099928720057	40.673	1.533	873.28
0.00766999386400491	0.138059889552088	47.244	1.702	1383.66
0.0115399907680074	0.207719833824133	76.364	2.045	1683.74
0.0160199871840103	0.287819769744184	100.977	2.45	2455.41
0.0244199804640156	0.436139651088279	137.571	3.194	3612.73
0.0275899779280177	0.493739605008316	189.743	3.971	4619.17
0.0357599713920229	0.639719488224409	295.142	4.187	5905.19
0.079679936256051	1.42019886384091	581.581	8.15	13477.06
0.111569910744071	1.97531841974526	657.066	11.352	18810.71
0.18786984970412	3.30713735429012	1112.825	18.231	30313.84
0.272319782144174	4.74317620545904	1571.042	29.42	39974.87
0.393779684976252	6.75035459971632	2404.532	36.492	62899.66
0.410339671728263	6.8727545017964	2503.676	37.806	64579.95
0.694939444048445	11.2202910237672	3932.437	62.475	112411.44
1.38511889190489	21.2344030124776	7170.864	124.58	203339.29
1.45785883371293	20.8094233524613	7477.354	132.849	220629.22
2.08083833532933	26.7641785886571	8970.053	179.936	299441.28
4.80707615433908	52.6326778938577	16943.788	407.099	576575.71
4.8494461204431	43.9979048016762	14093.526	404.601	573187.07
10.6635314691748	73.0158615873107	20504.638	860.147	913221.24
14.6478982816814	73.462801229759	20261.817	1130.817	1009692.94
25.3370597303522	93.4717652225878	26212.21	2435.273	1244416.38
34.8441121247103	98.381261294991	27273.564	3374.405	1466924.48
41.5642767485786	96.6034027172778	27391.447	3682.961	1628147.26
51.7393286085371	99.8025401579679	29174.209	5320.531	1861444.51
57.6074539140369	99.5651203479037	29222.795	5481.523	1984582.4
66.3250869399304	99.9865000108	29858.41	6737.435	2197509.01
72.4779720176224	99.996580002736	30419.136	7503.313	2334905.86
78.6646670682663	100.0	31165.635	8759.505	2471174.01
