0.000879999296000563	0.0158399873280101	7.03	1.127	153.75
0.00154999876000099	0.0278999776800179	10.007	1.233	288
0.00193999844800124	0.0349199720640224	12.46	1.357	323.49
0.00226999818400145	0.0408599673120262	14.829	1.388	354
0.00460999631200295	0.0829799336160531	31.211	1.941	862.72
0.00784999372000502	0.14093988724809	52.59	2.515	1320.99
0.0101599918720065	0.182699853840117	76.748	3.302	1717.57
0.014019988784009	0.252359798112162	97.745	3.682	2447.09
0.023459981232015	0.42155966275227	168.024	4.723	3687.63
0.0285099771920182	0.510479591616327	213.949	5.226	5123.54
0.0380099695920243	0.680399455680435	256.754	6.724	6779
0.0783199373440501	1.39049888760089	546.949	9.922	12170.38
0.0845399323680541	1.50569879544096	554.756	10.628	13626.96
0.122209902232078	2.15423827660938	750.007	13.733	19618.64
0.207419834064133	3.61241711006631	1397.112	21.906	35967.85
0.412539669968264	7.07849433720453	2496.963	44.196	72463.13
0.638009489592408	10.6945114443908	3855.478	62.882	103055.79
0.924619260304592	14.9336880530496	5243.087	84.754	138863.63
1.14681908254473	17.5134459892432	6237.802	110.814	181280.64
1.44356884514492	20.5932435254052	7420.548	137.436	221423.12
2.95279763776189	37.3260301391759	12884.387	277.3	407290.78
4.04984676012259	43.9251848598521	13675.729	346.674	527356.32
7.1883042493566	64.071308742953	19664.562	627.711	754811.31
8.58124313500549	58.7659929872056	16968.562	713.523	858861.79
16.9632664293869	87.2599701920238	25168.755	1385.991	1055381.37
22.7008618393105	82.7092138326289	23454.797	1806.505	1193923.34
33.9702328238137	95.8778232977414	26702.039	2668.278	1448052.97
43.4160752671398	99.2702805837755	27519.161	3429.098	1665494.94
51.3113289509368	99.5959003232797	28433.376	4004.447	1847969.07
59.4769424184461	99.955360035712	29706.477	4649.286	2038296.48
65.3588277129378	99.93880004896	32767.41	5170.505	2172213.04
73.0576615538708	99.999820000144	29927.315	5620.402	2345420.71
78.6888070489544	100.0	30915.817	5997.545	2472202.86
