0.000469999624000301	0.00845999323200541	4.234	1.08	104.96
0.00122999901600079	0.0221399822880142	8.443	1.165	201.47
0.00216999826400139	0.039059968752025	19.412	1.228	391.15
0.00297999761600191	0.0536399570880343	18.109	1.274	532.05
0.00331999734400212	0.0595799523360381	19.164	1.271	567.54
0.00726999418400465	0.130859895312084	43.224	1.674	1215.5
0.00933999252800598	0.167939865648107	59.695	1.875	1749.74
0.0134699892240086	0.242279806176155	84.82	2.278	2348.93
0.0215599827520138	0.387179690256248	154.412	3.061	3996.69
0.037439970048024	0.67157946273643	238.213	4.308	6409.56
0.0518599585120332	0.927539257968594	348.603	5.469	9024.43
0.0557299554160357	0.994499204400636	366.779	6.526	10098.61
0.10979991216007	1.94687844249725	659.529	10.648	19929.42
0.135649891480087	2.38607809113753	819.156	12.7	20326.8
0.239849808120153	4.17815665747467	1477.589	22.531	41531.37
0.303389757288194	5.20181583854733	1859.696	28.662	50834.17
0.540479567616346	9.03239277408578	3036.206	49.612	91041.77
0.604349516520387	9.78353217317426	3334.45	53.868	95260.95
1.43156885474492	21.9826624138701	7700.627	128.096	216374.49
2.10372831701735	27.0492983605613	10717.473	185.712	304706.54
2.12261830190536	30.1663558669153	11228.398	185.698	299229.28
4.70511623590701	51.3397389282089	16056.068	401.403	564167.55
5.61075551139559	49.7510601991518	14672.813	461.46	656714.49
11.0471511622791	76.3262389390088	21328.732	914.155	923997.56
12.471420022864	64.1521286782971	18224.359	949.858	958484.03
22.1836122531102	80.9677152258278	23203.716	1716.981	1182633.48
29.8167861465711	85.6153115077508	24645.221	2263.504	1357163.87
41.1306170955063	95.9478432417254	29899.521	3570.208	1616287.59
51.8388885288892	99.8502401198079	28375.707	5051.606	1859662.14
59.4903824076941	99.956440034848	29942.478	6081.924	2038264.16
66.3443569245145	99.986860010512	31774.237	6755.031	2197981.51
72.6013819188945	99.99730000216	30927.494	7780.382	2335697.42
78.6647270682183	100.0	32253.407	8605.131	2471147.72
