0.000849999320000544	0.0152999877600098	6.371	0.929	138.79
0.0017199986240011	0.0309599752320198	10.517	0.989	267.46
0.00203999836800131	0.0367199706240235	12.55	1.022	323.49
0.00345999723200221	0.0622799501760399	20.665	1.133	532.05
0.00505999595200324	0.0910799271360583	35.678	1.612	958.15
0.00683999452800438	0.123119901504079	41.81	1.426	1215.5
0.00886999290400568	0.159659872272102	67.641	2.087	1575.6
0.0147599881920094	0.26513978788817	81.915	2.134	2554.86
0.0243899804880156	0.436499650800279	163.288	3.029	3612.73
0.0251899798480161	0.452339638128289	145.843	3.027	4529.31
0.0387699689840248	0.693539445168444	243.59	5.043	6117.1
0.0752299398160481	1.34297892561686	511.921	8.68	12306.31
0.0898799280960575	1.59047872761702	563.677	8.964	13633.61
0.124189900648079	2.1871782502574	735.19	11.867	22514.82
0.201729838616129	3.51791718566625	1240.75	19.028	32079.87
0.279059776752179	4.79105616715507	1731.044	25.347	47904.02
0.620319503744397	10.3926516858787	3574.838	54.889	105732.83
0.893639285088572	14.3972884821692	5230.521	78.795	139465.71
1.31688894648884	20.0813239349409	7310.1	117.85	218349.25
2.11833830532936	30.1065959147233	10212.724	191.759	297566.33
2.46747802601758	31.25877499298	10431.254	226.729	355502.15
3.53200717439426	38.6258090993527	12210.825	319.222	459149.2
6.58422473262021	57.8919136864691	16778.719	587.974	733558.19
11.2582409934072	78.2554773956181	21818.113	983.298	924222.02
15.5276175779059	78.08483753213	22431.23	1353.734	1028106.85
21.7650825879339	79.637876289699	22722.944	1893.325	1173399.76
31.5201947838442	89.5832283334173	25473.791	2703.877	1391838.78
43.4941752046598	99.3811604950716	28584.514	4538.868	1663594.09
50.6996094403125	99.2299606160315	28717.299	5168.922	1835296.13
58.2403634077093	99.7314402148478	30651.169	6306.2	2008804.28
66.1103171117463	99.978760016992	30673.431	7295.334	2192384.77
72.9930616055507	99.999280000576	32480.73	8612.189	2345265.15
78.6661870670503	100.0	32009.301	9248.685	2472444.89
