0.000619999504000397	0.0111599910720071	4.763	0.859	114.93
0.00166999866400107	0.0300599759520192	10.096	0.994	264.14
0.00252999797600162	0.0455399635680291	14.854	1.08	463.8
0.00290999767200186	0.0523799580960335	18.288	1.118	445.52
0.00511999590400328	0.0919799264160589	29.638	1.276	796.72
0.00662999469600424	0.119159904672076	42.732	1.44	1162.8
0.0116199907040074	0.208799832960134	74.488	1.828	2067.72
0.0136499890800087	0.245339803728157	78.84	2.023	2445.43
0.0178399857280114	0.320039743968205	98.365	2.368	2727.33
0.0242299806160155	0.434519652384278	163.477	2.982	3943.99
0.0387199690240248	0.693359445312444	258.257	4.348	6228.18
0.0600399519680384	1.07171914262469	584.777	6.09	10300.54
0.0992499206000635	1.75985859211313	643.518	9.491	16890.74
0.165199867840106	2.90627767497786	1000.877	15.8	29668.38
0.182249854200117	3.18257745393804	1085.786	16.637	29235.47
0.287839769728184	4.93019605584316	2017.049	27.049	49580.08
0.394749684200253	6.63191469446824	2278.003	35.681	59860.22
0.81267934985652	13.0885095291924	4737.195	71.843	133431.18
1.12758909792872	17.249026200779	6102.173	101.757	178205.72
1.86678850656919	26.3987788809769	9422.223	164.412	284652.84
2.92493766004987	36.9397504481996	12483.039	266.31	405929.24
4.11787670569864	44.6523842780926	15982.35	359.473	531603.79
5.51596558722753	48.9947008042394	14530.112	477.09	644337.19
8.34632332294134	57.3992540805967	16174.471	722.9	840094.43
12.55009995992	64.4530884375292	17980.382	1081.193	960374.01
25.7155994275205	95.349163720669	29869.204	2687.103	1260573.41
32.2330542135566	91.3490269207785	26449.495	2802.582	1409598.32
43.5518051585559	99.4358804512956	29445.338	4598.347	1672210.74
50.7068094345525	99.2411206071035	28514.163	5269.416	1834730.9
59.5556623554701	99.964720028224	31903.898	6447.47	2041368.56
65.8939272848582	99.967780025776	30199.031	7208.327	2176251.95
72.5583119533504	99.996940002448	31063.044	8017.85	2336437.77
78.6856070515144	100.0	32252.862	9473.78	2472000.66
