0.000509999592000326	0.00917999265600588	5.172	1.025	104.96
0.00116999906400075	0.0210599831520135	9.957	1.067	223.66
0.00175999859200113	0.0316799746560203	15.045	1.14	330.14
0.00277999777600178	0.050039959968032	23.152	1.258	518.16
0.0038999968800025	0.0701999438400449	56.466	1.363	747.93
0.00529999576000339	0.0952199238240609	42.009	1.438	851.08
0.0103099917520066	0.185219851824119	101.352	1.905	1717.57
0.01554998756001	0.279359776512179	121.611	2.338	2433.8
0.0169799864160109	0.304919756064195	149.482	2.457	2770.06
0.0346099723120221	0.618659505072396	300.489	4.01	5459.13
0.0365599707520234	0.65573947540842	320.402	3.909	6103.8
0.0523599581120335	0.933659253072598	451.971	5.67	8135.06
0.122529901976078	2.17727825817739	1117.981	11.048	22129.09
0.158649873080102	2.79449776440179	1515.353	14.545	26791.86
0.200539839568128	3.48929720856223	1699.949	16.769	30281.65
0.321129743096206	5.49719560224352	2803.051	26.535	54682.21
0.464079628736297	7.76231379014897	3753.031	38.92	76277.45
0.92199926240059	14.1829086536731	7030.463	74.145	141857.96
0.941829246536603	15.2245678203457	9446.201	79.707	144099.12
1.51344878924097	21.5119627904298	10501.793	119.051	216270.43
1.98682841053727	25.6368394905284	12698.787	154.393	277008.44
3.64324708540233	39.7155282275774	17877.773	280.842	481111.8
6.79674456260435	59.9440920447264	38178.604	568.784	739501.97
8.99915280067776	61.2426110059112	25574.028	679.442	881278.26
16.0741371406903	81.207115034308	33750.762	1231.48	1039853.74
24.1928706457035	88.2611293910965	39321.782	1854.524	1222431.94
30.6306454954836	87.470210023832	37081.319	2315.803	1370697.56
43.4328252537398	99.2909805672155	41926.129	6863.243	1665548.51
51.2296990162408	99.5581003535197	44963.894	8923.21	1846357.79
58.5506231595015	99.8020001583999	43663.891	9843.399	2008217.78
65.7081374334901	99.95680003456	45017.603	11747.59	2172083.75
72.9730616215507	99.99910000072	46861.543	15610.507	2345250.59
78.6663570669143	100.0	47559.006	18214.109	2471359.15
