0.000579999536000371	0.0104399916480067	6.54	0.99	104.96
0.00196999842400126	0.0354599716320227	16.314	1.298	297.97
0.00252999797600162	0.0455399635680291	30.294	1.451	410.02
0.00304999756000195	0.0548999560800351	27.13	1.56	519.82
0.00424999660000272	0.0761399390880487	35.971	1.786	747.93
0.00683999452800438	0.122939901648079	55.617	2.408	1133.95
0.00691999446400443	0.12437990049608	65.468	2.453	1215.5
0.0167099866320107	0.300419759664192	152.599	3.661	2775.05
0.0168899864880108	0.303659757072194	134.921	3.854	2632.49
0.0246099803120158	0.440999647200282	201.485	4.701	4529.31
0.0358399713280229	0.641699486640411	323.139	6.017	5905.19
0.0779299376560499	1.39139888688089	743.218	10.112	15441.42
0.0792999365600508	1.4041788766569	654.948	9.42	13158.64
0.182569853944117	3.21767742585806	1636.033	18.378	30539.69
0.226039819168145	3.93911684870652	2271.675	21.564	38245.8
0.28091977526418	4.81625614699508	2412.613	27.651	49860.46
0.37474970020024	6.29711496230803	3118.595	33.137	60254.37
0.936309250952599	15.1500478799617	7374.655	83.018	143930.72
0.975659219472624	14.9693280245376	7494.494	85.748	152142.69
1.57888873688901	22.4067420746063	10964.308	129.637	240929.17
2.83947772841782	35.983591213127	18196.278	234.14	393035.39
4.18310665351468	45.340163727869	20601.836	347.847	533524.32
7.21779422576462	64.3695685043452	27326.236	588.703	761456.17
11.1689010648791	77.4285580571536	32933.991	883.045	925138.8
15.2389578088338	76.489498808401	34473.083	1194.104	1021253.01
22.4142020686383	81.7181346254923	34900.718	1755.295	1188003.91
29.645546283563	85.2229118216705	67751.173	2297.635	1353353.76
42.4475860419312	97.9327016538387	43165.84	3279.43	1646617.47
49.9082800733759	98.6937410450072	42535.44	3823.226	1816462.01
58.9610128311897	99.8781400974879	44154.833	4531.712	2019629.78
66.2536469970824	99.985060011952	44170.536	5044.432	2195906.08
73.0435515651588	99.999460000432	44371.156	5538.203	2345310.97
78.6737370610104	100.0	45647.712	5978.219	2472552.5
