0.000679999456000435	0.0122399902080078	6.695	0.881	104.96
0.00161999870400104	0.0291599766720187	13.386	0.981	311.86
0.00222999821600143	0.0401399678880257	19.426	1.004	408.36
0.00240999807200154	0.0433799652960278	19.192	1.029	354
0.00391999686400251	0.0705599435520452	33.894	1.453	719.09
0.00657999473600421	0.118079905536076	56.698	1.48	1142.85
0.00682999453600437	0.122939901648079	54.452	1.373	1495.72
0.0153399877280098	0.275039779968176	127.538	2.032	2632.49
0.0166299866960106	0.298619761104191	150.126	2.182	2455.41
0.0347599721920222	0.6242395006084	331.59	3.656	5523.46
0.0403899676880259	0.723059421552463	397.64	4.259	6117.1
0.0774699380240496	1.38221889422488	767.838	7.189	12312.96
0.0804399356480515	1.42703885836891	718.732	7.355	13158.64
0.188899848880121	3.32729733816213	1674.763	16.677	31701.33
0.283169773464181	4.93523605181116	2502.66	23.248	47173.49
0.373139701488239	6.38837488930009	3122.617	30.252	64331.11
0.618369505304396	10.3512517189986	5258.689	51.471	94410.48
0.839359328512537	13.5430091655927	6559.832	66.668	134204.94
1.36930890455288	20.9750232199814	10389.823	109.105	198368.05
2.13694829044137	30.4048556761155	15234.638	176.998	303256.47
2.58019793584165	32.6773538581169	15311.832	211.504	367301.21
3.65179707856234	39.7868081705535	30323.583	284.38	481812.18
5.56807554553956	49.3865604907516	21429.714	434.445	651086.22
9.72616221907023	65.9332272534182	28854.723	735.501	897251.3
15.635417491666	78.6815370547704	33143.333	1183.733	1029213.77
22.7136718290625	82.749173800661	34486.363	1694.392	1194147.68
34.2693225845419	96.7027626377899	41027.768	4360.577	1456928.39
43.4944152044678	99.3827804937756	42377.836	6839.444	1663609.41
51.0535991571207	99.4546004363197	45717.735	7555.813	1842018.79
58.2139134288693	99.7264002188798	47998.755	10020.58	2008111.21
66.3959068832745	99.988480009216	45734.661	12248.066	2199506.42
73.0652615477908	100.0	48079.181	16411.267	2343393.05
78.6765070587944	100.0	47009.164	17980.47	2472481.42
