0.000809999352000518	0.0145799883360093	6.053	1.049	153.75
0.00151999878400097	0.0273599781120175	14.229	1.267	336.79
0.00165999867200106	0.0298799760960191	10.699	1.321	362.31
0.00294999764000189	0.053099957520034	18.243	1.524	498.22
0.00379999696000243	0.0683999452800438	23.292	1.7	567.54
0.00699999440000448	0.125819899344081	41.978	2.441	1292.14
0.0114099908720073	0.205199835840131	64.881	2.905	1683.74
0.0142399886080091	0.255959795232164	121.331	3.893	2563.17
0.0175299859760112	0.314099748720201	114.192	4.39	2727.33
0.0198499841200127	0.355499715600228	133.852	4.154	3672.08
0.0552199558240353	0.987659209872632	361.658	7.83	9153.12
0.0795599363520509	1.41533886772891	454.934	10.884	14800.98
0.0902199278240577	1.60235871811303	558.83	11.112	15405.24
0.135599891520087	2.38391809286553	894.832	15.585	20326.8
0.186419850864119	3.25439739648208	1061.852	19.758	33523.45
0.324149740680207	5.54777556177955	2064.949	33.731	55535.51
0.379109696712243	6.37127490298008	2268.795	39.477	59860.22
0.903689277048578	14.5729683416253	5220.499	94.816	148485.06
1.01570918743265	15.566747546602	5437.131	104.68	150542.34
1.568738745009	22.2535621971502	7638.869	149.15	238929.59
2.04099836720131	26.2927589657928	10552.701	189.938	287872.5
4.80726615418708	52.6326778938577	16688.362	448.078	576570.06
6.8772144982284	60.7852313718149	18002.319	607.776	745982.58
7.5040839967328	52.8052977557618	15502.292	666.347	777478.18
16.1658170673463	81.7526945978443	22660.798	1478.627	1041804.68
21.6430326855738	79.2398966080827	22994.991	1988.721	1169483.77
32.5984339212529	92.261806190555	26418.315	2934.667	1417415.03
43.4235852611318	99.2792805765755	28741.345	3870.314	1665764.93
48.484901212079	97.5259019792784	29199.789	4314.065	1785141.92
58.3699433040454	99.7624001900798	29422.889	5273.936	2002705.03
66.0839271328583	99.976780018576	31860.452	5823.094	2191628.04
73.0667015466388	100.0	31464.802	6535.699	2343430.15
78.6861370510904	100.0	32924.772	6993.746	2472039.48
