0.000559999552000358	0.0100799919360065	5.159	0.98	104.96
0.00172999861600111	0.0311399750880199	11.83	0.98	269.13
0.00254999796000163	0.0458999632800294	15.187	1.075	401.12
0.00322999741600207	0.0581399534880372	19.526	1.1	532.05
0.00350999719200225	0.0629999496000403	19.77	1.127	525.4
0.00751999398400481	0.135359891712087	55.685	1.95	1166.12
0.0100099919920064	0.179999856000115	61.956	2.131	1749.74
0.0162299870160104	0.291599766720187	141.58	2.175	2744.54
0.021909982472014	0.392759685792251	186.157	2.775	3685.97
0.0300799759360193	0.538379569296345	240.732	3.594	5175.65
0.0504499596400323	0.901079279136577	321.613	5.434	8452.39
0.053129957496034	0.946259242992606	321.533	5.672	8795.3
0.098389921288063	1.74239860608112	777.124	10.36	16890.74
0.154929876056099	2.73095781523375	1074.453	14.72	26763.02
0.227239818208145	3.95477683617853	1317.745	21.046	38245.8
0.392449686040251	6.7235346211723	2304.345	36.164	60542.05
0.471819622544302	7.90451367638906	2988.171	42.967	80609.08
0.545759563392349	8.86877290498168	3097.191	48.635	89034.67
1.30141895886483	19.8710841031327	7207.021	120.018	211425.97
2.15053827956938	30.6188755048996	10863.999	196.895	306768.07
3.24338740529008	41.4501868398505	14073.316	293.456	429800.16
4.77671617862706	52.2193982244814	17187.977	425.621	576780.27
7.27448418041266	64.9756280194976	19883.462	652.667	765845.22
10.2548117961506	69.7265442187646	21442.789	896.167	904964.55
13.1904994476004	66.9448264441388	19160.451	1133.993	977072.78
19.8628141097487	73.9444808444153	21045.525	1705.266	1128218.33
34.8405821275343	98.371001303199	28167.228	3661.786	1466309.22
43.4079952736038	99.2603805916955	27716.173	4542.988	1665283.54
51.6767686585851	99.7748201801439	29226.888	5673.52	1859249.94
59.2326026139179	99.921340062928	31844.069	6492.314	2034603.08
65.3261477390818	99.933220053424	30836.563	7142.604	2164722.4
72.9701616238707	99.999820000144	31123.406	8583.504	2342266.58
78.6883470493224	100.0	31892.19	9491.065	2472069.2
