0.000589999528000378	0.0106199915040068	4.721	0.997	94.4
0.00150999879200097	0.0271799782560174	10.273	1.222	264.14
0.00150999879200097	0.0271799782560174	28.954	1.497	267.46
0.00299999760000192	0.0539999568000346	17.595	1.624	530.39
0.00315999747200202	0.0566999546400363	21.354	1.841	542.02
0.0065699947440042	0.117899905680075	42.29	2.163	1115.67
0.0114599908320073	0.205559835552132	67.869	3.534	1883.02
0.0158699873040102	0.285119771904182	118.924	3.731	2455.41
0.0217899825680139	0.39131968694425	123.214	4.485	3759.29
0.0322599741920206	0.578879536896371	193.457	5.676	5981.77
0.0504099596720323	0.898739281008575	299.273	8.623	8196.07
0.0522199582240334	0.934379252496598	360.029	7.483	9056.6
0.0758799392960486	1.34765892187286	457.434	10.665	12170.38
0.189629848296121	3.33989732808214	1199.638	20.422	31753.46
0.270279783776173	4.71059623152301	1902.932	27.938	39974.87
0.287709769832184	4.93091605526716	1795.189	31.049	49860.46
0.454949636040291	7.61273390981287	2536.83	46.889	70141.82
0.894869284104573	13.7786289770968	5093.558	91.952	135724.27
0.941429246856603	15.2031478374817	5324.8	91.71	144075.22
1.75306859754512	24.8268401385279	8613.49	159.811	265549.44
2.44350804519356	31.0037151970278	10764.006	232.388	351574.99
3.29602736317811	36.3504309196553	11946.172	299.423	431178.69
7.08672433062054	62.9497296402163	18605.708	643.65	751298.03
11.2231010215192	77.8828776936978	21941.116	1026.186	924017.1
16.4704868236105	83.7139730288216	23807.722	1466.455	1043528.37
19.7518041985566	73.6384810892151	20815.399	1750.224	1125737.7
32.4546640362688	91.8944264844588	26461.012	2922.649	1414083.62
39.9359680512256	94.0907847273722	27738.065	3600.657	1584715.91
51.2002690397848	99.5356003715197	29086.42	4632.197	1845867.8
59.5498123601501	99.967240026208	30282.845	5399.675	2041021.53
66.4397768481785	99.99010000792	30725.908	6755.155	2192542.22
72.6828818536945	99.997660001872	31946.576	6456.834	2339229.05
78.6896870482504	100.0	31990.292	7005.8	2472093.16
