0.000729999416000467	0.0131399894880084	7.096	1.218	138.79
0.00128999896800083	0.0232199814240149	11.387	1.386	223.66
0.00229999816000147	0.0412199670240264	38.977	1.69	391.15
0.00341999726400219	0.0615599507520394	28.146	1.873	521.49
0.00456999634400292	0.0822599341920526	42.311	2.229	862.72
0.00564999548000362	0.101699918640065	47.705	2.25	976.43
0.00865999307200554	0.1558798752961	78.234	2.836	1548.42
0.0159499872400102	0.286739770608184	123.205	3.969	3015.78
0.0235399811680151	0.422999661600271	207.409	4.852	4437.8
0.0373399701280239	0.669599464320428	312.24	6.286	6113.77
0.0396199683040254	0.709379432496454	321.072	6.253	6117.1
0.0618899504880396	1.10501911598471	487.226	8.219	10300.54
0.10878991296807	1.92635845891323	911.366	12.006	19929.42
0.18793984964812	3.31235735011412	1834.308	19.073	31563.69
0.280059775952179	4.88123609501112	2272.534	26.309	45053.53
0.284679772256182	4.88123609501112	2406.313	27.229	49860.46
0.566019547184362	9.46403242877406	4622.056	50.371	90807.41
0.959899232080614	15.5311075751139	7676.296	85.349	150004.62
1.32487894009685	20.264203788637	10339.609	114.929	195950.5
2.11496830802535	30.0551159559072	14538.485	180.271	298375.49
2.29450816439347	29.2645565883547	13774.564	189.729	316772.84
4.0667367466106	44.0826847338522	20547.623	348.495	528487
6.63022469582024	58.3230133415893	25157.573	547.772	734022.7
10.942971245623	75.4584596332323	31756.486	881.151	918616.74
16.5971467222826	84.6231523014782	35033.936	1303.844	1044257.24
23.8551009159193	86.8891704886636	36086.421	1877.585	1214891.88
34.5243923804861	97.4501220399024	41784.887	2707.075	1461243.89
43.1148655081076	98.8706809034553	41984.425	3359.034	1656633.95
49.4434604452316	98.3281613374709	42565.773	3784.544	1807089.72
58.7420130063896	99.8423201261439	42944.875	4520.839	2013906.91
66.0271571782743	99.97390002088	44549.746	5147.923	2180063.77
72.9600416319667	99.999640000288	44722.413	5587.571	2342191.36
78.6642370686103	100.0	45561.331	6009.231	2471077.35
