0.000879999296000563	0.0158399873280101	7.978	1.134	152.09
0.00146999882400094	0.0264599788320169	9.114	1.213	269.13
0.00167999865600108	0.0302399758080194	10.845	1.246	269.13
0.00334999732000214	0.0602999517600386	21.993	1.574	532.05
0.00529999576000339	0.0953999236800611	33	2.024	923.73
0.00731999414400468	0.131759894592084	45.549	2.348	1292.14
0.0074999940000048	0.134999892000086	45.682	2.388	1409.18
0.0118799904960076	0.213659829072137	74.008	3.652	1851.84
0.01554998756001	0.278819776944178	101.068	3.815	2632.49
0.037559969952024	0.673559461152431	252.685	6.108	6103.8
0.0473499621200303	0.845459323632541	345.621	8.701	8082.95
0.0762199390240488	1.35647891481687	533.385	10.226	15441.42
0.112709909832072	1.99907840073728	652.961	13.418	18401.13
0.179109856712115	3.122997501602	1089.848	18.723	29235.47
0.186499850800119	3.2806773754581	1361.481	23.233	30313.84
0.40657967473626	6.97553441957246	2393.262	41.084	59358.84
0.558199553440357	9.33983252813398	3426.348	56.282	95310.38
0.845529323576541	13.6436290850967	4671.258	83.898	133461.75
1.35551891558487	20.7143834284933	7316.556	132.611	214724.97
1.65514867588106	23.439221248623	8127.792	156.826	252644.17
2.26369818904145	28.8872768901785	9804.768	217.253	313418.87
4.58773632981094	49.928540057168	16530.528	430.692	557311.73
5.4732856213715	48.6597210722231	15879.75	494.829	638823.4
10.878001297599	74.8338601329119	21018.903	1010.541	916700.8
13.7804189756648	69.4909244072605	20952.668	1229.057	993693.32
25.5839995328004	94.6898242481406	26859.352	2339.113	1255511.75
33.5652031478375	94.8005241595807	26888.12	3064.638	1436769.65
40.5089875928099	95.0001439998848	27578.666	3662.865	1597537.21
51.2137890289688	99.5424403660477	47136.569	4661.957	1846344.26
58.5495031603975	99.7985801611359	30274.973	5192.716	2017464.09
66.6805266555787	99.9955000036	30639.871	6068.296	2203998.82
73.0557315554148	100.0	32540.525	6441.236	2343145.08
78.6658970672823	100.0	32219.618	6980.937	2472406.04
