0.000939999248000602	0.0169199864640108	8.446	1.134	152.09
0.00145999883200093	0.0262799789760168	27.26	1.372	254.17
0.00146999882400094	0.0264599788320169	14.197	1.399	267.46
0.00266999786400171	0.0480599615520308	32.798	1.649	381.18
0.00420999663200269	0.0757799393760485	33.592	1.81	747.93
0.00594999524000381	0.106739914608068	66.11	2.082	881.59
0.010949991240007	0.197099842320126	125.484	3.084	1683.74
0.0142099886320091	0.255059795952163	141.289	3.494	2445.43
0.0144199884640092	0.258659793072166	117.441	3.602	2452.08
0.0341899726480219	0.613979508816393	463.9	5.986	5647.83
0.0542999565600348	0.970919223264621	482.57	7.324	9137.56
0.0583299533360373	1.03805916955266	515.799	7.875	9110.37
0.0923499261200591	1.63979868816105	821.179	10.752	16593.25
0.174419860464112	3.06989754408196	1591.238	17.858	27420.09
0.20346983722413	3.54743716205027	1768.637	21.502	34183.91
0.322559741952206	5.52797557761954	2842.827	29.29	55120.83
0.566819546544363	9.47087242330206	5004.576	51.856	90205.67
0.924139260688591	14.9304480556416	7480.802	81.147	139192.71
1.31297894961684	20.0453239637408	10067.099	112.401	218337.57
1.51715878627297	21.5735227411818	10785.299	132.313	217544.7
2.6589178728657	33.6972330422136	16049.23	224.146	376646.04
3.26700738639409	36.0489311608551	16233.446	277.206	427226.62
4.71432622853902	42.9515656387475	18656.137	376.094	559582.81
9.88089209528632	66.9743464205229	27672.956	789.015	899679.32
14.4849884120093	72.6792618565905	30901.902	1115.489	1006862.13
23.6562510749991	86.1176911058471	36848.266	1845.568	1212111.03
31.231765014588	88.9033688773049	38477.65	2388.235	1387139.18
38.2216094227125	91.3387669289865	39643.114	2939.197	1544275.01
51.2251690198648	99.5564803548157	42809.845	3986.434	1846273.27
56.9936344050925	99.3710805031356	43097.184	4383.542	1977480.75
66.2511269990984	99.983620013104	43411.09	4993.14	2186896.84
72.5440419647664	99.996940002448	44813.631	5537.945	2336118.77
78.6680670655464	100.0	45642.632	5923.047	2472488.16
