0.000719999424000461	0.0129599896320083	7.881	1.054	118.26
0.00104999916000067	0.0188999848800121	17.698	1.09	182.59
0.00223999820800143	0.0403199677440258	29.697	1.207	391.15
0.00299999760000192	0.0539999568000346	23.193	1.297	498.22
0.00479999616000307	0.0863999308800553	37.833	1.468	788.41
0.00495999603200317	0.0892799285760571	39.145	1.42	796.72
0.0090599927520058	0.163079869536104	99.325	1.803	1575.6
0.0104399916480067	0.18791984966412	96.315	2.194	1789.15
0.0178899856880115	0.320759743392205	162.956	2.74	3083.44
0.0364199708640233	0.652499478000418	329.383	3.993	5413.07
0.0550799559360352	0.986219211024631	490.448	5.399	9691.34
0.070289943768045	1.2522589981928	601.756	7.316	12546.07
0.115699907440074	2.05829835336132	925.279	11.008	18410.03
0.169719864224109	2.9672976261619	1415.379	15.201	27065.53
0.178639857088114	3.14009748792201	1517.932	15.538	29989.11
0.387939689648248	6.65225467819626	3310.988	32.485	75440.54
0.527619577904338	8.82287294170165	4200.268	44.571	87451.1
0.741109407112474	11.9651304278957	5952.814	60.997	121027.08
0.957119234304613	14.7103082317534	7287.807	75.364	158053.04
2.04038836768931	28.9094168724665	14043.402	167.079	298490.35
2.83908772872982	35.977111218311	17345.074	225.699	392985.1
3.25395739683408	35.910151271879	15934.16	257.872	425476.24
6.99993440005248	62.0227303818157	26972.259	545.028	744392.2
10.6061915150468	72.5014219988624	29996.169	818.74	910666.48
16.8986764810588	86.7599305920555	37701.631	1303.74	1052484.35
24.8370701303439	91.0399671680263	38545.668	1901.433	1235294.58
34.0913127269498	96.2158630273096	40063.62	4283.829	1452795.02
43.3534353172517	99.1858606513115	41971.459	6665.55	1663152.22
50.2586897930482	98.9459208432633	43215.449	7005.307	1824752.57
59.5947323242141	99.9730000216	47543.946	10566.739	2042839.62
65.7852173718261	99.961660030672	47221.34	11861.364	2181830.79
72.9689516248387	99.999820000144	47056.646	16029.606	2342258.03
78.6881770494584	100.0	46854.035	18189.281	2472175.22
