0.000569999544000365	0.0102599917920066	5.631	1.035	104.96
0.00169999864000109	0.0305999755200196	15.915	1.417	297.97
0.00188999848800121	0.0340199727840218	15.671	1.312	311.86
0.0023399981280015	0.042119966304027	19.202	1.402	394.48
0.00543999564800348	0.0979199216640627	46.114	2.617	958.15
0.0068699945040044	0.123659901072079	98.533	2.707	1215.5
0.00982999213600629	0.176939858448113	91.322	2.822	1749.74
0.0122399902080078	0.220319823744141	93.931	3.114	2096.57
0.0157499874000101	0.282779773776181	133.185	3.753	2632.49
0.0269299784560172	0.482939613648309	224.196	5.32	4979.3
0.0320899743280205	0.573839540928367	355.45	5.446	5499.6
0.053089957528034	0.946439242848606	423.795	7.277	8795.3
0.10874991300007	1.93247845401724	972.792	12.371	18810.71
0.189349848520121	3.33323733341013	1695.237	19.27	31753.46
0.24920980063216	4.34465652427478	2204.213	23.553	43327.12
0.255919795264164	4.40621647502682	2346.279	24.571	40318.51
0.53155957475234	8.9004528796377	4498.606	50.843	87451.1
0.805389355688515	12.9797896161683	6606.776	70.689	131512.77
0.911409270872583	14.029008776793	6888.008	80.357	139533.51
2.11802830557736	30.1137959089633	16236.553	178.696	297900.9
2.46761802590558	31.261294990964	15316.491	206.522	355519.46
4.19104664716268	45.4222436622051	20288.98	350.375	533800.48
6.77557457954034	59.7153122277502	25992.074	555.977	736522.73
7.26924418460465	51.553938756849	21627.416	572.627	760490.62
13.8062989549608	69.5962243230205	29136.3	1073.258	994002.07
22.6057719153825	82.3654141076687	35244.982	1729.172	1191947.15
32.0196343842925	90.7962473630021	38612.69	2474.745	1404841.11
38.9793988164809	92.5634859492112	41227.608	2953.298	1563122.01
47.1383322893342	96.2327830137736	42203.265	3638.997	1751984.28
59.2657625873899	99.926560058752	44126.657	4555.785	2030749.74
66.6558566753147	99.995320003744	44097.045	5112.622	2205281.87
72.9853516117187	99.999820000144	44999.243	5602.107	2342361.44
78.6579770736183	100.0	45273.19	5975.712	2472205.39
