0.000779999376000499	0.014039988768009	2.947	1.041	104.96
0.00137999889600088	0.0248399801280159	4.486	1.203	264.14
0.00248999800800159	0.0448199641440287	6.351	1.403	392.81
0.00268999784800172	0.048419961264031	6.707	1.45	487.66
0.0035999971200023	0.0647999481600415	8.443	1.675	719.09
0.0064099948720041	0.115379907696074	13.143	2.378	1142.85
0.00684999452000438	0.122939901648079	14.46	2.487	1292.14
0.0153099877520098	0.275219779824176	31.867	3.304	2433.8
0.017159986272011	0.308879752896198	34.652	4.272	2775.05
0.0354199716640227	0.635219491824407	74.455	5.657	5413.07
0.0549899560080352	0.982799213760629	149.636	7.595	9137.56
0.0810799351360519	1.44575884339293	200.602	10.235	12067.21
0.101599918720065	1.80503855596916	242.703	12.367	17253.57
0.163309869352105	2.87369770104184	324.251	17.522	27927.92
0.274629780296176	4.79105616715507	535.012	26.554	48910.56
0.366499706800235	6.26975498419601	727.524	34.994	63445.49
0.583809532952374	9.76589218728625	1237.363	52.672	109680.77
0.675779459376432	10.893771284983	1382.124	59.86	99714.95
1.19678904256877	18.3211053431157	2251.587	106.13	188370.26
1.95355843715325	27.6060379151697	8492.234	165.892	297947.76
2.07834833732133	26.7384386092491	3068.563	181.701	298755.28
4.40352647717882	47.6362418910065	5305.568	364.737	549687.01
6.29078496737203	55.4154756676195	6217.583	511.966	717205.93
10.962351230119	75.6074995140004	10891.994	908.304	920081.66
13.5447691641847	68.4485452411638	12263.101	1075.223	985286.6
22.4324220540624	81.7778945776843	17358.401	1728.251	1188389.98
33.2269534184373	93.9052048758361	35015.43	2585.915	1430152.28
40.7594073924741	95.387683689853	24486.014	3188.341	1604465.24
51.1067291146167	99.4884404092477	25307.776	3945.781	1844383.21
58.3286733370613	99.7528601977118	27416.215	4432.903	2011125.73
65.7719373824501	99.959860032112	24720.692	5116.149	2173403.87
72.4610520311584	99.996580002736	31733.598	5485.236	2334601.51
78.6885170491864	100.0	30874.174	5982.383	2472142.85
