0.000449999640000288	0.00809999352000518	2.692	1.242	94.4
0.00181999854400116	0.032759973792021	5.272	1.548	269.13
0.00193999844800124	0.0349199720640224	5.216	1.473	330.14
0.00354999716000227	0.0638999488800409	8.337	1.766	616.33
0.00422999661600271	0.0759599392320486	9.381	1.941	732.38
0.00473999620800303	0.0853199317440546	11.102	2.085	851.08
0.00834999332000534	0.150299879760096	16.784	3.082	1409.18
0.014139988688009	0.254159796672163	30.558	3.534	2563.17
0.0161499870800103	0.290159767872186	32.368	3.671	3022.42
0.0336599730720215	0.604079516736387	67.028	5.387	5521.8
0.0510999591200327	0.914579268336585	100.372	7.033	8452.39
0.0701199439040449	1.2479390016488	130.336	8.466	12546.07
0.0883099293520565	1.566538746769	178.723	11.865	13633.61
0.12498990000808	2.20157823873741	266.056	13.926	22514.82
0.229319816544147	4.00121679902656	492.532	21.88	39810.6
0.332519733984213	5.68853544917164	706.16	30.472	56431.09
0.506479594816324	8.45927323258141	900.546	46.274	84011.64
0.926239259008593	14.9529480376416	1724.689	82.943	142743.7
1.33114893508085	20.345383723693	2367.71	114.275	196027.28
1.52534877972098	21.6919626464299	2518.771	135.041	219831.33
2.77247778201777	35.0706319434944	3953.598	238.457	393906.21
4.04102676717859	43.82402494078	4342.09	336.605	525799.75
5.01060599151521	45.2033638373089	4260.787	410.698	594444.13
11.2568409945272	78.2464774028181	6834.131	904.213	924206.71
17.0327263738189	87.8104097516722	7631.136	1358.823	1057232.34
20.7156634274693	76.3620589103529	6806.335	1584.427	1148218.24
33.4371532502774	94.4669844264125	9174.544	2632.009	1434689.61
38.8302089358329	92.3179661456271	9310.606	3010.645	1559057.16
48.9851008119194	97.9552016358387	10724.117	3748.442	1797066.5
59.1546526762779	99.9080200735839	12131.051	4640.679	2033666.23
65.7580173935861	99.960220031824	12470.716	5099.523	2181269.97
73.0652315478148	99.999820000144	13433.031	5636.536	2344944.27
78.6888370489304	100.0	13307.213	6031.102	2472220.6
