0.000809999352000518	0.0145799883360093	8.22	1.049	138.79
0.00106999914400068	0.0192599845920123	7.331	1.151	201.47
0.00256999794400164	0.0462599629920296	15.641	1.441	408.36
0.0034399972480022	0.0619199504640396	23.424	1.604	532.05
0.00351999718400225	0.0633599493120405	22.516	1.687	567.54
0.00635999491200407	0.114479908416073	57.402	2.232	1091.81
0.00840999327200538	0.151199879040097	48.34	2.502	1409.18
0.0119299904560076	0.214559828352137	79.245	3.546	2055.5
0.0245199803840157	0.440099647920282	158.981	5.256	4074.35
0.0282699773840181	0.506339594928324	178.087	7.67	4979.3
0.0362399710080232	0.647639481888414	215.283	6.006	5905.19
0.0467499626000299	0.833579333136534	281.23	6.981	8196.07
0.107359914112069	1.90205847835322	657.774	12.868	18810.71
0.158509873192101	2.78945776843379	1026.659	17.941	26791.86
0.214999828000138	3.74165700667439	1321.624	22.695	37229.44
0.412259670192264	7.07399434080453	2536.971	41.522	72463.13
0.428319657344274	7.17695425843659	2610.721	44.522	73854.91
0.786729370616503	12.7108698313041	4427.873	78.181	128220.96
1.34948892040886	19.2886045691163	6826.537	130.864	196479.22
1.36280890975287	20.9005032795974	7398.73	126.673	208366.08
3.19733744213005	40.7930073655941	14439.591	304.787	421296.53
4.23743661005071	45.8913232869414	14594.974	384.926	540790.58
7.28816416946866	65.1163879068897	19254.148	682.161	764935.01
11.2273110181512	77.9539776368179	21893.174	1033.433	923887.78
13.5658091473527	68.5354851716119	19767.177	1213.818	986047.4
19.9873740101008	74.3100605519516	21250.893	1748.782	1131124.55
33.1709934632052	93.757064994348	26568.25	2984.339	1428909.92
39.4141784686572	93.2577453938037	28070.931	3576.638	1574271.53
47.2681521854783	96.3625629099497	28314.544	4237.338	1755734.23
58.4830732135414	99.7863401709279	30140.178	5212.127	2015205.2
66.6399866880107	99.995320003744	30230.356	5995.487	2205193.85
72.5306119755104	99.99730000216	31231.128	6450.563	2334128.99
78.6832470534024	100.0	32016.064	6932.314	2471971.92
