0.000679999456000435	0.0122399902080078	3.536	1.061	135.47
0.00122999901600079	0.0221399822880142	4.114	1.095	243.61
0.0020299983760013	0.0365399707680234	6.416	1.163	391.15
0.00241999806400155	0.0435599651520279	6.089	1.213	394.48
0.00470999623200301	0.0845999323200541	15.526	1.314	815.59
0.00773999380800495	0.138959888832089	39.763	1.616	1306.03
0.0098399921280063	0.176759858592113	26.717	1.725	1717.57
0.0100799919360065	0.180899855280116	22.072	1.658	1654.9
0.023429981256015	0.420299663760269	47.115	2.685	4629.14
0.0362499710000232	0.649619480304416	68.383	4.073	6648.64
0.0486399610880311	0.868679305056556	91.778	4.602	8426.86
0.0793999364800508	1.41479886816091	178.769	8.041	14800.98
0.10967991225607	1.94777844177725	216.835	10.287	19929.42
0.148429881256095	2.61863790508968	353.683	12.568	25705.22
0.199799840160128	3.47435722051422	411.311	17	30281.65
0.40601967518426	6.95717443426045	836.263	33.646	64096.83
0.564849548120361	9.44495244403804	1101.341	48.112	91306.67
0.728799416960466	11.7779305776555	1343.971	58.938	120478.56
1.36816890546488	20.9728632217094	2332.679	111.575	200755.1
1.97027842377726	27.8162777469778	3305.243	159.248	297973.4
2.95811763350589	37.3775100979919	4109.213	236.225	408339.2
4.81183615053108	52.6796578562737	5693.514	399.01	576284.54
7.06645434683652	62.7312098150321	5882.729	549.444	750269.57
10.7252314198149	73.515001187999	6689.344	831.416	914742.19
14.1614786708171	71.1701430638855	6330.303	1064.943	1000210.85
25.2659797872162	93.1303054957556	8944.143	3591.265	1243294.1
29.7984361612511	85.5730115415908	8234.894	2215.506	1356760.95
43.5748251401399	99.4679204256637	11205.854	6983.249	1667880.98
51.604988716009	99.7427802057758	12438.972	7992.942	1856611.79
59.36376250899	99.941680046656	12605.517	9004.555	2037864.92
65.7501673998661	99.959140032688	13270.017	8840.695	2172942.53
72.7553517957186	99.998380001296	15389.086	9793.686	2339461.95
78.6646270682983	100.0	13812.777	9829.479	2471172.13
