0.000729999416000467	0.0131399894880084	6.203	1.044	128.23
0.00123999900800079	0.0223199821440143	8.304	1.146	182.59
0.00243999804800156	0.0439199648640281	14.873	1.434	408.36
0.0029699976240019	0.0532799573760341	32.084	1.551	575.85
0.00476999618400305	0.085859931312055	28.101	1.98	796.72
0.0074999940000048	0.134999892000086	82.442	2.374	1166.12
0.0112099910320072	0.201239839008129	69.42	3.286	1683.74
0.017159986272011	0.307979753616197	100.952	4.28	3015.78
0.0189099848720121	0.339119728704217	123.195	4.092	3323.2
0.0241799806560155	0.431999654400276	204.652	5.7	3943.99
0.0365999707200234	0.653759476992418	293.048	6.231	5905.19
0.0626599498720401	1.11743910604872	410.802	9.034	11094.5
0.0903499277200578	1.60379871696103	556.1	10.904	15405.24
0.158729873016102	2.79269776584179	966.847	17.359	27357.4
0.229269816584147	3.99887680089856	1470.391	23.78	39810.6
0.308859752912198	5.29577576337939	1864.146	32.707	50834.17
0.568329545336364	9.50093239925408	4008.391	56.927	90098.48
0.744709404232477	12.0038303969357	4259.718	73.433	121792.39
1.4048488761209	21.5663227469418	7655.119	131.948	210456.27
2.16416826866539	30.8111153511077	10930.681	206.059	309302.7
2.90074767940186	36.6602106718315	12175.766	276.025	406937.96
3.38413729269017	37.2147902281678	11508.985	314.06	444668.06
7.13291429366857	63.4575092339926	18804.767	651.085	751626.46
10.7640113887909	73.8397209282233	20994.183	981.058	915085.07
16.0593771524983	81.1275550979559	23317.877	1452.768	1039274.01
25.063559949152	92.115106307915	25746.666	2335.58	1240806.76
29.9919960064032	86.0145511883591	24876.462	2691.752	1361090.69
40.3964776828179	94.8192441446047	27665.995	3610.657	1594773.93
50.9535592371526	99.3953804836956	28926.895	4531.298	1839665
59.0333527733178	99.8900200879839	30743.091	5330.411	2022547.02
65.0053979956816	99.9096400722879	30665.615	5852.657	2164129.1
73.0718415425268	99.999820000144	31270.666	6569.375	2344545.69
78.6798970560824	100.0	31721.93	7017.092	2472421.37
