0.000409999672000262	0.00737999409600472	5.17	0.859	94.4
0.00142999885600092	0.0257399794080165	34.63	1.042	226.99
0.00216999826400139	0.039059968752025	13.525	1.021	401.12
0.00266999786400171	0.0480599615520308	21.032	1.101	479.35
0.00429999656000275	0.0773999380800495	27.601	1.233	780.1
0.00774999380000496	0.138959888832089	70.722	1.61	1166.12
0.010939991248007	0.196199843040126	63.044	1.752	1883.02
0.0153399877280098	0.275759779392176	96.452	2.137	3145.15
0.0180199855840115	0.323279741376207	101.61	2.467	3323.2
0.0303999756800195	0.545039563968349	179.039	3.399	5390.86
0.0496799602560318	0.883259293392565	319.425	5.146	8135.06
0.0548699561040351	0.981719214624628	338.401	5.7	9153.12
0.0903499277200578	1.60487871609703	551.265	8.686	15405.24
0.120309903752077	2.11895830483336	730.275	11.622	19618.64
0.228979816816147	3.98429681256255	1451.699	22.462	39419.2
0.334929732056214	5.73227541417967	2034.854	31.111	56817.58
0.568339545328364	9.50813239349409	3685.969	50.461	89611.86
0.753339397328482	12.1591702726638	4484.725	65.829	123295.26
1.41802886557691	21.7697225842219	7788.041	129.007	210136.17
1.74007860793711	24.6311802950558	8723.762	154.706	263927.31
2.54777796177763	32.2804541756367	11024.946	226.95	363963.35
3.25706739434608	35.936251250999	11790.233	284.147	425857.19
6.89082448734041	60.936971250423	19969.991	608.702	745018.93
8.72909301672559	59.6353922916862	17613.037	824.122	870724.79
14.3054485556412	71.830742535406	19979.237	1219.865	1003669.57
21.1492230806215	77.6742578605937	22210.835	1787.218	1157579.39
34.8465321227743	98.389001288799	26502.941	3665.71	1468133.86
43.5005551995558	99.3692805045756	28324.952	4595.691	1669950.12
51.6759286592571	99.7791401766879	28725.45	5413.255	1857170.45
58.6307630953895	99.8162201470239	30191.875	6556.193	2020338.14
66.3603869116905	99.987220010224	30236.261	7341.023	2189905.69
73.0051315958947	99.999280000576	31687.459	8596.528	2345274.31
78.6900170479864	100.0	31926.605	9505.457	2472099.72
