0.000579999536000371	0.0104399916480067	5.672	1.031	101.64
0.00131999894400084	0.0237599809920152	4.153	1.113	243.61
0.00188999848800121	0.0340199727840218	5.143	1.161	355.66
0.00239999808000154	0.0431999654400276	16.404	1.218	401.12
0.00523999580800335	0.0943199245440604	24.942	1.387	796.72
0.00724999420000464	0.130499895600084	14.308	1.522	1292.14
0.0118099905520076	0.212579829936136	26.6	1.889	1683.74
0.0157999873600101	0.283859772912182	32.166	2.088	3015.78
0.0217199826240139	0.39023968780825	55.583	2.843	3996.69
0.0348699721040223	0.6251394998884	69.284	3.811	5647.83
0.0528999576800339	0.944459244432604	123.025	5.316	9056.6
0.0787499370000504	1.4011188791049	160.269	7.156	13477.06
0.0916499266800587	1.62359870112104	197.081	8.829	15405.24
0.178029857576114	3.14063748749001	356.572	15.683	32910.14
0.240089807928154	4.17617665905867	471.107	19.657	41531.37
0.412869669704264	7.08731433014854	811.881	35.05	72463.13
0.594639524288381	9.63449229240617	1112.417	48.239	91897.77
0.619219504624396	10.3609717112226	1198.353	51.369	101410.62
1.34881892094486	20.6182635053892	2323.213	110.391	207142.51
2.16420826863339	30.8089553528357	3559.745	180.141	309282.07
3.09535752371398	34.42461246031	3493.869	245.06	410710.66
3.13451749238601	39.9396280482976	5055.867	272.396	412298.78
4.67951625638699	42.7137858289713	3996.696	356.998	556333.82
11.1010111191911	76.8028785576972	6873.596	877.984	924055.47
15.4885176091859	77.8508377193298	6885.043	1178.374	1027602.27
25.5289395768483	94.4300844559324	8863.847	3713.174	1251197.13
34.6957222434222	97.9742816205747	10223.089	5320.025	1462859.39
38.5517691585847	91.8722865021708	9318.608	2894.682	1551948.73
47.9137616689907	96.9841024127181	10699.599	5779.975	1770418.09
59.1281226975018	99.9038800768959	12377.553	9044.53	2033341.1
66.5721567422746	99.993880004896	12998.085	10055.901	2204406.7
72.7786417770866	99.99820000144	13310.085	10582.938	2341531.21
78.6773470581224	100.0	13744.724	9872.199	2471896.66
