0.000679999456000435	0.0122399902080078	2.987	1.067	130.48
0.00172999861600111	0.0311399750880199	4.761	1.36	336.79
0.00184999852000118	0.0332999733600213	4.845	1.281	297.97
0.00299999760000192	0.0539999568000346	7.03	1.543	542.02
0.00308999752800198	0.0556199555040356	7.351	1.554	530.39
0.00480999615200308	0.0863999308800553	14.898	1.946	793.4
0.00837999329600536	0.150839879328097	18.163	2.692	1273.86
0.014019988784009	0.251639798688161	57.39	3.295	2554.86
0.0155399875680099	0.278639777088178	33.457	3.37	2632.49
0.0222799821760143	0.398699681040255	48.328	4.082	3644.9
0.0362399710080232	0.647819481744415	74.794	5.334	5905.19
0.0466599626720299	0.830519335584532	99.687	6.284	8196.07
0.0810299351760519	1.44017884785692	202.252	10.104	13158.64
0.123809900952079	2.17889825688139	257.868	13.004	19618.64
0.252999797600162	4.40081647934682	492.662	25.061	41434.81
0.331789734568212	5.69141544686764	672.46	31.029	55637.74
0.641929486456411	10.7562513949989	1235.39	58.232	102483.51
0.681259454992436	10.992771205783	1287.244	61.462	105373.3
1.33979892816086	20.4730036215971	3306.488	119.74	201382.92
2.04519836384131	26.3433389253289	3171.966	175.78	288752.34
2.08678833056934	29.630856295315	3642.142	178.478	296795.14
4.49436640450688	48.6833010533592	5794.141	380.905	565664.36
5.64263548589161	49.987940009648	5570.246	460.296	659765.13
8.76874298500561	59.8737121010303	8642.314	692.174	873304.28
16.7120666303467	85.4255916595267	14711.416	1358.221	1048857.04
25.6953494437204	95.238283809373	17298.968	2059.171	1259938.94
29.3598065121548	84.6085723131421	21114.159	2245.879	1346732.84
40.7540573967541	95.380843695325	26242.217	3078.241	1604312.13
50.8885592891526	99.3554205156636	20444.032	3962.35	1838368.34
59.34766252187	99.938980048816	26301.496	4543.135	2037441.76
65.1376678898657	99.921160063072	29592.946	4991.697	2166724.64
73.0085915931267	99.999280000576	29474.278	5576.014	2345276.84
78.6771070583143	100.0	31333.604	5923.659	2472478.92
