0.000869999304000557	0.01565998747201	3.525	1.358	165.97
0.00157999873600101	0.0284399772480182	4.77	1.346	269.13
0.00239999808000154	0.0430199655840275	6.13	1.543	408.36
0.00317999745600204	0.0572399542080366	7.79	1.674	669.71
0.00491999606400315	0.0885599291520567	11.343	2.064	998.63
0.00740999407200474	0.133379893296085	15.862	2.53	1189.98
0.0114599908320073	0.206279834976132	27.39	3.113	1992.82
0.0120499903600077	0.216359826912138	24.827	3.473	1851.84
0.0236099811120151	0.423899660880271	47.704	4.405	4074.35
0.0371399702880238	0.666539466768427	69.913	6.422	6113.77
0.0380899695280244	0.681479454816436	85.178	6.686	6117.1
0.0727899417680466	1.29617896305683	140.444	9.225	12546.07
0.105829915336068	1.8763184989452	222.012	12.623	17989.49
0.168949864840108	2.94623764300989	308.77	17.569	27194.24
0.174439860448112	3.07457754033797	356.458	19.389	27420.09
0.252769797784162	4.35347651721879	458.321	25.458	40318.51
0.45314963748029	7.56899394480484	879.727	43.606	68647.52
0.882839293728565	14.2288086169531	1636.257	78.847	136926.15
1.02655917875266	15.7355874115301	1778.844	90.035	157680.38
2.09898832080934	29.8542361166111	3423.621	181.029	306661.55
2.80166775866579	35.4754516196387	4105.853	239.333	395029.71
4.08877672897862	44.3552045158364	4986.86	345.853	530018.93
4.9964660028272	45.0937439250049	4207.655	401.1	592573.47
7.9721036223171	55.3330357335714	4994.348	624.247	815292.82
14.3806084955132	72.1864222508622	6284.438	1182.928	1005009.38
25.1329298936561	92.4787060170352	8676.995	1969.232	1242146.41
34.8016821586543	98.2644413884469	10159.048	2755.736	1464783.98
43.3617253106198	99.1847806521755	11015.018	3405.639	1666836.45
51.3962788829769	99.6383802892958	11763.677	3956.329	1852367.72
56.5274747780202	99.1883806492955	11578.743	4383.429	1965204.77
66.1885670491464	99.982180014256	12483.824	5148.104	2194615.63
72.8399917280066	99.998380001296	13883.424	5667.297	2342681.17
78.6746170603063	100.0	13876.827	5979.016	2471853.3
