0.000779999376000499	0.014039988768009	10.896	1.326	150.42
0.00145999883200093	0.0262799789760168	11.506	1.209	291.32
0.00297999761600191	0.0536399570880343	20.019	1.538	392.81
0.00332999733600213	0.0599399520480384	22.955	1.733	532.05
0.0051499958800033	0.0925199259840592	32.749	2.18	781.76
0.00540999567200346	0.0970199223840621	41.166	2.245	976.43
0.00831999334400533	0.149759880192096	47.822	2.585	1438.03
0.01559998752001	0.280079775936179	150.92	3.819	2744.54
0.0197899841680127	0.355319715744227	168.69	4.304	3597.77
0.023469981224015	0.421019663184269	135.168	4.646	3644.9
0.0402199678240257	0.71891942486446	288.876	6.535	6117.1
0.0528199577440338	0.944279244576604	299.747	7.478	8135.06
0.116339906928074	2.06639834688132	737.686	13.566	18410.03
0.14025988779209	2.47625801899358	927.608	16.098	24727.45
0.18767984985612	3.27239738208209	1171.657	21.157	33523.45
0.401859678512257	6.88805448955641	2287.637	40.092	72417.62
0.603109517512386	10.1069919144065	3393.458	56.817	106669.69
0.830689335448532	13.4107092714326	4970.666	82.828	138940.33
0.980999215200628	15.0685079451936	7582.296	97.135	150532.35
1.82335854131317	25.7493394005285	8880.817	174.688	276930.95
1.96359842912126	25.3581997134402	8730.283	183.449	275007.41
4.682956253635	51.0618191505447	19403.772	431.526	567287.06
5.66175547059562	50.1450798839361	14741.02	502.59	661377.98
10.1486218811025	68.9471448422841	20132.959	923.722	904032.67
15.7094474324421	79.0908567273146	22138.798	1423.949	1030076.85
21.4436728450617	78.6077371138103	23015.074	1931.932	1163904.81
34.2146326282939	96.5537227570218	27102.055	3150.214	1455385.69
43.5567051546359	99.4502804397757	30360.305	3941.107	1666243.11
48.1709214632628	97.2310622151502	29661.342	4287.411	1777045.06
58.6683830652935	99.8241401406879	30195.184	5282.617	2021714.14
65.2807677753858	99.930160055872	30166.663	5901.701	2163822.69
73.0341215727027	100.0	31749.524	6473.262	2342797.99
78.6652170678263	100.0	32160.176	6939.638	2472384.02
