0.000739999408000474	0.0133199893440085	3.298	1.138	130.48
0.00148999880800095	0.0268199785440172	4.602	1.118	243.61
0.00221999822400142	0.0399599680320256	5.622	1.207	367.29
0.00333999732800214	0.0601199519040385	9.494	1.248	532.05
0.00507999593600325	0.0910799271360583	12.074	1.402	796.72
0.00790999367200506	0.142379886096091	16.055	1.529	1383.66
0.0115999907200074	0.208259833392133	23.16	1.913	1899.64
0.0149799880160096	0.269279784576172	36.231	2.151	2715.7
0.0196399842880126	0.352259718192225	42.547	2.365	3456.86
0.0248199801440159	0.445319643744285	47.019	2.631	3943.99
0.0534099572720342	0.95363923708861	105.249	5.192	9056.6
0.0677599457920434	1.20977903217677	129.206	6.517	11537.28
0.0887499290000568	1.57499874000101	199.004	8.124	13633.61
0.163769868984105	2.88395769283385	373.728	13.888	29668.38
0.276289778968177	4.82039614368308	564.426	23.654	48910.56
0.400349679720256	6.85439451648439	883.219	33.628	66111.34
0.483259613392309	8.08919352864518	944.321	40.173	81245.01
0.742859405712475	11.9770104183917	1369.2	61.474	121563.99
1.34304892556086	20.5198035841571	2394.781	109.497	202610.1
2.09700832239334	29.7806161755071	3327.749	172.295	304672.55
3.18787744969804	40.657107474314	4362.327	259.829	420979.33
4.11406670874663	44.6151243079006	4502.84	323.006	531419.17
6.74847460122032	59.442252446198	5844.364	525.131	733046.69
7.54065396747683	53.0191375846899	5574.386	562.658	780363.84
12.7542297966162	65.2305078155938	5519.857	948.363	966011.25
24.1799106560715	88.2146894282485	8046.648	1813.471	1222412.42
31.5974247220602	89.7635881891295	9556.206	2397.116	1393773.69
43.5729851416119	99.4706204235037	10879.196	6993.782	1667781.74
51.3810988951209	99.6295602963518	11807.395	6582.944	1852162.72
59.435302451758	99.952120038304	12763.374	8835.838	2038272.77
65.612477510018	99.954460036432	12869.17	10046.972	2178297.32
72.5582719533824	99.996940002448	22146.468	9949.824	2336433.57
78.6880170495864	100.0	14069.825	10648.865	2472229.11
