0.000829999336000531	0.0149399880480096	3.358	1.09	152.09
0.00103999916800067	0.018719985024012	3.414	1.127	180.93
0.00243999804800156	0.0439199648640281	6.386	1.416	443.85
0.00313999748800201	0.0565199547840362	7.427	1.515	530.39
0.00348999720800223	0.0628199497440402	8.152	1.581	586.41
0.00677999457600434	0.122039902368078	14.673	2.21	1162.8
0.0104299916560067	0.18755984995212	21.17	2.76	1717.57
0.0158199873440101	0.284039772768182	35.222	3.43	2632.49
0.0165499867600106	0.29735976211219	49.511	3.539	2770.06
0.024919980064016	0.445679643456285	51.19	5.32	3943.99
0.0518599585120332	0.923039261568591	123.304	6.985	8247.13
0.0554899556080355	0.991799206560635	110.461	7.688	9137.56
0.103819916944066	1.84391852486518	258.454	11.295	17989.49
0.167199866240107	2.93795764963388	373.324	16.591	28012.81
0.258449793240165	4.49585640331488	562.972	24.574	45641.4
0.416839666528267	7.14941428046858	857.961	38.148	66699.99
0.569549544360365	9.52001238399009	1153.197	49.953	89399.13
0.950579239536608	15.3548877160898	1912.012	84.307	147722.12
1.39700888239289	21.4057628753897	2511.836	122.926	218125.49
1.65413867668906	23.425721259423	3258.106	148.438	252457.58
2.05898835280932	26.521718782625	3133.561	172.67	292839.9
4.26955658435473	46.2277430178056	5166.374	355.94	549365.88
7.00335439731648	62.0529703576237	7264.447	571.704	744676.46
11.1699010640791	77.4328780536976	12739.039	891.014	925119.27
16.0311171751063	80.9659152272678	14154.391	1249.775	1037938.54
25.1269998984001	92.4434260452592	17819.988	1990.182	1242077.21
34.366482506814	96.9909424072461	20638.893	2846.019	1456835.52
41.0191371846903	95.7862033710373	24819.368	3192.119	1612478.25
51.8654585076332	99.8574401140479	23186.507	3978.623	1861381.92
58.3671633062694	99.7620401903678	22295.768	4504.439	2002608.34
66.5681467454826	99.992440006048	27510.151	5098.493	2198042.27
72.8808516953186	99.99910000072	27802.437	5535.673	2341774.79
78.6748270601384	100.0	30059.449	6012.249	2472539.62
