0.000819999344000525	0.0147599881920094	5.744	0.877	172.62
0.0012499990000008	0.0224999820000144	9.153	1.067	194.82
0.00167999865600108	0.0302399758080194	11.425	1.049	330.14
0.00349999720000224	0.0629999496000403	20.338	1.133	656.41
0.00350999719200225	0.0629999496000403	21.567	1.198	532.05
0.00807999353600517	0.145079883936093	49.392	1.603	1383.66
0.00924999260000592	0.166319866944106	51.734	1.608	1548.42
0.0155099875920099	0.277559777952178	118.782	2.313	2632.49
0.0165999867200106	0.298259761392191	132.493	2.312	2770.06
0.0252999797600162	0.453959636832291	182.483	3.086	4529.31
0.051639958688033	0.923579261136591	297.136	5.484	8272.65
0.0646199483040414	1.15433907652874	429.396	7.486	11294.85
0.115919907264074	2.05757835393732	766.827	11.05	23064.77
0.185429851656119	3.26933738453009	1415.556	19.518	30262.78
0.267909785672171	4.65551627558698	1498.595	24.649	44576.12
0.331659734672212	5.69033544773164	1931.86	30.293	55637.74
0.497989601608319	8.33147333482133	2810.978	44.753	82629.65
0.675799459360433	10.893591285127	3901.337	60.86	99724.95
1.16591906726475	17.8545457163634	6305.838	102.204	185516.44
2.05452835637731	29.1587166730267	10099.267	180.912	291209.44
2.89116768706585	36.5459107632714	12340.17	258.186	406797.64
4.3699365040508	47.2695821843343	14928.237	383.49	547998.47
6.61206471034823	58.1556134755092	16737.016	573.265	735159.53
8.26757338594129	56.9686944250445	16348.286	740.192	835900.92
12.441590046728	64.031168775065	17915.487	1080.578	957754.55
25.6574694740244	95.0591839526528	26403.448	2724.687	1259384.66
33.7815029747976	95.3914636868291	27273.527	3349.088	1441105.54
43.5185251851799	99.3881804894556	28122.047	4588.789	1670713.61
51.4088488729209	99.6432402854078	29702.729	5586.254	1850124.08
59.5397323682141	99.962020030384	30283.742	6634.301	2040304.87
66.6079167136666	99.99460000432	32289.077	7525.032	2205051.66
72.6809918552065	99.997660001872	32188.545	8266.336	2339183.45
78.6642370686103	100.0	32296.622	9543.818	2471074.89
