0.000579999536000371	0.0104399916480067	16.347	1.313	126.57
0.00116999906400075	0.0210599831520135	4.015	1.355	254.17
0.00216999826400139	0.0388799688960249	5.88	1.526	437.21
0.0023399981280015	0.042119966304027	6.529	1.6	481.01
0.004679996256003	0.0840599327520538	12.007	2.274	815.59
0.0071899942480046	0.129419896464083	15.465	2.495	1225.47
0.00788999368800505	0.142019886384091	17.688	3.194	1434.7
0.0137399890080088	0.247319802144158	30.156	3.258	2445.43
0.0247499802000158	0.443879644896284	48.872	5.006	4074.35
0.0364699708240233	0.654119476704419	69.406	5.494	6103.8
0.0451299638960289	0.805859355312516	86.721	6.456	8074.05
0.0664599468320425	1.18385905291276	201.583	8.977	11537.28
0.111509910792071	1.97261842190526	264.682	12.756	18810.71
0.174559860352112	3.07151754278597	368.641	17.988	27420.09
0.20380983695213	3.55373715701027	427.268	20.863	34183.91
0.275079779936176	4.70843623325101	524.062	26.776	43529.13
0.402879677696258	6.74873460101232	733.425	37.565	64579.95
0.773359381312495	12.484970012024	1477.705	68.998	127207.12
1.29953896036883	19.8494841204127	2313.096	113.073	207428.68
1.33824892940086	19.1530646775483	2250.578	114.411	194882.02
3.123567501146	39.7563881948894	4422.904	264.337	411584.11
4.90234607812314	53.8359769312185	6039.657	416.528	588824.07
6.43937484850012	56.6243547005162	5538.057	520.17	721026.62
10.8155213475829	74.2818005745595	6573.932	886.749	916466.24
12.0346703722637	62.470030023976	5387.329	925.714	947550.27
21.5562427550058	78.9715168227865	7367.987	1697.034	1166819.56
31.5555347555722	89.6658482673214	8516.126	2472.141	1392636.83
43.5669351464519	99.4592804325757	10825.318	3415.606	1669589.6
51.483408813273	99.6835602531518	12800.205	4072.997	1852240.67
56.259854992116	99.0845207323834	11370.444	4300.817	1958803.06
65.2696377842898	99.931780054576	12248.901	4988.093	2169884.99
72.7187618249905	99.998020001584	13166.061	5593.571	2338510.66
78.6553170757463	100.0	14312.758	6002.253	2472136.19
