0.000599999520000384	0.0107999913600069	5.847	0.865	118.26
0.00125999899200081	0.0226799818560145	18.575	0.931	194.82
0.00220999823200141	0.0397799681760255	13.603	1.007	376.19
0.00274999780000176	0.0494999604000317	23.485	1.056	518.16
0.00427999657600274	0.0770399383680493	39.49	1.28	812.27
0.00814999348000522	0.146699882640094	46.386	1.72	1166.12
0.00866999306400555	0.1558798752961	61.301	1.577	1575.6
0.0130199895840083	0.23435981251215	77.708	2.097	2348.93
0.0216999826400139	0.388799688960249	143.891	2.743	3672.08
0.0217099826320139	0.39023968780825	122.916	2.73	3770.93
0.0552499558000354	0.986759210592631	341.025	5.685	9594.23
0.0762299390160488	1.35431891654487	451.511	9.039	12306.31
0.100889919288065	1.79099856720115	630.13	10.291	17253.57
0.155449875640099	2.73221781422575	966.425	14.711	26763.02
0.181489854808116	3.16331746934602	1088.506	16.872	29235.47
0.275079779936176	4.72733621813103	1594.655	23.912	43529.13
0.548219561424351	9.15605267515786	3196.475	51.244	94437.7
0.881429294856564	14.2140486287611	5072.759	79.613	132536.18
1.41453886836891	21.7081626334699	7315.208	122.874	208569.2
1.556818754545	22.1167623065902	7816.696	137.729	234396.09
2.53313797348962	32.0770543383565	10828.852	228.526	361962.8
4.43192645445884	47.9276616578707	15067.458	400.959	552163.07
5.4666156267075	48.6044611164311	14046.199	473.838	637945.57
7.93602365118108	55.1242359006113	15604.15	673.984	812510.01
15.0036879970496	75.2455198035842	20925.454	1294.713	1016748.15
19.4086644730684	72.6819618544305	21609.968	1647.009	1116199.64
34.6304522956382	97.7771817782546	27333.302	3605.63	1463694.06
43.2678953856837	99.0692207446234	28110.25	4540.307	1659853.4
51.8670385063692	99.8590601127519	28654.77	5689.423	1861763.47
56.8446245243004	99.3156405474876	29769.504	6128.888	1973652.87
66.0165071867943	99.973360021312	29927.062	7267.075	2179779.39
72.7353518117185	99.997660001872	31603.621	8109.207	2340609.57
78.6710070631944	100.0	32361.595	9382.465	2471644.32
