0.000979999216000627	0.0176399858880113	3.582	1.315	165.97
0.00159999872000102	0.0287999769600184	4.754	1.603	297.97
0.00259999792000166	0.04679996256003	8.888	1.615	481.01
0.00326999738400209	0.0588599529120377	7.82	1.738	543.68
0.00469999624000301	0.084419932464054	22.201	2.03	998.63
0.00508999592800326	0.0914399268480585	26.563	2.094	793.4
0.0106499914800068	0.191699846640123	20.773	2.936	1667.12
0.0110699911440071	0.199079840736127	22.981	3.302	2067.72
0.0193399845280124	0.347579721936222	60.961	4.265	3323.2
0.0228299817360146	0.408779672976262	57.907	4.796	3644.9
0.0556899554480356	0.995219203824637	128.896	8.086	9956.03
0.0823599341120527	1.46969882424094	154.573	10.433	13603.1
0.106579914736068	1.88351849318521	216.374	11.587	18289.64
0.108299913360069	1.92077846337723	218.508	13.809	19929.42
0.165069867944106	2.88485769211385	323.562	17.513	27264.18
0.358129713496229	6.13601509118793	701.972	33.122	61308.25
0.597049522360382	9.97397202082238	1118.051	55.415	96653.78
0.852669317864546	13.7390290087768	1582.169	75.841	132014.19
0.990299207760634	15.2036878370497	1672.068	87.793	147231.16
1.47382882093694	20.9905032075974	2424.563	131.122	217506.84
2.8081477534818	35.5622115502308	3902.477	235.919	394799.36
4.04560676351459	43.8735249011801	4577.526	333.95	526590.33
4.98527601177919	45.0136439890848	4377.782	407.38	591173.06
7.40466407626874	52.2525181979854	4853.916	631.825	769886.08
13.7174990260008	69.2049046360763	5891.228	1077.386	991809.87
25.4526196379043	94.0493847604922	8531.442	1980.305	1249031.34
29.701486238811	85.3498117201506	7950.039	2337.924	1354577.34
39.1862686509851	92.8916256866995	9042.754	3014.475	1568401.45
51.7575785939371	99.8099201520639	11260.164	4067.848	1862285.81
59.4982124014301	99.957160034272	11935.979	4608.033	2038242.34
65.8247473402021	99.962920029664	12294.775	5067.817	2182637.4
73.0709215432628	99.999820000144	12825.862	5646.374	2344610.02
78.6551270758983	100.0	13668.404	6016.221	2472142.77
