0.000909999272000582	0.0163799868960105	3.46	1.065	137.13
0.00181999854400116	0.032759973792021	4.974	1.125	311.86
0.00266999786400171	0.0480599615520308	6.48	1.253	438.87
0.00290999767200186	0.0523799580960335	7.028	1.221	530.39
0.00323999740800207	0.0583199533440373	18.573	1.265	543.68
0.00491999606400315	0.0885599291520567	11.801	1.407	851.08
0.00856999314400548	0.154259876592099	17.892	1.598	1609.43
0.0121699902640078	0.21869982504014	25.433	2.244	2259.07
0.0196199843040126	0.352079718336225	38.642	2.421	3456.86
0.037439970048024	0.67121946302443	83.816	4.368	6409.56
0.0554999556000355	0.991979206416635	115.611	5.114	9137.56
0.073509941192047	1.30931895254484	138.253	7.138	13331.74
0.0923299261360591	1.63745869003305	176.19	8.074	15405.24
0.149559880352096	2.63177789457768	302.609	13.314	25705.22
0.232639813888149	4.0568367545306	459.908	20.2	39851.1
0.412889669688264	7.08749433000454	788.888	35.181	72308.79
0.623849500920399	10.4434116452707	1205.917	51.198	98383.83
0.877899297680562	14.1512286790171	1558.644	73.581	150842.64
1.42897885681691	21.927942457646	2483.042	114.936	214793.44
2.16485826811339	30.8049953560037	3452.819	179.122	309424.25
2.70295783763373	34.2330926135259	3752.144	217.919	382859.17
4.42627645897883	47.8695217043826	5248.473	350.123	551508.76
6.64551468358825	58.4668332265334	6512.152	523.332	733082.34
7.83872372902102	54.609436312451	4830.647	603.483	805120.22
16.8503765196988	86.3839108928713	7409.094	1295.305	1050261.93
25.0830199335841	92.203306237355	8472.049	1924.208	1241542.86
34.6037923169661	97.6969018424785	9753.461	5287.761	1463098.42
39.6149883080094	93.5772451382039	19854.818	4460.935	1578485.35
50.059829952136	98.7931009655192	10583.218	6966.629	1820002.15
59.1769926584059	99.9127000698399	12427.036	6916.124	2028868.21
65.8235273411781	99.962920029664	12929.754	7845.266	2174547.29
72.9957916033667	99.999280000576	13257.153	9239.277	2345265.9
78.6712670629863	100.0	13783.672	9777.206	2472572.03
