0.000799999360000512	0.0143999884800092	5.726	0.903	135.47
0.00137999889600088	0.0248399801280159	8.832	0.944	254.17
0.00195999843200125	0.0352799717760226	11.985	1.007	367.29
0.00231999814400148	0.0417599665920267	14.715	1.141	354
0.00426999658400273	0.0768599385120492	23.532	1.209	732.38
0.00786999370400504	0.141659886672091	44.391	1.818	1189.98
0.0107299914160069	0.192959845632123	71.187	2.044	1717.57
0.0147199882240094	0.264599788320169	113.008	2.705	2447.09
0.0206999834400132	0.371699702640238	118.793	2.596	3597.77
0.0342399726080219	0.614519508384393	226.734	3.874	5523.46
0.0364799708160233	0.651599478720417	205.459	4.056	5905.19
0.0739699408240473	1.31903894476884	418.216	7.24	12604.85
0.0831799334560532	1.47653881876894	587.058	9.393	13158.64
0.17191986246411	3.03353757316994	1120.897	16.123	34313.91
0.277999777600178	4.85261611790711	1773.395	25.831	44989.15
0.326569738744209	5.59439552448358	2023.137	29.978	55637.74
0.623209501432399	10.4214516628387	3918.332	55.258	99461.66
0.692879445696443	11.1907710473832	4020.81	62.186	111886.26
1.29678896256883	19.8298641361087	8183.601	117.452	204987.91
1.65770867383306	23.490341207727	8540.477	148.209	252936.16
2.0257683793853	26.0992591205927	9602.213	176.492	283495.45
4.13822668941865	44.8568641145087	14422.673	366.91	532370.41
5.74499540400368	50.7995593603525	15353.668	539.148	669036.21
10.3844116924706	70.6846834522532	19959.462	919.17	907797.14
15.3049077560738	76.8439185248652	23986.347	1383.412	1022586.05
24.3243605405116	88.7847489722008	25295.218	2153.554	1222697.01
33.3378033297573	94.2032846373723	26792.934	3277.138	1432605.86
43.5668651465079	99.4706204235037	28313.613	4625.066	1667773.27
50.021759982592	98.7682609853912	29054.893	4959.054	1819024.6
59.5913923268861	99.972280022176	30017.097	6471.573	2043232.86
66.6856966514427	99.995680003456	30910.836	7392.544	2205156.78
72.9473716421027	99.999460000432	30865.624	8566.655	2342124.37
78.6654970676023	100.0	34487.096	9449.185	2471225.45
