0.000939999248000602	0.0169199864640108	8.801	1.071	165.97
0.00123999900800079	0.0223199821440143	10.565	1.192	194.82
0.00215999827200138	0.0388799688960249	13.718	1.646	354
0.00221999822400142	0.0399599680320256	13.501	1.759	391.15
0.00473999620800303	0.0853199317440546	35.881	1.939	781.76
0.00507999593600325	0.0914399268480585	35.891	1.952	788.41
0.00841999326400539	0.151559878752097	50.663	2.675	1273.86
0.010989991208007	0.197279842176126	67.185	3.251	1789.15
0.021839982528014	0.391679686656251	165.086	4.406	3759.29
0.0258299793360165	0.462599629920296	143.201	4.818	4084.91
0.0549599560320352	0.983519213184629	391.073	7.91	9956.03
0.0762999389600488	1.35989891208087	522.736	9.939	15441.42
0.108209913432069	1.91987846409723	841.786	12.671	19929.42
0.116839906528075	2.05919835264132	726.259	13.427	18157.02
0.225139819888144	3.92759685792251	1349.898	24.077	38245.8
0.288829768936185	4.95143603885117	1848.347	29.632	48725.17
0.420189663848269	7.04555436355651	2509.753	42.895	72780.32
0.730869415304468	11.8015105587916	3994.694	69.429	120667.47
1.02223918220865	15.665567467546	5672.836	99.743	154907.65
1.95861843310525	27.6623778700977	9630.862	196.598	297954.45
3.24326740538608	41.4413668469065	13973.871	315.43	429717.38
3.63630709095433	39.6447882841694	12209.296	321.128	479269
6.74464460428432	59.41471246823	17665.005	618.778	732640.44
8.73938300849359	59.6978522417182	18288.633	800.803	871531.75
14.6285182971854	73.381441294847	20738.754	1318.976	1009341.87
21.837272530182	79.8695361043711	22990.811	1978.826	1175775.46
32.882313694149	92.9967456026035	26923.995	3024.806	1424431.05
41.4868368105306	96.4860428111657	28901.386	3673.729	1626690.82
51.8312585349932	99.8452001238399	28995.932	4845.833	1858044.72
56.5567947545642	99.1990006407995	31427.644	5127.848	1965925.01
65.696347442922	99.958780032976	32064.271	5887.891	2180001.25
72.6606618714705	99.997660001872	33615.157	6630.755	2338743.34
78.6658070673544	100.0	32312.809	6998.11	2471258.51
