0.000729999416000467	0.0131399894880084	2.847	1.108	114.93
0.00117999905600076	0.0212399830080136	4.187	1.23	201.47
0.00214999828000138	0.0386999690400248	5.44	1.39	362.31
0.00337999729600216	0.0608399513280389	8.129	1.657	532.05
0.00525999579200337	0.0946799242560606	12.068	2.044	881.59
0.00575999539200369	0.103679917056066	13.744	2.065	851.08
0.00751999398400481	0.134999892000086	17.235	2.604	1225.47
0.0149699880240096	0.268559785152172	29.415	3.366	2715.7
0.0202099838320129	0.362519709984232	45.352	4.007	3597.77
0.0225199819840144	0.404099676720259	73.187	4.289	3644.9
0.0425499659600272	0.761039391168487	84.262	6.364	7586.87
0.079619936304051	1.41893886484891	173.549	10.027	12067.21
0.102399918080066	1.81853854516916	203.11	12.606	17968.95
0.137469890024088	2.42297806161755	301.91	15.096	24056.51
0.179369856504115	3.130017495986	367.368	18.917	29235.47
0.413719669024265	7.08245433403653	828.304	39.572	65646.11
0.6255194995844	10.4830116135907	1245.873	59.395	98448.24
0.880569295544564	14.1737286610171	1756.427	77.559	145274.57
1.32738893808885	20.305783755373	2483.904	117.791	193916.51
1.37751889798488	19.6950442439646	3578.894	118.992	206629.3
3.123097501522	39.7450482039614	4635.917	264.361	411812.2
4.51936638450689	49.0019007984794	5386.299	375.025	565014.84
5.71559542752366	50.5740195407844	5728.552	459.526	666252.88
9.23895260883791	62.6977298418161	8948.336	754.595	887815.45
17.0609763512189	88.0123695901043	14341.146	1348.016	1057976.27
21.950242439806	80.2383558093154	17040.345	1688.581	1178331.47
31.188885048892	88.8004089596728	21396.201	2430.641	1386264.02
42.121256302995	97.4477820417744	23994.338	3341.43	1639785.06
49.935210051832	98.7077810337752	26215.742	3848.544	1817033.39
56.3361749310601	99.1180007055994	20823.603	4302.652	1959183.09
66.4879368096505	99.991540006768	27520.511	5200.92	2202339.11
72.8526017179186	99.998740001008	27898.301	5615.666	2341653.75
78.6674270660584	100.0	30036.845	5942.145	2472468.65
