0.000839999328000538	0.0151199879040097	3.806	0.947	153.75
0.000989999208000634	0.0178199857440114	3.607	0.993	194.82
0.00199999840000128	0.035999971200023	5.579	1.004	336.79
0.0034299972560022	0.0617399506080395	9.374	1.133	532.05
0.00498999600800319	0.0894599284320573	10.877	1.195	873.28
0.00819999344000525	0.147419882064094	21.199	1.474	1434.7
0.0107599913920069	0.193139845488124	22.805	1.673	1883.02
0.0165999867200106	0.298439761248191	33.679	2.536	2775.05
0.0180999855200116	0.325439739648208	46.363	2.384	3083.44
0.0367199706240235	0.658259473392421	70.796	3.717	6592.62
0.0459499632400294	0.823499341200527	120.831	4.656	8074.05
0.0778999376800499	1.39049888760089	165.731	6.835	12312.96
0.101599918720065	1.80071855942515	210.904	9.105	17968.95
0.162979869616104	2.84489772408182	352.342	14.126	27264.18
0.180329855736115	3.16673746661003	354.216	14.867	26875.11
0.295619763504189	5.07401594078725	583.519	24.09	45074.08
0.487009610392312	8.15543347565322	938.135	42.178	82293.11
0.883989292808566	14.2482486014011	1796.823	72.447	133198.74
1.38755888995289	21.2486230011016	2693.927	111.368	208138.36
1.96262842989726	27.6990978407217	3391.874	164.935	297961.14
2.93836764930588	32.9174736660211	4023.294	229.163	388099.25
2.9669476264419	37.486770010584	5582.322	234.353	409932.29
4.66648626681099	42.6259458992433	5091.3	360.435	555088.59
9.40269247784602	63.7375890099288	9054.593	721.537	890483.86
16.0256371794903	80.9363952508838	14958.119	1222.375	1037761.49
19.7652041878366	73.6734010612792	16011.023	1437.007	1126005.21
34.5273723781021	97.4566020347184	20832.873	5194.303	1461305.68
37.521109983112	90.1894678484257	24257.55	2778.716	1526454.5
47.6498518801185	96.7333626133099	27117.215	5614.145	1764357.54
56.7814045748763	99.2890005687996	29574.471	9216.147	1971885.77
65.3636577090738	99.934840052128	25819.928	11678.926	2165507.61
72.9014116788707	99.998560001152	31751.947	13866.038	2344174.09
78.6813770548984	100.0	32091.69	17340.774	2472399.33
