0.000869999304000557	0.01565998747201	7.462	1.027	152.09
0.00153999876800099	0.0277199778240177	9.746	0.964	294.65
0.00238999808800153	0.0430199655840275	14.101	1.019	391.15
0.00304999756000195	0.054719956224035	17.81	1.371	542.02
0.00466999626400299	0.0838799328960537	26.324	1.219	815.59
0.00616999506400395	0.111059911152071	58.554	1.422	1091.81
0.00723999420800463	0.130319895744083	56.378	1.474	1133.95
0.0139799888160089	0.251279798976161	100.175	2.099	2348.93
0.0217299826160139	0.39005968795225	138.204	2.658	3996.69
0.0280199775840179	0.502019598384321	175.105	3.321	4979.3
0.050069959944032	0.896759282592574	349.496	5.284	8452.39
0.0535799571360343	0.954899236080611	330.81	5.629	8795.3
0.0768099385520492	1.35989891208087	486.768	9.121	12170.38
0.183499853200117	3.23603741117007	1287.908	17.252	32930.67
0.253779796976162	4.3678765056988	1582.406	23.242	40318.51
0.257669793864165	4.48955640835487	1506.902	24.924	50945.32
0.379569696344243	6.38171489462808	2161.946	33.957	59860.22
0.595329523736381	9.64601228319017	3357.382	52.197	92093.95
1.05428915656867	16.1326670938663	5501.372	92.274	167436.27
1.68518865184908	23.8469209224633	8411.056	152.327	255327.4
2.64625788299369	33.5040931967254	11412.307	234.53	374510.09
4.79343616525107	52.4497980401616	16919.072	432.402	577418.26
6.64559468352425	58.4657532273974	16871.902	577.559	733071.57
9.61372230902215	65.1509478792417	18859.604	836.752	896601.92
15.4319676544259	77.5406979674416	22100.64	1363.378	1026137.14
19.2990845607324	72.3745221003823	20671.439	1636.015	1114078.7
33.3705733035414	94.2886045691163	27078.824	3234.92	1433420.8
43.1745954603236	98.9529408376473	28052.275	4616.136	1657421.9
50.4593796324963	99.0773207381434	30214.3	5147.812	1828139.74
56.3924548860361	99.1360006911994	30363.282	5578.403	1961872.9
65.9771572182742	99.969580024336	32206.446	7214.85	2187828.65
72.8422417262066	99.998380001296	33085.804	8200.492	2342749.88
78.6889470488424	100.0	31756.005	9419.564	2472181.92
