0.000849999320000544	0.0152999877600098	3.213	1.081	150.42
0.00166999866400107	0.0300599759520192	4.872	1.277	294.65
0.00177999857600114	0.0320399743680205	19.368	1.432	330.14
0.00256999794400164	0.0462599629920296	7.159	1.449	518.16
0.00544999564000349	0.0980999215200628	12.52	1.96	881.59
0.00759999392000486	0.136619890704087	15.699	2.402	1166.12
0.00794999364000509	0.142919885664091	18.59	2.433	1273.86
0.0162599869920104	0.291779766576187	32.984	3.71	2510.45
0.0216399826880138	0.388079689536248	41.834	4.91	3770.93
0.0236399810880151	0.424439660448272	45.975	4.42	3644.9
0.0434199652640278	0.775259379792496	89.309	6.778	7751.65
0.0703999436800451	1.2540589967528	161.735	9.396	12031.7
0.107519913984069	1.90475847619322	295.466	12.547	18754.66
0.177489858008114	3.124617500306	346.528	19.233	29989.11
0.275549779560176	4.80365615707507	540.01	26.064	48910.56
0.382929693656245	6.5622547501962	815.595	35.167	60516.51
0.626889498488401	10.1509118792705	1302.695	56.238	104235.93
0.627029498376401	10.5089315928547	1228.042	55.753	98463.81
0.840629327496538	12.9972496022003	1564.551	73.893	130246.55
1.74400860479312	24.6871602502718	2907.839	147.714	264416.01
2.9709576232339	33.2099734320213	3772.897	244.955	392983.42
3.23824740940207	41.3402069278345	4879.092	275.615	428953.71
5.05909595272324	45.5639035488772	5246.325	415.689	599684.51
9.48812240950207	64.2903685677051	9206.38	768.957	892202.86
14.074018740785	70.7917833665733	14821.377	1098.551	997730.33
25.2600797919362	93.0934055252756	18082.088	2002.81	1243250.97
30.1665058667953	86.4136108691113	21155.546	2308	1364151.9
43.2038654369076	98.9909208072634	23107.681	3362.995	1658168.21
51.612278710177	99.7510601991518	22111.551	3965.887	1855503.12
59.35371251703	99.940060047952	26135.663	4568.098	2037646.43
66.6348166921466	99.994780004176	27651.836	5149.851	2205163.54
72.4697420242064	99.996580002736	26920.752	5462.464	2332226.36
78.6751070599144	100.0	30362.005	5990.996	2472511.23
