0.00085999931200055	0.0154799876160099	3.149	0.904	165.97
0.00149999880000096	0.0269999784000173	4.431	1.058	275.77
0.00172999861600111	0.0311399750880199	4.612	1.168	288
0.00349999720000224	0.0629999496000403	8.123	1.147	586.41
0.00488999608800313	0.0880199295840563	14.709	1.257	796.72
0.00741999406400475	0.133379893296085	15.171	1.348	1225.47
0.00822999341600527	0.147959881632095	16.623	1.389	1383.66
0.0150599879520096	0.270899783280173	29.586	1.815	3146.81
0.0243399805280156	0.43703965036828	48.117	2.726	4074.35
0.0256099795120164	0.458639633088294	55.748	2.652	4084.91
0.0513799588960329	0.918899264880588	100.237	4.713	8272.65
0.0844899324080541	1.50659879472096	173.172	7.906	14278.95
0.111989910408072	1.98143841484927	238.967	9.656	18744.69
0.13993988804809	2.46707802633758	322.405	11.602	24727.45
0.163479869216105	2.85245771803383	364.645	13.296	27264.18
0.274519780384176	4.71023623181101	574.997	22.494	44964.62
0.394649684280253	6.62813469749224	803.105	31.438	59860.22
0.836389330888535	13.5064691948246	1679.883	68.407	136191.23
1.39574888340089	21.3857828913737	2485.378	115.059	217062
1.73826860938511	24.6063403149277	2928.328	140.577	263650.87
3.00222759821792	37.9448696441043	4633.947	241.729	414343.88
4.47659641872287	48.453801236959	6708.412	358.567	563290.52
5.69694544244365	50.4127396698083	5710.871	451.093	664474.33
9.372472502022	63.5487691609847	9084.224	716.982	889864.49
15.569797544162	78.3159573472341	13656.905	1164.646	1028650.78
19.4128544697164	72.6922218462225	16194.734	1415.496	1116313.91
33.3228333417333	94.1658446673243	21512.736	3917.141	1432312.11
42.9871356102915	98.6901410478872	24339.92	6194.335	1655277.4
51.7528485977211	99.8115401507679	22809.839	8526.827	1858268.24
59.296982562414	99.932320054144	28299.506	10323.347	2036143.22
66.5332167734266	99.99280000576	29657.451	11964.378	2203319.16
72.6076119139105	99.99730000216	34717.195	13357.532	2337535.58
78.6890270487784	100.0	32607.206	17196.464	2472219.93
