0.00049999960000032	0.00899999280000576	2.587	1.085	114.93
0.00179999856000115	0.0323999740800207	4.87	1.306	274.11
0.00262999789600168	0.0473399621280303	8.956	1.559	438.87
0.00273999780800175	0.0493199605440316	7.978	1.518	530.39
0.00329999736000211	0.059399952480038	8.135	1.635	521.49
0.00797999361600511	0.143639885088092	16.875	2.401	1317.67
0.0105599915520068	0.189899848080122	21.818	2.834	1717.57
0.0166699866640107	0.299519760384192	52.267	4.765	3022.42
0.0176099859120113	0.316079747136202	35.498	3.681	2907.05
0.028169977464018	0.505439595648324	55.721	5.378	5069.15
0.054749956200035	0.979199216640627	107.854	7.289	9956.03
0.0830099335920531	1.48049881560095	171.498	10.378	14809.29
0.0966299226960618	1.7157586273931	184.879	11.68	16890.74
0.178729857016114	3.14405748475401	341.087	18.102	32910.14
0.254159796672163	4.42259646192283	605.972	23.862	40759.72
0.416059667152266	7.15103427917258	864.039	38.601	66744.51
0.490719607424314	8.21897342482126	967.708	44.282	82293.11
0.910329271736583	14.7232682213854	17227.842	82.663	142912.12
0.926869258504593	14.2451886038491	1762.935	80.187	144235.99
1.92655845875323	27.2017582385934	17258.764	162.709	280806.74
3.03113757508994	38.4233092613526	4932.805	253.858	410189.44
4.80588615529108	52.6175579059537	5951.566	404.216	576842.14
5.87034530372376	51.8233985412812	5966.908	469.32	681104.25
9.27065258347793	62.8928496857203	10201.404	728.378	888142.93
15.9388372489302	80.4145756683395	13947.473	1251.834	1034687.01
25.3757496994002	93.6479850816119	17921.966	1994.398	1245904.88
31.7193246245403	90.0402479678016	21443.72	2483.937	1397193.48
43.5658051473559	99.4546004363197	21332.926	3363.176	1669986.39
51.7431386054891	99.8048801560959	23845.465	4029.915	1861612.79
59.0123427901258	99.8844400924479	26647.302	4509.075	2031245.79
66.5396467682826	99.99190000648	25766.504	5078.694	2196835.47
73.0401815678547	100.0	29133.885	5540.41	2342918.24
78.6593570725143	100.0	29844.643	5904.849	2472233.38
