0.000909999272000582	0.0163799868960105	3.831	1.142	152.09
0.00136999890400088	0.0246599802720158	4.268	1.282	274.11
0.00164999868000106	0.029699976240019	4.858	1.443	297.97
0.00194999844000125	0.0350999719200225	5.807	1.185	355.66
0.00292999765600188	0.0525599579520336	7.331	1.511	525.4
0.00679999456000435	0.122399902080078	13.861	1.489	1212.17
0.0113299909360073	0.20321983742413	25.115	1.802	1683.74
0.0143599885120092	0.258299793360165	30.901	1.979	2715.7
0.0153799876960098	0.275939779248177	29.003	2.037	2632.49
0.0336299730960215	0.601919518464385	77.252	3.414	5555.63
0.0534399572480342	0.95237923809661	108.807	5.263	9056.6
0.0694099444720444	1.23695901043279	135.786	6.606	12031.7
0.0775599379520496	1.37537889969688	152.072	6.975	12642.6
0.181709854632116	3.19859744112205	393.645	16.333	26875.11
0.259479792416166	4.51547638761889	540.444	22.94	46961.47
0.302689757848194	5.18777584977932	663.786	25.539	50111.93
0.463069629544296	7.74755380195696	925.088	37.738	75278.27
0.550169559864352	8.93987284810172	1066.039	46.057	89034.67
1.19175904659276	18.2318254145397	2474.994	97.68	187022.1
1.92840845727323	27.2350582119534	3295.885	154.463	283098.49
3.05741755406596	38.8133689493048	4269.688	245.126	408802.14
3.48983720813023	38.2089294328565	4257.804	272.053	453482.35
6.26163499069201	55.1440358847713	6079.399	478.408	712408.08
8.33651333078934	57.3445341243727	5317.209	618.347	839559.46
13.3556893154485	67.6378258897393	5855.994	992.066	980151.76
23.436971250423	85.3152517477986	7685.631	1807.521	1210498.78
33.2555733955413	93.9802648157881	9149.06	4068.403	1430774.34
41.7962265630187	96.95746243403	10033.792	5346.862	1632574.41
50.020229983816	98.7671809862552	10773.562	6849.702	1818994.16
59.423282461374	99.948880040896	12353.468	7290.613	2034555.46
65.1279878976097	99.920080063936	14347.97	7700.224	2166543.43
73.0217515825987	99.999820000144	13156.789	8986.079	2342659.9
78.6607370714103	100.0	13702.558	9775.221	2472254.73
