0.000949999240000608	0.0170999863200109	7.798	1.418	347.4
0.00126999898400081	0.0228599817120146	10.127	1.187	644.28
0.00246999802400158	0.0444599644320285	18.796	1.635	959.46
0.00278999776800179	0.0502199598240321	19.752	1.568	1124.42
0.00391999686400251	0.070379943696045	28.793	2.206	1695.6
0.00819999344000525	0.147599881920094	49.033	2.878	2848.17
0.00892999285600572	0.160559871552103	51.347	3.418	3399.58
0.0150499879600096	0.270359783712173	118.326	4.127	5896.56
0.0225299819760144	0.403739677008258	154.443	5.226	8240.12
0.0232899813680149	0.417779665776267	133.926	5.449	9905.15
0.0523699581040335	0.935639251488599	370.36	9.281	20837.64
0.0836799330560535	1.49147880681695	495.423	12.74	30849.66
0.10863991308807	1.92887845689723	725.549	16.403	38996.78
0.176179859056113	3.06917754465796	1010.377	23.685	57992.12
0.182049854360117	3.20903743277005	1176.611	25.375	58775.73
0.269449784440172	4.62041630366696	1500.613	34.768	89610.67
0.56185955051236	9.12815269747784	2707.586	73.017	167543.13
0.60975951219239	10.1923118461505	3142.35	79.857	171704.92
0.959209232632614	14.7925681659455	4159.714	151.758	357744.43
1.28062897549682	18.4291052567158	4544.388	194.561	407868.69
1.95434843652125	25.3041997566402	5246.586	283.452	511993.56
3.80798695361044	41.3047469562024	5723.927	447.641	675612.16
7.13592429126057	63.3615693107445	5987.913	691.662	739723.95
10.1144419084465	68.6472650821879	5622.45	772.361	729359.49
16.1166871066503	81.319254944596	5547.488	924.643	732575.9
25.5872795301764	94.7303242157406	5296.108	1115.045	753404.69
31.5648647481082	89.7023882380894	5396.117	1058.555	767165.68
38.1170795063364	91.1969270424584	5583.881	1120.1	781649.66
49.5948503241197	98.468561225151	6014.595	1212.547	807297.58
57.1892042486366	99.4150004679996	5247.161	1257.289	822676.92
66.6499066800747	99.99640000288	5160.997	1280.564	844434.08
73.0542215566227	99.999820000144	5269.932	1321.262	858506.14
78.6676370658903	100.0	5344.518	1332.934	870958.28
