0.00074999940000048	0.0134999892000086	5.894	1.078	295.77
0.00170999863200109	0.0307799753760197	11.599	1.293	723.2
0.00223999820800143	0.0403199677440258	13.958	1.439	963.39
0.0023499981200015	0.0422999661600271	15.058	1.577	1010.56
0.00349999720000224	0.0629999496000403	22.535	1.909	1590.24
0.00618999504800396	0.111059911152071	47.629	2.432	2527.17
0.00950999239200609	0.170819863344109	72.989	2.975	3657.13
0.0123799900960079	0.221939822448142	84.223	3.545	4350.94
0.0177599857920114	0.318239745408204	113.41	4.674	6358.36
0.0264499788400169	0.474659620272304	155.176	5.856	10681.03
0.0538999568800345	0.963179229456616	346.236	9.187	18918.53
0.0557799553760357	0.994499204400636	365.679	10.43	22079.61
0.105989915208068	1.8793784964972	667.13	15.441	39180.29
0.17139986288011	3.01787758569793	966.055	27.316	58516
0.259079792736166	4.50665639467488	1423.229	35.789	95610.45
0.424489660408272	7.28243417405266	2282.846	56.199	132314.07
0.466919626464299	7.82405374075701	2396.091	58.813	136470.26
0.783039373568501	12.6019699184241	3921.732	134.974	302390.73
1.18135905491276	18.0502055598356	4978.812	193.308	400151.63
1.53037877569698	21.7920425663659	5012.048	224.274	448631.73
3.2810373751701	41.8933464853228	8751.735	464.004	636868.65
3.86217691025847	41.9041464766828	5674.977	474.252	678002.65
6.23652501077999	54.9055360755711	5086.514	602.735	735192.76
9.33914252868598	63.4107092714326	5977.208	703.953	733297.87
13.9532688373849	70.323243741405	5442.803	800.467	728343.34
25.6235495011604	94.9083440733247	5265.83	1110.908	753445.14
34.0175527859578	96.0376631698695	5274.866	1158.756	772268.42
42.160266271787	97.5235619811504	5472.035	1195.325	790588.89
51.7369086104731	99.7958801632959	5156.616	1224.703	810586.94
59.344672524262	99.938080049536	5181.196	1283.471	827778.37
66.6558366753307	99.996220003024	5188.294	1273.927	844464.77
72.9724116220707	99.999460000432	5409.758	1315.816	858514.39
78.6601870718503	100.0	5832.031	1353.212	870990.73
