0.000589999528000378	0.0106199915040068	37.275	1.156	236.12
0.00235999811200151	0.0424799660160272	13.909	1.323	817.8
0.0230899815280148	0.413999668800265	147.45	3.675	9540.16
0.0536099571120343	0.959759232192614	448.947	7.121	19583.59
0.115659907472074	2.05091835926531	771.889	14.749	46133.41
0.122899901680079	2.16665826667339	793.893	14.919	43296.47
0.227859817712146	3.96503682797054	1285.974	28.925	76361.1
0.366649706680235	6.27335498131601	2166.311	46.022	116154.51
0.396789682568254	6.64865468107626	2097.734	47.065	121478.23
0.914729268216585	14.7751081799135	4620.142	141.779	321745.96
1.20754903396077	18.4406252474998	5018.854	193.93	412175.13
1.89132848693721	26.7243986204811	6464.056	285.887	510683.6
3.02799757760194	38.3486093211125	7610.829	406.826	624000.75
9.98062201550239	67.7154058276753	5442.439	756.093	730290.51
16.0704571436343	81.0497951601639	5653.537	935.507	732464.86
24.8787300970159	91.2044870364104	5440.955	1089.425	751711.28
32.4506440394848	91.8944264844588	5530.891	1114.789	769080.69
41.2902669677864	96.2290030167976	5175.737	2905.315	788958.28
59.5815623347501	99.967960025632	5112.317	3037.819	828423
66.5875967299226	99.995320003744	5371.723	3059.524	844181.23
73.0557515553988	99.999820000144	5212.779	3062.871	858514.62
