0.000649999480000416	0.0116999906400075	5.393	0.887	244.08
0.00135999891200087	0.0244799804160157	9.692	0.979	656.12
0.00172999861600111	0.0311399750880199	11.215	1.085	731.09
0.0024999980000016	0.0449999640000288	21.514	1.124	1136.19
0.00520999583200333	0.09377992497606	33.297	1.435	2135.45
0.00708999432800454	0.127439898048082	62.841	1.637	2848.17
0.0101199919040065	0.181439854848116	72.257	2.036	3925.74
0.0167799865760107	0.301319758944193	117.783	3.2	6611.5
0.023439981248015	0.420839663328269	129.579	3.61	9070.43
0.0348899720880223	0.6253194997444	221.692	5.052	12752.21
0.0483099613520309	0.862919309664552	316.174	6.372	19077.14
0.0536899570480344	0.959759232192614	331.757	6.956	21105.6
0.106899914480068	1.89413848468921	635.302	13.84	40534.81
0.18767984985612	3.29741736206611	1213.104	25.603	65206.62
0.18779984976012	3.2785173771861	1152.203	24.755	68280.19
0.32796973762421	5.60609551512359	1780.49	44.147	107619.94
0.550199559840352	9.20843263325389	2868.099	67.896	163659.65
0.724239420608463	11.6760506591595	3319.118	83.785	289412.25
0.856999314400548	13.2589693928245	3633.844	131.103	309162.18
2.13028829576936	30.2208958232833	7408.144	327.994	541614.38
2.29226816618547	29.2704965836027	5854.067	292.205	554472.23
4.03293677365058	43.6587850729719	5675.557	462.529	682724.18
7.32917413666069	65.4448876440899	6218.699	717.731	740490.13
7.38064409548472	52.1886182491054	4640.626	563.542	740766.45
12.7520297983762	65.3064677548258	5024.703	738.707	725701.65
20.257043794365	75.1058399153281	5262.249	859.539	742393.81
34.6604122716702	97.8166017467186	4959.544	2874.626	773136.25
38.3097993521605	91.5108467913226	5514.89	1104.182	782092.22
51.6485886811291	99.7510601991518	5135.073	2932.516	810448.13
58.5538431569255	99.7937201650239	5050.426	2974.777	825571.54
66.2501169999064	99.981460014832	5584.12	3013.08	843173.85
72.9595916323267	99.999820000144	5177.354	3029.103	858224.09
78.6777770577784	100.0	5104.836	3047.817	870967.93
