0.000729999416000467	0.0131399894880084	5.471	1.072	367.24
0.00162999869600104	0.0293399765280188	10.481	1.175	671.91
0.00169999864000109	0.0305999755200196	12.037	1.244	691.64
0.00279999776000179	0.0503999596800323	18.343	1.364	1273.39
0.00560999551200359	0.100979919216065	33.107	1.901	2088.82
0.00565999547200362	0.101699918640065	36.281	1.63	2135.45
0.0065599947520042	0.117899905680075	38.564	1.79	2782.49
0.0106099915120068	0.190799847360122	63.49	2.189	4690.9
0.020389983688013	0.366299706960234	143.442	3.375	7741.3
0.0360499711600231	0.647459482032414	214.093	5.199	13570.64
0.0475699619440304	0.851219319024545	299.454	6.483	18277.63
0.0675099459920432	1.20419903664077	458.233	8.664	24853.4
0.0776399378880497	1.37897889681688	457.809	10.389	26432.23
0.123909900872079	2.1846582522734	788.098	15.319	47208.32
0.261829790536168	4.56137635089892	1477.768	31.724	87262.63
0.419509664392268	7.20035423971661	2295.302	52.569	132305.64
0.626879498496401	10.4783316173347	3453.885	78.201	184425.03
0.7813693749045	12.574969940024	3855.855	126.607	300217.24
1.20250903799277	18.3653853076918	4982.433	194.596	410998.16
2.10917831265735	29.9087760729791	7409.244	327.552	537105.13
2.98268761384991	37.8086097531122	7419.522	405.699	630049.54
3.99078680737055	43.2077054338357	5466.716	467.639	683016.81
7.45786403370877	66.8155865475308	6611.332	741.404	740771.02
11.1481610814711	77.1688182649454	5874.241	870.537	721444.33
14.3812384950092	72.2652621877903	5249.78	832.722	729213.42
25.1352098918321	92.3816860946511	5530.465	1089.517	752310.53
34.7294122164702	98.0259415792467	4964.619	2907.167	773507.8
42.229446216443	97.6267018986385	5115.916	2946.197	790670.45
50.9536092371126	99.3917804865756	4969.084	2985.103	809853.35
58.5120231903814	99.7881401694879	5105.811	3030.998	826899.14
66.5536767570586	99.99460000432	5167.975	3068.855	844142.6
73.0604015516788	99.999820000144	5168.996	3079.212	858568.59
78.6517270786183	100.0	5306.101	3146.446	870919.86
