0.000729999416000467	0.0131399894880084	5.838	1.285	244.08
0.00106999914400068	0.0192599845920123	7.71	1.369	466.34
0.00236999810400152	0.0426599658720273	47.61	1.786	1065.54
0.00275999779200177	0.0494999604000317	19.146	1.711	1234.21
0.00441999646400283	0.0795599363520509	29.822	2.156	1835.92
0.00681999454400437	0.122759901792079	48.151	2.587	2747.7
0.0116199907040074	0.209159832672134	70.332	4.042	4289.74
0.0138399889280089	0.248579801136159	96.088	4.196	5779.01
0.0242399806080155	0.434699652240278	160.877	5.641	9070.43
0.0310999751200199	0.557819553744357	197.569	6.482	11473.19
0.0363399709280233	0.649259480592416	223.136	7.693	13654.9
0.0742599405920475	1.32443894044885	442.49	12.167	26629.03
0.0791899366480507	1.4075988739209	499.065	13.085	26432.23
0.183869852904118	3.24179740656207	1175.371	27.418	61463.08
0.256159795072164	4.46489642808286	1487.186	34.741	95290.54
0.270519783584173	4.64291628566697	1529.797	35.72	89610.67
0.510369591704327	8.53685317051746	2657.203	65.864	155391.5
0.577069538344369	9.374752500198	2812.639	75.507	161890.42
1.4043188765449	21.5020627983498	5889.608	228.228	435206.71
2.11433830852935	30.0106559914752	7316.386	328.348	538952.54
2.9614576308339	37.522409982072	7409.883	412.907	629337.38
4.78667617065906	43.6053251157399	4690.964	480.348	705076.6
4.88714609028313	53.5602171518263	7439.054	603.39	708060.05
10.1520218783825	68.9309448552441	5329.07	773.82	728975.61
17.0217463826029	87.7189698248241	6043.867	999.693	734260.64
25.5742295406164	94.6523842780926	5272.448	1126.41	753388.46
32.7295238163809	92.6108259113393	5534.853	1133.837	769661.6
43.5626751498599	99.4252604597916	5260.045	1274.329	793093.29
51.623398701281	99.7427802057758	5318.74	1298.999	811223.45
58.6040831167335	99.8039801568159	5195.679	1337.987	825668.6
66.4378568497145	99.991180007056	5424.393	1378.917	844052.84
72.8020517583586	99.99910000072	5447.023	1396.464	858062.68
78.6774970580024	100.0	5417.623	1431.986	870961.36
