0.000919999264000589	0.0165599867520106	8.147	1.122	327.55
0.0018699985040012	0.0336599730720215	12.56	1.338	723.2
0.00245999803200157	0.0442799645760283	18.477	1.477	1077.32
0.00331999734400212	0.0597599521920382	22.395	1.825	1355.61
0.00413999668800265	0.0745199403840477	27.59	1.957	1683.9
0.00680999455200436	0.122399902080078	41.605	2.494	2848.17
0.0112199910240072	0.201419838864129	93.471	3.647	4511.45
0.0163899868880105	0.294479764416188	104.299	4.296	6138.96
0.0246499802800158	0.442079646336283	167.665	5.82	9070.43
0.028199977440018	0.505259595792323	194.916	5.866	9432.14
0.0366399706880235	0.654839476128419	223.852	7.309	13654.9
0.0752899397680482	1.34063892748886	551.719	12.079	27552.22
0.0945999243200605	1.67723865820907	610.749	14.304	36177.99
0.167209866232107	2.94407764473788	1154.477	22.896	58483.54
0.167629865896107	2.92247766201787	990.492	23.674	56111.57
0.336829730536216	5.76485538811569	1843.981	43.282	117648.05
0.582969533624373	9.73835220931823	2968.564	73.493	188420.41
0.789339368528505	12.6917898465681	3770.928	133.557	306975.33
1.19948904040877	18.3157053474357	4760.698	197.164	409898.57
1.75146859882512	24.7417002066398	5792.972	276.259	493973.63
2.0347083722333	26.2682789853768	5308.282	286.024	524294.6
4.684566252347	51.0709991432007	7022.064	561.919	700375.75
6.17924505660395	54.4263764588988	5037.109	614.835	734150.47
11.0645311483751	76.2715189827848	6786.789	843.066	721909.5
12.8543497165202	65.707147434282	4989.428	748.019	726024.3
21.858252513398	79.9129160696671	5502.734	916.108	745660.02
31.9736944210445	90.690947447242	5537.255	1077.91	768056.98
43.3295953363237	99.1592206726235	5204.008	1204.329	792490.19
51.8722485022012	99.8540201167839	5210.056	1232.398	811519.17
59.2518025985579	99.9218800624959	5282.537	1267.786	827561.16
66.5876967298426	99.995320003744	5541.957	1300.774	844181.72
73.0668315465348	99.999820000144	5356.315	1310.584	858610.6
78.6764170588663	100.0	5325.762	1317.921	870974.2
