0.000699999440000448	0.0125999899200081	5.569	0.878	291.79
0.00104999916000067	0.0188999848800121	10.049	0.97	513.84
0.00222999821600143	0.0401399678880257	14.848	1.155	939.8
0.00301999758400193	0.0543599565120348	19.408	1.176	1296.89
0.00357999713600229	0.0644399484480412	21.26	1.241	1433.85
0.00637999489600408	0.114839908128074	37.218	1.616	2848.17
0.010889991288007	0.195659843472125	224.397	2.27	4289.74
0.0162099870320104	0.290879767296186	91.35	2.621	6138.96
0.0207499834000133	0.372419702064238	133.156	3.252	7741.3
0.0300299759760192	0.538199569440344	196.043	4.113	12494.76
0.039039968768025	0.698759440992447	257.296	5.335	13970.11
0.0746999402400478	1.32731893814485	449.849	9.56	26432.23
0.0838699329040537	1.49795880163296	515.364	10.673	30787.14
0.128169897464082	2.25953819236945	855.111	15.361	47208.32
0.197239842208126	3.4403372477302	1114.21	23.854	71489.52
0.334689732248214	5.72615541907567	1955.098	40.08	116892.26
0.625779499376401	10.4828316137347	3243.667	80.381	183237.12
0.704439436448451	11.3934508852393	3267.322	79.627	281704.89
1.2439590048328	19.0175247859802	5141.968	198.867	405937.28
2.12639829888136	30.1575358739713	7023.098	332.943	541680.01
2.99816760146592	38.0240695807443	7552.38	412.953	628286.19
4.59244632604294	49.987580009936	6610.418	540.078	697677.49
5.72732541813967	50.7039794368165	5081.866	547.075	729929.42
9.45736243411005	64.2113486309211	5170.392	708.364	732754.6
15.7566773946581	79.2548365961307	5533.693	893.591	731755.51
23.428801256959	85.2803317757346	5712.516	993.247	749034.21
34.8325221339823	98.3456213235029	4968.421	2826.654	773420.6
41.2488870008904	96.1741030607176	5094.65	2844.662	788873.13
50.7268194185445	99.2668605865115	5026.344	2942.172	809384.64
58.0040335967731	99.6725802619358	5071.932	2972.62	825746.18
66.4068468745225	99.990460007632	5730.496	2998.962	844013.34
72.6597118722305	99.998560001152	5199.785	3036.688	857772.51
78.6737070610343	100.0	5111.638	3037.885	870950.67
