0.000619999504000397	0.0111599910720071	6.417	1.084	259.99
0.00159999872000102	0.0287999769600184	10.148	1.231	577.12
0.00228999816800147	0.0412199670240264	15.522	1.246	849.3
0.0034399972480022	0.0615599507520394	20.135	1.358	1414.3
0.00354999716000227	0.0638999488800409	20.918	1.4	1398.65
0.00711999430400456	0.127799897760082	65.348	1.757	2832.72
0.0104599916320067	0.18809984952012	64.696	2.185	3925.74
0.0160499871600103	0.288719769024185	111.127	2.784	5926.87
0.0241299806960154	0.432719653824277	136.688	3.747	9163.71
0.0277399778080178	0.498059601552319	197.689	4.097	9432.14
0.0508399593280325	0.908279273376581	312.634	6.839	18835.77
0.0850799319360545	1.51415878867297	514.842	12.578	31109.96
0.12543989964808	2.22605821915342	809.479	15.365	44975.36
0.159109872712102	2.77001778398577	943.514	21.591	59431.6
0.168679865056108	2.9687376250099	939.181	21.562	58483.54
0.266659786672171	4.57091634326693	1487.216	33.136	86576.23
0.402519677984258	6.73613461109231	2162.475	48.251	127248.54
0.912569269944584	14.7220082223934	4399.272	142.888	332243.9
0.930769255384596	14.3515685187452	4073.48	138.457	344583
1.75996859202513	24.8767000986399	5822.985	270.291	495718.02
3.132297494162	39.8649281080575	8050.512	424.711	624109.68
4.21046663162669	45.6204235036612	5900.87	483.899	689151.16
6.5639647488282	57.850873719301	5431.151	630.745	737891.7
8.82118294305365	60.2302918157665	5105.902	678.8	737584.39
16.0833971332823	81.1291750966599	5646.299	921.448	732502.08
25.2561297950962	92.9756856194515	5320.692	1095.139	752662.23
34.8218921424863	98.3072813541749	5143.456	2930.565	773444.78
43.0984355212516	98.8417009266393	5046.007	2940.489	792039.06
51.2581889934488	99.5379403696477	5057.096	3000.777	809676.36
59.364972508022	99.943660045072	5093.349	3031.791	828487.3
66.6617766705787	99.995320003744	5151.127	3059.125	844341.57
73.0187715849827	99.999820000144	5311.023	3102.11	858337.35
78.6693270645384	100.0	5248.91	3128.988	870958.66
