0.000879999296000563	0.0158399873280101	6.12	0.932	339.46
0.001559998752001	0.028079977536018	10.927	1.024	577.12
0.00200999839200129	0.0361799710560232	14.009	1.103	868.98
0.00220999823200141	0.0397799681760255	13.472	1.076	959.46
0.00486999610400312	0.0876599298720561	27.471	1.473	2112.14
0.00683999452800438	0.123119901504079	44.064	1.541	2612.33
0.00729999416000467	0.130859895312084	43.187	1.596	2952.56
0.0168699865040108	0.302759757792194	129.792	3.022	6611.5
0.0182399854080117	0.32831973734421	156.664	2.935	7203.67
0.0379099696720243	0.679679456256435	223.192	5.256	14277.28
0.0426699658640273	0.761759390592488	249.888	5.869	16708.83
0.0756699394640484	1.35035891971286	542.917	9.788	27566.23
0.106049915160068	1.8790184967852	2271.186	14.383	40534.81
0.18714985028012	3.29201736638611	1045.743	22.983	65206.62
0.192679845856123	3.35753731397015	1055.436	23.467	68811.7
0.247539801968158	4.25357659713872	1439.05	31.431	85572.92
0.477199618240305	7.9741736206611	2398.189	54.875	152636.21
0.881709294632564	14.2095486323611	4318.12	138.035	341154.44
1.05024915980067	16.0952271238183	4730.964	150.028	358160.55
1.93579845136124	27.3894980884015	6781.566	287.901	527447.31
2.17713825828939	27.9437176450259	5686.925	287.813	556781.4
3.07082754333797	34.2829525736379	4841.196	357.326	624221.55
6.90290447767642	61.013651189079	6525.788	667.587	739139.97
7.67630385895691	53.8044769564184	4655.096	592.175	741091.66
14.8307881353695	74.4065404747676	5345.936	833.422	730052.42
24.1571706742635	88.1102895117684	5485.127	1008.768	750349.55
28.9422768461785	83.7006530394776	5707.082	990.471	761466.94
43.4646052283158	99.3275205379836	4999.091	2905.834	792668.33
48.448441241247	97.5061019951184	4950.196	2896.784	804845.84
57.1845842523326	99.4339004528796	5249.742	2971.407	823757.81
66.5742067406346	99.994960004032	5086.62	2993.048	844158.32
72.7119018304785	99.998020001584	5127.934	3033.289	857739.99
78.6511370790903	100.0	5056.594	3048.75	870990.96
