0.00074999940000048	0.0134999892000086	5.538	0.882	319.6
0.00166999866400107	0.0300599759520192	14.6	1.022	715.32
0.00179999856000115	0.0323999740800207	16.024	1.057	691.64
0.00279999776000179	0.0503999596800323	15.998	1.116	1245.97
0.00382999693600245	0.0689399448480441	32.003	1.312	1512.12
0.00589999528000378	0.106199915040068	64.553	1.566	2527.17
0.009369992504006	0.168479865216108	53.57	1.916	3599.51
0.0105699915440068	0.189719848224121	60.854	1.997	4247.49
0.0195099843920125	0.350279719776224	136.407	3.174	8431.33
0.0356499714800228	0.638099489520408	219.079	4.886	12814.69
0.0556699554640356	0.995939203248637	363.281	7.061	21062.74
0.0804399356480515	1.43495885203292	488.75	10.311	29304.33
0.101329918936065	1.79657856273715	666.653	12.638	36427.84
0.153629877096098	2.70665783467373	941.479	19.131	52941.14
0.17158986272811	2.99609760312192	1010.007	20.901	56111.57
0.39078968736825	6.68897464882028	2077.609	47.978	131074.96
0.611129511096391	10.2283118173505	3246.517	78.432	168554.15
0.71920942463246	11.6101707118634	3662.661	82.561	290537.92
1.19570904343277	18.2698053841557	4858.056	192.457	409161.51
2.09720832223334	29.730036215971	7269.301	324.054	531937.98
2.46973802420958	31.3309549352361	6239.898	337.32	588311.71
3.81281694974644	41.3441669246665	5597.298	430.655	675780.79
6.70047463962029	59.0687527449978	5529.552	627.973	738302.47
10.6039115168708	72.3694821044143	5528.317	808.097	725743.14
11.8352705317836	61.6969306424555	4985.893	695.07	723434.15
24.0830707335434	87.8073497541202	5489.391	1013.323	750246.45
34.7976121619103	98.2104414316469	4968.494	2891.242	773505.94
42.3738861008911	97.8311817350546	4964.885	2923.996	790903.32
48.2692313846149	97.3446421242863	5231.566	2915.498	804411.74
56.4043448765241	99.1568806744955	5023.255	2959.494	821951.22
65.8643173085461	99.962920029664	4989.83	3008.365	842102.53
72.9325216539827	99.99910000072	5114.083	3009.589	858416.24
78.6770570583544	100.0	5054.235	3037.027	870973.51
