0.000829999336000531	0.0149399880480096	6.741	0.935	295.77
0.0014099988720009	0.0253799796960162	8.826	1.002	569.21
0.00184999852000118	0.0332999733600213	13.438	1.064	802.04
0.00339999728000218	0.0611999510400392	20.507	1.247	1414.3
0.00478999616800307	0.0862199310240552	27.497	1.398	2112.14
0.00642999485600412	0.115559907552074	38.156	1.62	2782.49
0.00829999336000531	0.149399880480096	54.008	1.991	3187.81
0.0174599860320112	0.313739749008201	98.015	2.766	6611.5
0.0206199835040132	0.369899704080237	127.191	3.266	8344.98
0.0246199803040158	0.441539646768283	134.73	3.706	10169
0.0430999655200276	0.772559381952494	267.629	5.787	16708.83
0.0635099491920406	1.13417909265673	386.633	9.306	24485.96
0.0940899247280602	1.66661866670507	588.933	11.922	36177.99
0.113369909304073	2.00285839771328	700.356	14.518	38622.72
0.264549788360169	4.60277631777895	1495.289	30.752	87262.63
0.267649785880171	4.58387633289893	1553.025	31.768	89610.67
0.614159508672393	10.2691717846626	3205.494	73.43	174793.32
0.870889303288557	14.050248759801	3995.956	136.654	349963.72
1.36999890400088	20.9829432136454	5790.676	215.51	423723.89
1.91429846856123	27.0960983231213	6393.333	286.049	516714.24
2.69004784796172	34.0154727876218	6561.996	356.722	602160.26
4.8455861235311	52.9743176205459	7415.256	554.561	709095.61
5.79315536547571	51.1942990445608	4955.52	552.29	731307.8
10.0924519260385	68.4829252136598	6416.293	767.676	729559.06
16.9037164770268	86.7385106091915	5768.292	988.617	733994.62
24.7990001607999	90.8317073346341	5363.064	1056.773	751633.35
32.4455740435408	91.8838064929548	5361.541	1081.869	769067.19
43.1368154905476	98.8940808847353	5226.084	2924.665	792088.32
51.7788185769451	99.8119001504799	5194.709	2964.418	810657.62
59.1981526414779	99.9145000683999	6884.796	2958.513	828321.09
65.0950979239217	99.916660066672	5056.866	2976.652	841375.67
72.7109318312545	99.998920000864	7212.181	3049.273	857861.32
78.6674970660023	100.0	5113.907	3044.099	870982.67
