0.000699999440000448	0.0125999899200081	5.491	1.095	295.77
0.00142999885600092	0.0257399794080165	9.651	1.189	742.92
0.00288999768800185	0.0520199583840333	23.384	1.318	1077.32
0.00301999758400193	0.0543599565120348	19.602	1.392	1245.97
0.00396999682400254	0.0712799429760456	23.892	1.408	1695.6
0.00741999406400475	0.133379893296085	41.228	1.895	2952.56
0.0104499916400067	0.18755984995212	96.583	2.253	4335.64
0.0123399901280079	0.221759822592142	72.36	2.347	4350.94
0.0229599816320147	0.412379670096264	133.161	3.878	8610.91
0.0684299452560438	1.21913902468878	402.196	8.775	24853.4
0.115039907968074	2.04191836646531	787.868	13.961	44512.85
0.134089892728086	2.36105811115351	781.626	16.46	44821.25
0.376859698512241	6.44561484350813	2222.073	45.515	119793.46
0.628109497512402	10.5047915961667	3153.715	74.698	184475.91
1.2436790050568	19.0072647941882	5211.077	197.576	405856.08
2.05612835509732	29.1704166636667	6809.554	298.345	521190.28
2.40871807302554	30.6167155066276	6262.147	337.45	569869.59
4.32791653766677	46.9599824320141	6113.676	500.713	697011.9
4.76325618939505	43.4321652542678	4525.85	474.104	704788.92
15.3690177047858	77.1167983065613	5430.809	895.372	731150.4
23.7572409942072	86.5205307835754	5798.34	1020.723	749622.73
29.3899664880268	84.6731922614462	5612.614	1022.83	762498.96
43.2471854022517	99.0200807839354	5007.516	2944.057	792085.73
49.0201407838874	97.9985816011347	5206.386	2968.033	806007.35
65.1210579031537	99.9191800646559	5187.446	3055.013	841423.68
78.6746870602503	100.0	5223.2	3109.835	870975.54
