0.000689999448000442	0.0124199900640079	9.261	1.02	319.6
0.00135999891200087	0.0244799804160157	9.027	1.241	573.16
0.00226999818400145	0.0408599673120262	14.607	1.514	939.8
0.00258999792800166	0.0466199627040298	15.854	1.628	1022.34
0.00401999678400257	0.0723599421120463	24.975	1.854	1398.65
0.00635999491200407	0.114299908560073	39.134	2.501	2507.81
0.00768999384800492	0.138419889264089	46.718	3.439	3234.04
0.0160399871680103	0.287999769600184	126.854	4.405	5551.12
0.0170399863680109	0.305999755200196	119.744	4.372	6626.6
0.0271399782880174	0.486179611056311	158.006	5.753	9432.14
0.0404199676640259	0.721079423136461	248.508	7.556	13970.11
0.0738299409360473	1.31759894592084	457.242	11.924	27552.22
0.076489938808049	1.36079891136087	541.414	12.151	26432.23
0.18740985007212	3.29723736221011	1106.3	26.247	65206.62
0.208789832968134	3.63041709566632	1153.384	29.786	75856.6
0.254319796544163	4.36517650785879	1361.494	33.376	80920.36
0.529749576200339	8.83115293507765	2710.635	66.684	164299.14
0.831479334816532	13.4126892698486	4694.631	134.563	312544.88
1.41751886598491	21.7171626262699	5886.354	224.179	441562.99
1.97887841689727	27.9874576100339	6681.754	296.154	539763.16
2.60203791836967	32.872833701733	6602.759	355.265	596633.8
3.57338714129029	39.053128757497	5295.518	423.328	657170.78
6.74545460363632	59.4735724211421	5715.61	686.986	738457.82
10.5761815390548	72.1596022723182	5616.512	819.911	725592.27
16.8739465008428	86.5248507801194	5801.694	960.76	733962.83
21.942622445902	80.1800358559713	5460.025	926.716	745851.81
32.9411936470451	93.1486654810676	5316.664	1105.914	770187.11
40.643207485434	95.2148838280929	5348.421	1181.485	787470.44
50.1698398641281	98.8861608910713	5207.805	1245.451	808110.57
59.0665327467738	99.8947000842399	5222.965	1256.34	828102.95
66.6392466886027	99.99460000432	5340.364	1315.459	844238.78
73.0129815896147	99.999820000144	5447.329	1303.79	858587.63
78.6775770579384	100.0	5471.21	1317.345	870967.44
