0.000809999352000518	0.0145799883360093	47.082	1.19	327.55
0.00162999869600104	0.0293399765280188	10.642	1.31	723.2
0.00207999833600133	0.037439970048024	13.426	1.409	939.8
0.0034299972560022	0.0617399506080395	20.807	2.27	1355.61
0.00488999608800313	0.0880199295840563	29.658	2.113	1979.95
0.00633999492800406	0.114119908704073	38.6	2.374	2507.81
0.00758999392800486	0.136439890848087	59.142	3.115	2929.4
0.0145099883920093	0.260279791776167	109.498	4.38	5551.12
0.0151199879040097	0.271619782704174	91.452	4.096	6539.75
0.0384699692240246	0.689759448192441	229.347	8.068	14277.28
0.0545599563520349	0.976679218656625	386.211	9.461	21105.6
0.0770199383840493	1.37159890272088	485.528	12.784	31591.9
0.122439902048078	2.17349826120139	727.277	17.422	41157.37
0.167289866168107	2.94335764531388	1061.225	23.052	58483.54
0.246139803088158	4.29209656632275	1422.528	33.017	81496.13
0.362319710144232	6.19793504165197	1972.63	47.124	119506.29
0.526369578904337	8.77823297741362	2704.059	69.791	163670.21
0.888319289344568	14.3234885412092	4396.157	141.39	336230.51
1.07554913956069	16.4739468208425	4438.231	159.241	384318.13
2.00341839726528	25.8850592919526	6050.905	282.924	516722.91
2.16592826725739	30.7976153619077	7693.826	342.014	545225.24
3.82767693785845	41.4908668073066	5458.47	466.225	676324.77
6.79851456118835	59.9921520062784	5522.484	674.417	738665.15
10.1601418718865	68.9811648150682	5467.033	794.899	728909.08
14.3099885520092	71.923082461534	5464.958	841.788	729068.45
22.0868923304861	80.6552354758116	5712.692	955.292	746181.41
34.5109423912461	97.4008020793583	5268.839	1188.186	772919.93
43.5767851385719	99.4483004413596	5213.678	1220.515	792910.65
51.584698732241	99.7197402242078	5188.578	1243.941	810319.05
59.1656326674939	99.9103600717119	5206.658	1279.357	827325.82
65.4680176255859	99.946720042624	5308.087	1285.595	842070.66
73.0662415470068	99.999820000144	5285.417	1303.018	858604.5
78.6591870726503	100.0	5329.672	1320.808	870934.11
