0.000689999448000442	0.0124199900640079	8.399	1.227	244.08
0.00121999902400078	0.0219599824320141	10.597	1.343	474.26
0.00211999830400136	0.0381599694720244	17.11	1.53	924.07
0.00324999740000208	0.0584999532000374	71.405	1.925	1281.23
0.00506999594400324	0.0912599269920584	39.322	2.791	2026.62
0.00643999484800412	0.115919907264074	64.23	2.545	2774.76
0.0105499915600068	0.189539848368121	87.79	3.624	4247.49
0.010899991280007	0.196199843040126	100.023	3.541	4511.45
0.0245199803840157	0.440279647776282	203.958	5.348	9644.42
0.0370999703200237	0.664379468496425	296.102	7.123	14277.28
0.051489958808033	0.92195926243259	429.597	8.778	21619.51
0.076489938808049	1.36223891020887	662.958	12.015	31591.9
0.0880299295760563	1.560778751377	831.906	12.637	34003.74
0.181429854856116	3.20075743939405	1487.648	25.666	58775.73
0.214439828448137	3.73787700969839	1709.192	27.194	75681.32
0.334009732792214	5.71085543131565	2469.65	40.909	115508.35
0.470739623408301	7.87031370374904	3517.425	55.257	152636.21
0.838939328848537	13.5061091951126	5434.99	127.555	315209.34
1.15947907241674	17.6734658612273	6479.421	157.662	389181.03
1.91748846600923	27.1454182836654	8635.171	280.297	517738.68
2.42557805953755	30.8339753328197	8270.402	326.307	574951.03
4.17114666308267	45.1569238744609	7631.212	471.728	687869.38
7.33465413227669	65.5314675748259	8324.674	725.957	740516.38
10.6024115180708	72.3536421170863	6940.978	796.219	725730.93
16.3294569364345	82.7162338270129	6578.422	907.449	732744.8
23.8814908948073	87.0023903980877	6743.928	1023.626	749873.42
31.7512445990043	90.1558078753537	6384.109	1087.21	767673.56
42.242946205643	97.6477618817905	5617.357	1207.33	790686.46
51.1381790894567	99.4731404214877	5547.945	1269.247	809423.65
58.7714729828216	99.8353001317599	5645.78	1299.6	826029.93
66.2931669654664	99.983080013536	5567.725	1312.376	843310.65
73.0377115698307	99.999820000144	5650.725	1372.237	858642.27
78.6756970594424	100.0	5799.52	1393.53	870952.16
