0.000629999496000403	0.0113399909280073	6.252	0.909	319.6
0.0010999991200007	0.0197999841600127	9.245	0.96	442.57
0.0014099988720009	0.0253799796960162	13.216	1.146	656.12
0.012519989984008	0.224459820432144	101.268	2.1	5220.47
0.0174299860560112	0.3130197495842	141.591	2.65	7203.67
0.0340599727520218	0.608579513136389	310.715	4.284	12214.66
0.0495599603520317	0.884519292384566	430.122	6.247	17960.27
0.118919904864076	2.11013831188935	1041.027	14.216	42582.22
0.12565989947208	2.21651822678542	1021.532	13.621	47208.32
0.272409782072174	4.75073619941104	2367.399	28.378	84539.95
0.387989689608248	6.65243467805226	3097.896	42.057	134057.54
0.767849385720491	12.3548301161359	5037.004	114.683	293215.33
0.979869216104627	15.0658079473536	5918.782	134.73	364347.78
1.7262986189611	24.3516405186876	7789.087	252.075	494821.01
3.98750680999455	43.1812454550036	7254.047	443.285	683039.7
24.1866806506555	88.2249494200405	6663.734	980.257	750397.25
30.9788452169238	88.3113493509205	6531.27	1002.654	765908.17
40.687567449946	95.280583775533	5819.43	2238.434	787548.66
56.4241948606441	99.1662406670075	5427.682	2120.89	821990.5
66.3503769196985	99.987760009792	6756.113	2134.272	843932.87
73.0622015502388	99.999820000144	5486.509	2185.462	858715.55
78.6759970592024	100.0	5493.599	2164.256	870950.01
