0.00063999948800041	0.0115199907840074	6.429	1.049	375.17
0.00133999892800086	0.0241199807040154	13.45	1.334	414.83
0.00259999792000166	0.0466199627040298	21.087	1.516	963.39
0.0037499970000024	0.0673199461440431	31.761	2.152	1429.94
0.00397999681600255	0.0716399426880459	43.422	1.857	1398.65
0.00493999604800316	0.0889199288640569	83.157	2.206	1820.34
0.0103199917440066	0.185039851968118	114.299	3.387	3925.74
0.0165199867840106	0.29699976240019	155.31	4.2	6138.96
0.0245999803200157	0.441539646768283	199.259	5.389	9644.42
0.0295499763600189	0.529919576064339	233.732	5.769	11838.65
0.0349999720000224	0.6251394998884	278.432	6.504	13654.9
0.0679199456640435	1.20923903260877	565.17	10.461	27015.73
0.117099906320075	2.07413834068933	1044.423	15.674	44512.85
0.17132986293611	3.01499758800193	1463.61	22.729	58516
0.229069816744147	3.98537681169855	1853.397	28.382	76361.1
0.257109794312165	4.42763645789083	2113.503	31.697	80920.36
0.523669581064335	8.72531301974958	5394.444	59.967	160445.29
0.57838953728837	9.39995248003802	3916.781	66.196	161890.42
0.829559336352531	12.8467697225842	4972.283	123.897	320336.05
1.7217986225611	24.3026805578556	8488.106	252.051	494974.94
2.86865770507384	36.3084909532072	9352.906	380.281	615519.33
4.81387614889908	52.5865979307217	9233.36	543.164	707636.82
6.02388518089186	53.078897536882	6639.296	545.54	733268.37
9.80463215629428	66.5194867844106	7069.934	732.556	731165.57
16.4881068095146	83.7694129844696	6601.229	922.925	732937.72
20.0040639967488	74.4128404697276	6349.389	827.13	741743.17
33.8820128943897	95.6537234770212	5672.05	1091.897	772009.78
43.2698253841397	99.0809207352634	5472.469	1159.679	792311.77
49.2287806169755	98.1722814621748	5409.496	1161.395	806386.01
59.5175723859421	99.962560029952	5530.848	1258.477	828441.55
66.0190471847623	99.975520019584	5594.275	1260.45	843216.84
72.8623117101506	99.99910000072	5620.696	1266.607	858209.05
78.6734570612343	100.0	6096.474	1298.724	870944.54
