0.00060999951200039	0.010979991216007	6.4	1.056	236.12
0.00169999864000109	0.0305999755200196	31.507	1.315	648.23
0.00213999828800137	0.0385199691840247	18.289	1.46	861.11
0.00361999710400232	0.0651599478720417	37.438	1.858	1429.94
0.00413999668800265	0.0745199403840477	33.734	1.866	1398.65
0.00818999344800524	0.147419882064094	64.223	2.991	3183.95
0.00865999307200554	0.1555198755841	69.168	2.789	3599.51
0.0122099902320078	0.21941982446414	104.687	3.435	4350.94
0.0229299816560147	0.412199670240264	208.398	5.037	9905.15
0.0325399739680208	0.581759534592372	384.11	6.784	12502.12
0.0568699545040364	1.01627918697665	507.214	8.871	21105.6
0.0745099403920477	1.32623893900885	621.809	11.897	27552.22
0.0892199286240571	1.58417873265701	863.717	13.178	34003.74
0.182039854368117	3.19967744025805	1631.865	23.161	61463.08
0.209839832128134	3.65507707593834	1712.178	25.99	75856.6
0.369719704224237	6.33257493394005	2876.499	44.172	116270.14
0.564169548664361	9.41651246679003	4728.517	69.534	167839.64
0.663339469328425	10.7225914219269	4338.213	75.348	276100.1
0.910309271752583	14.018028785577	5160.419	131.166	333718.08
2.11543830764935	30.0205559835552	9728.897	317.333	539553.1
2.64129788696169	33.4223732621014	8789.899	340.348	597498.61
3.15014747988202	35.0313919748864	7474.47	349.868	634274.26
7.36919410464472	65.9200872639302	7735.709	696.583	740583.1
9.90167207866234	67.185306251755	6708.493	703.11	730746.04
12.3761500990799	63.8077889537688	6346.863	695.189	724683.45
24.2285106171915	88.4044092764726	6843.3	985.882	750469.79
34.42266246187	97.1453822836942	5549.255	1123.078	772879.39
43.2795153763877	99.0922607261914	5330.346	1160.255	792336.13
51.531818774545	99.6907602473918	5308.315	1217.925	810208.17
59.1810226551819	99.9125200699839	5611.874	1236.165	828303.59
66.1793470565224	99.981280014976	5626.109	1265.865	843617.15
72.7038418369265	99.998020001584	5419.095	1261.167	857717.85
78.6601870718503	100.0	5637.109	1283.126	870990.73
