0.000799999360000512	0.0143999884800092	10.469	1.106	367.24
0.00158999872800102	0.0286199771040183	15.819	1.318	715.32
0.00175999859200113	0.0316799746560203	15.965	1.357	802.04
0.0023399981280015	0.042119966304027	29.818	1.481	1010.56
0.00328999736800211	0.0590399527680378	26.379	1.648	1296.89
0.00572999541600367	0.102959917632066	46.975	2.196	2527.17
0.0112799909760072	0.20267983785613	116.095	3.666	4561.11
0.01559998752001	0.28061977550418	129.819	4.078	6792.65
0.0209399832480134	0.37547969961624	211.393	5.414	8344.98
0.0221899822480142	0.398339681328255	202.595	4.949	8767.92
0.0391599686720251	0.699839440128448	385.238	7.106	15043.74
0.0572399542080366	1.02185918251265	466.224	8.931	23174.98
0.0729399416480467	1.29293896564883	611.732	11.095	28056.91
0.1558298753361	2.74283780572976	1283.966	20.362	56858.58
0.181629854696116	3.16763746589003	1433.187	22.413	62321.27
0.394309684552252	6.74459460432432	3133.162	46.798	124045.24
0.544609564312349	8.85311291750967	3554.24	60.395	170356.46
0.628719497024402	10.5049715960227	4431.088	73.557	184681.84
1.27838897728882	19.5697643441885	7297.394	197.766	412927.09
1.75034859972112	24.7298202161438	7852.465	261.096	494018.36
2.6584478732417	33.6257730993815	8887.674	345.759	598567.49
3.92329686136251	42.5170459863632	7440.76	459.563	681492.05
7.27337418130065	64.7941881646495	8209.248	678.481	740278.27
10.0634719492224	68.2730453815637	6888.329	742.027	729767.49
14.2041986366411	71.4322228542217	9376.485	800.908	728867.9
21.7034726372219	79.4188164649468	6321.896	892.125	745409.85
34.2014426388459	96.5440027647978	5627.58	1123.617	772627.17
43.5507451594039	99.4259804592156	5380.994	1167.128	792709.16
51.7762485790011	99.8119001504799	5425.693	1201.122	810649.4
57.3993440805247	99.4807004154397	5652.632	1212.037	823159.78
66.0443971644823	99.97660001872	5392.399	1265.112	843279.6
72.9889616088307	99.999460000432	5688.668	1283.072	858544.73
78.6775770579384	100.0	5791.946	1308.22	870959.35
