0.000819999344000525	0.0147599881920094	7.655	1.131	347.4
0.00130999895200084	0.0235799811360151	12.153	1.47	569.21
0.00177999857600114	0.0320399743680205	14.256	1.287	857.18
0.00293999764800188	0.0529199576640339	24.873	1.622	1281.23
0.00474999620000304	0.0853199317440546	37.79	2.03	1835.92
0.00564999548000362	0.101699918640065	44.614	2.643	2527.17
0.0103299917360066	0.185039851968118	96.67	3.576	4067.53
0.0157999873600101	0.283859772912182	129.161	4.196	6138.96
0.0191799846560123	0.34379972496022	214.732	4.565	7684.97
0.0315599747520202	0.566279546976362	317.38	6.325	12814.69
0.0452099638320289	0.808919352864518	475.468	8.443	16958.76
0.0508599593120325	0.908819272944582	410.403	8.424	17960.27
0.0903299277360578	1.60361871710503	789.441	14.388	30136.7
0.167179866256107	2.91527766777787	1346.75	21.265	56825.99
0.190359847712122	3.35249731800215	1600.9	24.49	65440.18
0.239909808072154	4.13153669477064	1857.788	29.317	85572.92
0.4682596253923	7.84547372362102	3281.331	53.373	143653.66
0.755249395800483	12.1733902612878	6143.091	119.491	312545.59
1.27539897968082	19.4876844098525	7111.878	199.508	412908.33
1.80327855737715	25.4777196178243	9178.56	269.873	509588.66
3.07167754265797	39.071668742665	10067.278	400.21	618204.99
4.56288634969092	49.6257802993758	8587.801	511.937	698761.78
5.40346567722746	48.1722814621748	6280.941	510.961	723482.15
8.4323632541094	57.9302536557971	7185.408	616.58	739271.45
14.7815181747855	74.1480606815515	7048.095	859.256	729982.09
21.7078226337419	79.4335764531388	6632.259	898.62	745417.23
33.6541330766935	95.0266039787168	5736.119	1101.504	771615.47
43.5731351414919	99.4513604389116	5532.356	1142.82	792772.4
51.7316186147051	99.7926401658879	5431.926	1198.398	810578.15
56.5156047875162	99.2022406382075	5803.507	1210.416	822194.33
65.4187576649939	99.94240004608	5511.036	1240.924	841965.52
72.5713219429424	99.997120002304	5437.298	1274.457	857393.31
78.6728970616823	100.0	5478.164	1277.819	870951.38
