0.00060999951200039	0.0107999913600069	6.269	0.954	224.18
0.00262999789600168	0.0473399621280303	21.244	1.185	1065.54
0.00326999738400209	0.0588599529120377	29.138	1.209	1367.35
0.00488999608800313	0.0880199295840563	88.53	1.537	2038.29
0.0100099919920064	0.179999856000115	86.478	1.961	4067.53
0.0209999832000134	0.377279698176241	169.849	3.686	8307.53
0.0332199734240213	0.59435952451238	285.81	4.386	12310.41
0.0502399598080322	0.898739281008575	455.946	6.47	18187.51
0.173809860952111	3.05945755243396	1510.904	19.558	66718.79
0.225009819992144	3.92579685936251	1939.707	24.436	79529.85
0.310419751664199	5.3175557459554	2482.738	34.968	91493.17
0.619339504528396	10.3510717191426	4841.068	67.193	175344.61
0.849969320024544	13.1252294998164	5191.561	118.598	313409.51
0.857079314336548	13.8331689334649	5963.241	124.319	317445.34
2.11280830975335	29.9874360100512	9762.153	305.918	538351.77
3.16223747021002	40.1950478439617	10831.315	408.103	630750.22
3.39913728069018	37.3728301017359	7777.529	382.637	648743.66
4.97467602025918	44.9758440193248	6108.299	462.627	712235.41
8.36668330665336	57.5659339472528	6209.374	600.434	739474.23
15.0285779771376	75.3995996803203	6604.504	863.639	730432.63
32.2176842258526	91.3168069465544	6236.98	1046.918	768551.82
43.1942654445876	98.9815608147513	5304.974	2089.452	792190.34
50.6144795084164	99.1491406806875	5267.865	2107.961	808190.38
