0.000509999592000326	0.00917999265600588	9.464	0.872	212.24
0.00153999876800099	0.0277199778240177	15.967	0.978	644.28
0.00242999805600156	0.043739965008028	29.391	1.094	998.77
0.00310999751200199	0.0559799552160358	29.158	1.346	1473.04
0.00317999745600204	0.0572399542080366	24.4	1.176	1296.89
0.00560999551200359	0.100979919216065	45.799	1.476	2527.17
0.009369992504006	0.168479865216108	103.793	1.881	3599.51
0.0164599868320105	0.295919763264189	156.488	2.586	6282.73
0.0242499806000155	0.435059651952278	197.836	3.387	9644.42
0.0242699805840155	0.435059651952278	217.779	3.416	9219.66
0.0511399590880327	0.915119267904586	446.854	6.467	20837.64
0.0658699473040422	1.16945906443275	561.425	7.426	27015.73
0.108529913176069	1.92761845790523	958.269	12.315	38996.78
0.179139856688115	3.15359747712202	1451.037	20.019	61960.46
0.238259809392152	4.14791668166666	2102.713	25.237	84546.1
0.261599790720167	4.49117640705887	2002.298	27.342	81517.78
0.435659651472279	7.29611416310867	3211.959	47.54	143419.03
0.764179388656489	12.3150501479599	4844.612	114.629	297806.95
1.00316919746464	15.3782876973698	5735.769	135.785	362300.85
2.05137835889731	29.1061567150746	9173.777	281.94	521983.94
2.50768799384961	31.7435146051883	8590.823	318.339	590429.68
3.72642701885838	40.57178754257	7242.188	410.759	671527.39
5.81398534881172	51.3409989272009	6679.061	535.803	731435.15
11.014781188175	75.7910993671205	6960.007	799.838	722304.49
17.0745063403949	88.1288294969364	6627.384	939.382	734438.29
25.5642195486244	94.5892043286365	5873.091	2232.292	753374.48
31.0919851264119	88.5797291362167	6455.345	999.836	766117.05
43.3709553032358	99.2101606318715	5314.709	2063.25	792634.57
51.8676085059132	99.8525801179359	5337.185	2067.1	811551.62
59.320642543486	99.935380051696	5371.622	2118.367	828438.81
66.6257966993626	99.996040003168	5430.062	2127.652	844303.22
72.6005119195905	99.998380001296	5312.204	2147.125	857673.84
78.6769370584503	100.0	5471.251	2185.209	870961.2
