0.000599999520000384	0.0107999913600069	6.024	1	224.18
0.00147999881600095	0.0266399786880171	15.077	1.531	624.53
0.00257999793600165	0.0464399628480297	24.805	1.53	1065.54
0.00275999779200177	0.0496799602560318	22.419	1.509	1136.19
0.0053199957440034	0.0957599233920613	49.508	2.14	2026.62
0.00739999408000474	0.132839893728085	129.422	2.86	2929.4
0.00794999364000509	0.142919885664091	63.131	2.74	3183.95
0.014069988744009	0.252359798112162	127.184	3.762	5300.34
0.0146699882640094	0.262439790048168	119.058	3.994	5904.14
0.0338699729040217	0.606779514576388	300.001	6.286	14123.74
0.0451399638880289	0.805859355312516	396.515	7.796	16958.76
0.0634399492480406	1.13219909424072	542.614	9.647	24676.81
0.104289916568067	1.85111851910518	935.148	14.283	39180.29
0.148739881008095	2.61683790652967	1247.139	21.148	57380.52
0.208609833112134	3.63869708904233	1644.781	26.565	75856.6
0.382799693760245	6.5617147506282	3479.756	46.935	120764.06
0.429029656776275	7.19765424187661	5388.884	50.003	138519.08
0.559029552776358	9.08513273189381	4431.939	61.817	169503.13
1.17238906208875	17.8979256816595	6502.585	185.624	395849.86
1.565348747721	22.2389822088142	7014.323	214.85	454060.02
2.44163804668956	31.0152351878119	8314.194	328.3	580388.36
4.50933639253089	48.9437608449913	8479.157	515.632	701599.61
6.22268502185198	54.8007761593791	6670.885	582.496	734922.33
7.77621377902898	54.3469965224028	6026.543	597.437	741029.91
16.9356564514748	87.0157103874317	6773.518	968.669	734034.57
22.8256017395186	83.0836135331092	6674.1	949.084	747849.31
34.415702467438	97.1196423042862	5587.696	1136.207	772872.45
43.5381651694679	99.4090604727516	5468.199	1177.843	792676.53
51.6564986748011	99.7571801942558	5432.957	1200.508	811334.69
58.8342729325817	99.8518601185119	5583.831	1231.446	827498.48
65.8714373028502	99.963280029376	6134.629	1240.375	842118.24
72.6188719049025	99.998560001152	7732.392	1277.04	857700.74
78.6670570663543	100.0	5699.358	1302.946	870957.58
