0.000929999256000595	0.0167399866080107	10.398	1.165	319.6
0.00118999904800076	0.0214199828640137	10.522	1.117	632.43
0.00174999860000112	0.0314999748000202	14.281	1.146	691.64
0.00268999784800172	0.048419961264031	20.962	1.53	1124.42
0.0048499961200031	0.0871199303040558	39.124	1.599	2135.45
0.00785999371200503	0.141479886816091	81.213	1.872	3183.95
0.00948999240800607	0.170099863920109	84.482	2.054	3944.91
0.00992999205600635	0.178739857008114	80.388	2.01	3799.17
0.0246199803040158	0.441719646624283	189.893	3.718	9219.66
0.025069979944016	0.450179639856288	233.586	4.085	9644.42
0.0471299622960302	0.841859326512539	393.979	6.185	18187.51
0.0838399329280537	1.49381880494496	695.325	10.205	30849.66
0.123919900864079	2.19905824075341	1105.937	14.519	44972.01
0.138799888960089	2.44565804347357	1200.823	15.526	43945.09
0.267509785992171	4.66109627112298	2300.36	29.075	88161.85
0.409859672112262	7.0336743730605	3206.357	45.18	122508.57
0.607869513704389	10.1559518752385	4307.097	70.685	176827.71
0.636179491056407	10.3116517506786	4400.324	68.215	192426.18
1.20746903402477	18.4301852558518	7383.252	183.339	412208.17
1.33901892878486	19.2279446176443	7608.024	185.224	416951.64
2.93721765022588	37.1913902468878	9633.165	387.105	627501.28
4.8444061244751	52.9485776411379	9488.179	543.478	709130.16
6.70094463924429	59.0813527349178	7026.986	612.62	738305.37
9.77338218129426	66.3056469554824	6565.047	773.919	731304.02
15.0698579441136	75.5939995248004	6625.374	836.021	730527.49
20.248273801381	75.08189993448	6251.957	860.742	742370.98
34.5123223901421	97.4027820777743	5364.786	2161.223	772920.45
39.5716083427133	93.5174851860119	5976.935	2341.933	785333.09
49.6099203120637	98.481521214783	5494.545	2163.027	807337.33
58.9911728070618	99.8776000979199	5330.629	2179.294	827893.99
66.4642568285945	99.992080006336	7914.731	2230.064	844077.72
73.0262715789827	99.999820000144	5420.706	2198.467	858616.92
78.6570670743463	100.0	5528.869	2273.977	870991.71
