0.000819999344000525	0.0147599881920094	7.657	0.918	327.55
0.00161999870400104	0.0291599766720187	26.497	1.02	620.58
0.00207999833600133	0.037439970048024	18.586	1.283	959.46
0.00272999781600175	0.0491399606880314	20.864	1.152	1296.89
0.00300999759200193	0.0541799566560347	35.246	1.198	1281.23
0.032849973720021	0.588059529552376	293.795	4.65	12744.86
0.0814099348720521	1.45205883835293	681.165	9.806	29010.82
0.121589902728078	2.15819827344138	1025.684	13.568	42423.85
0.185649851480119	3.26699738640209	1602.552	20.629	61834.75
0.24943980044816	4.28183657453074	1908.068	27.057	85572.92
0.250919799264161	4.3702165038268	2064.042	27.101	84127.76
0.49976960018432	8.34191332646934	3609.018	52.051	161797.55
0.823659341072527	13.2767893785685	5241.18	120.905	310673.47
1.31866894506484	20.1682638653889	7233.761	199.428	441675.55
3.34963732029014	36.9028504777196	6915.234	384.243	644333.55
7.28693417045266	64.9576280338976	8163.753	666.529	740300.03
16.6681966654427	85.0751319398944	6646.078	925.719	733461.58
20.5612935509652	75.9876592098726	6411.358	843.237	743094.37
51.503138797489	99.6781602574718	5361.43	2081.989	810165.64
59.1723126621499	99.9118000705599	5537.825	2118.885	828295.47
78.6694770644183	100.0	5406.512	2166.403	870958.44
