0.000729999416000467	0.0131399894880084	7.879	1.092	347.4
0.00131999894400084	0.0237599809920152	12.234	1.232	537.58
0.00245999803200157	0.0442799645760283	19.675	1.426	963.39
0.00315999747200202	0.0568799544960364	29.12	1.666	1230.29
0.00433999652800278	0.07811993750405	39.652	1.972	1863.19
0.00761999390400488	0.136799890560088	59.399	2.615	2848.17
0.00914999268000586	0.164519868384105	73.751	2.843	3657.13
0.0154299876560099	0.277019778384177	133.634	3.932	5551.12
0.0167999865600108	0.301499758800193	189.531	4.149	6218.42
0.0373399701280239	0.668519465184428	349.893	7.046	14277.28
0.0455599635520292	0.815399347680522	389.587	8.328	18454.18
0.0528499577200338	0.940319247744602	418.005	8.696	20053.38
0.118839904928076	2.10743831404935	952.886	16.487	41901.11
0.137169890264088	2.41199807040154	1082.257	17.864	43945.09
0.263029789576168	4.58819632944294	2208.548	31.723	89741.53
0.423079661536271	7.25165419867664	3219.804	49.745	132314.07
0.569559544352365	9.5239723808221	4091.827	69.618	167888.25
0.952239238208609	15.3948476841219	6330.837	140.737	344430.51
1.28375897299282	19.6430242855806	7907.158	196.931	416020.17
1.4094488724409	20.1918438465249	6530.363	204.616	445268.82
2.47242802205758	31.3619149104681	8426.772	327.846	588536.23
3.89094688724249	42.175226259819	7439.009	456.449	679568.26
7.06997434402053	62.7025898379281	7648.882	657.263	739318.62
8.5888531289175	58.8534729172217	6416.181	616.903	738788.75
13.2579293936565	67.3422661261871	6365.427	745.943	727006.65
22.4402620477904	81.8054345556524	6563.09	883.657	747108.18
34.8409521272383	98.3506613194709	5546.368	1130.992	773514.79
43.5486451610839	99.3962804829756	5426.78	1176.825	793094.6
50.9831092135126	99.3880004895996	5411.4	1214.286	809094.75
56.9636544290765	99.3637005090396	5594.905	1214.728	823225.88
65.8786872970502	99.963280029376	5587.443	1285.624	842133.44
73.0375215699827	99.999820000144	5601.202	1267.713	858643.13
78.6713270629383	100.0	5536.571	1235.975	870952.82
