0.000839999328000538	0.0151199879040097	8.495	1.281	295.77
0.00130999895200084	0.0235799811360151	14.094	1.197	573.16
0.00182999853600117	0.032759973792021	15.582	1.361	802.04
0.00326999738400209	0.0588599529120377	32.105	1.387	1355.61
0.00854999316000547	0.153539877168098	67.899	1.991	3399.58
0.0163399869280105	0.293579765136188	134.539	2.663	6218.42
0.0570499543600365	1.02149918280065	525.222	7.015	21062.74
0.06249995000004	1.11311910950471	714.153	8.656	24485.96
0.424979660016272	7.28027417578066	3222.397	47.983	132314.07
0.503749597000322	8.42093326325339	3946.263	53.747	164994.62
0.871889302488558	14.072928741657	5816.016	125.779	349030.62
2.06901834478532	26.7006386394891	7370.274	265.052	533828.45
6.16050507159594	54.2800365759707	6889.429	580.697	733921.36
34.8161121471103	98.2891013687189	5356.091	2111.599	773467.16
42.0142463886029	97.3039621568303	5589.934	2193.111	790386.47
59.1611926710459	99.9098200721439	5553.054	2188.891	827303.84
73.0752115398308	99.999820000144	5422.381	2248.114	858722.12
78.6742970605624	100.0	5473.619	2256.705	870975.81
