0.000699999440000448	0.0125999899200081	7.437	0.892	291.79
0.00143999884800092	0.0259199792640166	11.959	0.947	569.21
0.00200999839200129	0.0361799710560232	16.297	1.142	802.04
0.0034299972560022	0.0617399506080395	28.876	1.455	1473.04
0.00431999654400277	0.0777599377920498	47.933	1.298	1863.19
0.00590999527200378	0.106379914896068	47.569	1.429	2507.81
0.00848999320800543	0.152639877888098	69.641	1.707	2998.87
0.00953999236800611	0.17153986276811	81.123	1.872	3799.17
0.0191199847040122	0.34343972524822	151.112	2.929	7684.97
0.0219599824320141	0.394739684208253	191.064	3.485	8767.92
0.0356699714640228	0.637919489664408	319.556	4.711	13654.9
0.0700399439680448	1.2493790004968	621.53	8.085	27695.86
0.101579918736065	1.80269855784115	833.97	11.725	36427.84
0.164079868736105	2.89169768664185	1459.401	18.772	56601.03
0.165219867824106	2.87945769643384	1394.217	18.842	59431.6
0.367069706344235	6.29297496562003	2864.971	40.46	116611.07
0.635099491920406	10.6239515008388	4581.975	69.1	184369.09
0.839329328536537	13.5071891942486	5483.271	124.192	315521.14
1.4126388698889	21.6106027115178	8108.276	204.637	441829.06
1.62336870130504	23.0272015782387	7361.354	214.024	482853.42
2.29732816213747	29.3235965411228	7799.779	286.992	555147.95
4.82537613969909	52.7259178192657	9408.269	539.097	708690.01
5.72804541756367	50.7088394329285	7150.564	524.138	729950.07
7.35329411736471	52.0280583775533	5792.987	544.78	740715.74
14.8757180994255	74.6189403048478	6572.123	809.136	730111.24
23.0065215947827	83.7143330285336	6618.977	944.666	748230.14
33.6283430973255	94.9585640331488	5638.576	2197.203	771587.59
43.0210155831875	98.7284810172152	5270.545	2125.937	791928.06
49.8172101462319	98.6343410925271	5871.595	2101.531	807564.29
59.5681823454541	99.96670002664	5407.354	2104.459	828321.15
66.4475468419625	99.991720006624	5410.476	2114.87	844061.69
73.0604115516708	99.999820000144	5395.984	2146.596	858561.49
78.6724270620583	100.0	5471.364	2163.943	870951.83
