0.00060999951200039	0.010979991216007	5.904	0.915	259.99
0.00125999899200081	0.0226799818560145	10.818	0.962	474.26
0.00257999793600165	0.0464399628480297	20.807	1.348	959.46
0.00353999716800227	0.0637199490240408	28.99	1.249	1281.23
0.00477999617600306	0.085859931312055	38.516	1.376	1979.95
0.00597999521600383	0.107279914176069	60.748	1.596	2088.82
0.00829999336000531	0.149219880624095	75.546	1.696	2998.87
0.0112299910160072	0.201599838720129	117.719	2.121	4247.49
0.0254599796320163	0.456659634672292	225.145	3.809	9748.62
0.0318099745520204	0.569339544528364	292.462	4.484	12814.69
0.051499958800033	0.923039261568591	467.809	6.472	20837.64
0.0727199418240465	1.29581896334483	625.605	8.914	27163.09
0.0801799358560513	1.42307886153691	730.66	9.642	29475.15
0.144229884616092	2.53673797060962	1166.599	16.897	52183.51
0.257079794336165	4.48397641281887	1981.705	28.24	95610.45
0.280359775712179	4.81967614425908	2190.506	29.725	97911.31
0.423189661448271	7.10171431862855	3399.079	44.812	138519.08
0.942119246304603	15.2013478389217	6246.665	133.58	344617.1
1.28748897000882	19.6990042407966	9168.338	194.686	419298.89
1.53433877252898	21.837942529646	6968.331	206.607	447199.21
2.23581821134543	28.6048571161143	7947.101	276.669	554792.74
4.93829604936316	54.1977766417787	9892.395	568.222	708797.94
4.93935604851516	44.7396842082526	5950.269	459.493	710872.67
8.72840301727759	59.6899322480542	7708.008	657.444	738196.77
12.1390502887598	62.9108496713203	6041.984	681.206	724088.88
25.3985896811283	93.691545046764	5925.216	2247.417	753107.34
32.2482642013886	91.3859268912585	6282.065	1050.377	768616.03
38.5919891264087	91.9590464327628	6231.861	1080.563	782794.4
49.5113603909117	98.404661276271	5399.81	2145.821	807072.31
57.6730938615249	99.5833003333597	5276.735	2114.164	825006.35
66.4401868478505	99.988660009072	5400.914	2150.364	843650.78
73.0750015399988	99.999820000144	5591.637	2149.019	858721.97
78.6742570605944	100.0	5479.729	2185.195	870944.17
