0.000819999344000525	0.0147599881920094	6.319	1.118	315.63
0.00113999908800073	0.0205199835840131	3.903	1.218	573.16
0.00163999868800105	0.0295199763840189	4.934	1.293	691.64
0.0023499981200015	0.0422999661600271	6.208	1.736	916.2
0.00534999572000342	0.0961199231040615	24.727	2.164	2135.45
0.00650999479200417	0.117179906256075	34.975	2.592	2774.76
0.00746999402400478	0.134279892576086	15.467	2.488	2929.4
0.0117899905680075	0.211139831088135	34.407	3.228	4931.12
0.0228799816960146	0.410399671680263	45.457	5.411	8610.91
0.0298099761520191	0.533699573040342	78.928	5.701	12439.24
0.0361699710640232	0.646919482464414	76.357	6.741	12214.66
0.0700799439360448	1.2511789990568	160.645	10.294	26372.48
0.0860199311840551	1.52315878147297	183.066	11.975	33624.84
0.135979891216087	2.39345808523353	256.886	18.26	43945.09
0.241149807080154	4.20335663731469	487.763	28.486	84546.1
0.3117897505682	5.34635572291542	585.643	38.253	91493.17
0.423119661504271	7.10315431747655	761.622	48.182	138519.08
0.820529343576525	13.2190094247925	1429.391	125.339	313001.77
1.44958884032893	22.2143222285422	1869.766	217.208	444913.75
2.14565828347337	30.5060155951875	2331.748	317.288	541896.63
3.26193739045009	41.6026467178826	2745.194	433.843	638309.13
4.692246246203	51.1696390642887	2627.039	536.954	700637.21
5.60330551735559	49.7246002203198	1907.284	521.444	726288.33
10.6718914624868	72.9166816666547	2125.198	786.785	725914.8
13.1187295050164	66.7743665805067	1984.508	736.346	726731.67
24.6751702598638	90.2846877722498	2527.646	1036.78	751381.29
34.5331823734541	97.4585820331344	2747.962	1113.554	772952.54
40.7805673755461	95.4278236577411	2753.319	1122.854	787720.3
49.7556601954718	98.5902411278071	2805.021	1173.766	807499.36
56.6913246469403	99.2335606131515	2869.114	1211.429	821541.07
65.594967524026	99.952660037872	2908.563	1255.235	842305.16
73.0758015393588	99.999820000144	2911.632	1289.375	858723.54
78.6766370586903	100.0	2977.875	1297.933	870957.35
