0.000829999336000531	0.0149399880480096	3.254	0.905	319.6
0.0014099988720009	0.0253799796960162	4.342	0.955	648.23
0.0021899982480014	0.0394199684640252	5.771	1.047	1065.54
0.00252999797600162	0.0455399635680291	6.618	1.168	1077.32
0.0051599958720033	0.0928799256960594	11.443	1.397	1913.8
0.00726999418400465	0.130319895744083	19.636	1.733	2952.56
0.00884999292000566	0.158759872992102	18.153	1.693	3630.24
0.0149599880320096	0.268739785008172	72.957	2.206	5551.12
0.0154999876000099	0.277919777664178	29.615	2.363	6539.75
0.0367099706320235	0.658979472816422	98.04	4.622	13570.64
0.0529299576560339	0.945539243568605	100.79	6.151	19583.59
0.0573599541120367	1.02239918208065	149.667	6.433	23174.98
0.0795999363200509	1.41425886859291	158.051	9.493	29475.15
0.182399854080117	3.21101743118605	353.53	20.181	61463.08
0.191739846608123	3.34313732549014	389.687	21.908	68280.19
0.349079720736223	5.97077522337982	660.495	38.519	113048.86
0.386879690496248	6.49727480218016	739.714	41.605	115360.72
0.912689269848584	14.7200282239774	1387.806	130.272	332273.65
1.10661911470471	16.8802064958348	1395.3	145.803	389090.87
1.30080895935283	18.686685050652	1469.516	181.307	406447.12
3.25944739244209	41.5857267314186	2604.664	432.454	638699.96
4.61101631118695	50.2172598261921	2487.023	515.18	697608.78
6.92589445928443	61.2813109749512	3010.557	640.568	739094.91
7.47193402245278	52.6656178675057	3623.806	547.935	740956.72
13.993568805145	70.5117035906371	1983.6	764.359	728441.19
24.1104507116394	87.9185896651283	3230.205	975.902	750285.03
33.3438433249253	94.2092246326203	2644.337	1336.737	771144.85
43.5777051378359	99.4540604367516	2802.783	1447.029	792803.49
50.8129293496565	99.2773005781595	2813.785	1483.258	808661.09
59.312822549742	99.933040053568	2869.296	1494.886	828430.33
66.3296969362425	99.987040010368	2918.046	1539.871	843906.84
72.6491818806545	99.998560001152	2925.811	1589.745	857754.61
78.6744970604023	100.0	2987.589	1590.746	870975.8
