0.000599999520000384	0.0107999913600069	2.947	1.013	295.77
0.0018699985040012	0.0336599730720215	5.223	1.315	648.23
0.00232999813600149	0.0419399664480268	6.763	1.526	1065.54
0.00355999715200228	0.064079948736041	9.369	1.802	1343.87
0.00395999683200253	0.0712799429760456	9.161	1.923	1512.12
0.00679999456000435	0.122219902224078	21.468	2.441	2612.33
0.00816999346400523	0.147059882352094	17.676	2.728	3183.95
0.0142399886080091	0.255779795376164	28.297	3.806	5926.87
0.0247199802240158	0.442979645616284	78.95	5.992	9663.03
0.0320399743680205	0.572939541648367	77.702	5.768	12983.68
0.0320599743520205	0.574739540208368	64.705	5.748	11473.19
0.0501899598480321	0.893879284896572	91.614	8.02	19077.14
0.0774399380480496	1.37375890099288	207.427	12.067	26432.23
0.108309913352069	1.90871847302522	463.089	14.401	40957.86
0.224769820184144	3.92183686253051	501.262	27.817	79267.99
0.383789692968246	6.57107474314021	738.291	46.226	123499.87
0.611129511096391	10.2306518154785	1108.055	71.219	168554.15
0.70325943739245	11.3677109058313	1081.39	81.579	277405.83
1.37581889934488	21.1159631072295	1891.171	205.42	417035.01
1.44912884069693	20.6953034437572	1603.011	206.534	458814.75
2.75331779734576	34.8276321378943	2282.476	347.565	606056.32
3.68870704903436	40.1783078573537	1978.082	411.085	668110.76
5.28687577049938	47.3055821555343	1885.905	488.628	721501.91
11.1427610857911	77.0860183311853	2401.322	837.659	721419.06
13.5892091286327	68.75922499262	1935.531	774.916	727605.06
22.6073619141105	82.3517341186127	2273.874	907.582	747400.27
28.096167523066	81.9184744652204	2287.88	939.919	759641.86
42.9705656235475	98.6640410687671	2828.537	1177.217	791887.04
51.8691785046572	99.8531201175039	2842.601	1218.495	811474.29
58.1110235111812	99.6817602545918	2880.387	1239.066	824685.11
66.6636266690987	99.995320003744	2874.974	1248.82	844349.78
72.8871516902786	99.998920000864	2955.422	1270.163	858160.75
78.6774570580343	100.0	2975.345	1298.447	870960.42
