0.000619999504000397	0.0111599910720071	3.855	1.033	259.99
0.00104999916000067	0.0188999848800121	3.502	0.978	442.57
0.00482999613600309	0.0867599305920555	10.563	1.413	1979.95
0.0068799944960044	0.123659901072079	19.123	1.509	2732.24
0.0114199908640073	0.205019835984131	23.023	2.014	4289.74
0.0213199829440136	0.383219693424245	41.202	3.058	8307.53
0.0291599766720187	0.522539581968334	73.317	3.985	12494.76
0.186239851008119	3.2817573745941	392.374	21.05	65081.76
0.256929794456164	4.47515641987486	508.879	27.298	95610.45
0.415799667360266	6.98471441222847	757.162	46.281	132058.85
3.21496742802606	40.9029872776102	2592.781	405.55	635973.15
7.28638417089266	64.9536680370656	2452.826	667.096	740299.74
16.1935170451864	81.8345945323244	2251.521	891.206	732568.27
21.859832512134	79.9172360662111	2225.423	901.42	745665.63
34.8351321318943	98.3504813196149	2723.522	1403.643	773434.45
43.5766951386439	99.4479404416476	2750.051	1472.802	792917.73
64.9484580412336	99.9058600753119	2958.385	1493.545	841125.71
72.4607320314144	99.996940002448	2927.038	1561.43	857094.89
78.6503770796983	100.0	2943.361	1558.142	870918.57
