0.000799999360000512	0.0143999884800092	3.228	1.128	343.43
0.00236999810400152	0.0426599658720273	7.287	1.247	963.39
0.00330999735200212	0.059399952480038	7.95	1.362	1414.3
0.00767999385600491	0.138059889552088	16.406	1.744	2848.17
0.0104299916560067	0.18773984980812	21.515	2.042	3799.17
0.0240599807520154	0.430919655264276	48.671	3.395	9219.66
0.0595599523520381	1.06217915025668	109.839	7.015	20508.6
0.165939867248106	2.92031766374587	308.767	19.223	58194.4
0.222849821720143	3.87935689651448	438.954	24.494	82584.85
0.578969536824371	9.66707226634219	973.61	64.023	181442.96
0.659269472584422	10.6579714736228	1021.321	70.537	276081.99
0.92190926247259	14.2246686202651	1264.814	128.948	337687.28
3.64897708081834	39.7751081799135	1980.407	404.803	664211.22
5.52442558045954	49.1120607103514	1853.719	525.145	724864.6
7.61480390815687	53.4678772256982	1840.607	584.141	741096.82
43.1952554437956	98.9839008128794	2827.254	1441.292	792191.18
47.0916323266941	96.2353030117576	2840.959	1519.534	801791.46
58.5954531236375	99.8020001583999	2921.042	1564.352	825657.55
66.0027171978262	99.97480002016	2969.782	1624.531	843175.53
