0.000529999576000339	0.00953999236800611	2.58	0.889	212.24
0.00138999888800089	0.025019979984016	4.82	0.964	644.28
0.00166999866400107	0.0300599759520192	4.774	1.001	762.63
0.00329999736000211	0.059399952480038	9.241	1.407	1218.54
0.00471999622400302	0.0847799321760543	14.025	1.327	1937.15
0.0132199894240085	0.237599809920152	25.742	2.21	5220.47
0.0259599792320166	0.465659627472298	78.178	3.37	9748.62
0.0373199701440239	0.669599464320428	71.393	4.691	14277.28
0.186359850912119	3.2839173728661	427.544	21.228	65081.76
0.643839484928412	10.7764113788709	1137.476	69.464	185470.74
0.95281923774461	15.4074476740419	1575.879	137.792	344430.52
1.49438880448896	21.2680629855496	1615.624	201.673	458511.84
24.6175603059518	90.0029879976096	2524.106	1003.462	751238.01
50.8613393109285	99.3097005522396	2825.49	1429.916	808779.3
58.3745033003974	99.7516001987198	2819.348	1465.674	825222.3
66.4310468551625	99.9910000072	2898.085	1530.117	844045.55
78.6770570583544	100.0	2956.56	1561.603	870959.01
