0.000769999384000493	0.0138599889120089	3.402	1.26	347.4
0.00122999901600079	0.0221399822880142	4.051	1.388	624.53
0.00237999809600152	0.0428399657280274	7.132	1.636	959.46
0.00320999743200205	0.057779953776037	7.788	1.796	1414.3
0.00492999605600316	0.0887399290080568	11.753	2.188	1835.92
0.00816999346400523	0.146699882640094	162.132	3.165	3183.95
0.0111699910640071	0.200519839584128	25.235	3.315	4335.64
0.01558998752801	0.279719776224179	41.754	4.332	5896.56
0.0163699869040105	0.292679765856187	32.665	4.052	7203.67
0.0275399779680176	0.493919604864316	56.189	5.936	11391.9
0.048449961240031	0.867599305920555	99.32	8.573	18922.12
0.0488999608800313	0.872099302320558	96.897	8.555	19077.14
0.129199896640083	2.28995816803347	272.966	17.415	45438.01
0.131729894616084	2.32253814196949	257.316	17.127	47741.79
0.270559783552173	4.71635622691502	519.987	35.206	84539.95
0.367259706192235	6.28991496806803	639.579	45.12	116267.25
0.490409607672314	8.18459345232524	809.105	57.017	151602.88
0.575549539560368	9.35513251589399	903.186	66.076	161890.42
1.17863905708875	17.9992656005875	1690.576	187.447	398881.18
1.76742858605713	25.003059997552	2045.285	271.361	499349.65
2.20222823821741	28.202557437954	2419.272	284.426	557336.58
3.81106695114644	41.3339069328745	2004.175	429.946	675727.32
7.16579426736459	63.6747690601848	2297.226	677.914	739947.73
7.41626406698875	52.3572781141775	1725.445	583.189	740845.08
16.6869666504267	85.2077918337665	2387.892	967.496	733513.33
25.025569979544	91.8762464990028	2609.1	1071.935	751971.62
33.4499032400774	94.4873244101405	2709.824	1124.29	771354.52
43.5727451418039	99.4351604518716	2859.233	1225.036	793039.87
51.7908385673291	99.8201801438559	2905.874	1270.452	810697.87
59.5186923850461	99.96310002952	2931.409	1298.591	828441.92
66.5331567734746	99.992440006048	2954.252	1356.268	843818.24
72.9869616104307	99.999640000288	3044.587	1366.982	858538.71
78.6773070581544	100.0	3033.47	1410.324	870966.48
