0.000839999328000538	0.0151199879040097	3.333	1.076	343.43
0.00169999864000109	0.0305999755200196	5.864	1.193	723.2
0.00239999808000154	0.0431999654400276	6.114	1.253	924.07
0.00542999565600348	0.0975599219520624	11.71	1.548	2368.31
0.0110399911680071	0.198359841312127	26.731	2.098	4289.74
0.0363399709280233	0.651059479152417	97.896	5.017	12814.69
0.0492299606160315	0.880919295264564	103.842	6.24	18187.51
0.0759499392400486	1.35215891827287	180.798	9.611	31591.9
0.11006991194407	1.95623843500925	232.95	12.924	40317.44
0.155299875760099	2.73761780990575	315.233	18.553	56858.58
0.255429795656163	4.45085643931485	538.701	27.692	84176.98
1.37603889916888	21.1028231177415	2049.695	203.962	417993.2
15.3996276802979	77.2764581788335	2169.761	861.663	731182.05
29.8198661441071	85.6316914946468	2433.914	1029.152	763544.71
51.0317991745607	99.4146404682876	2875.717	1494.313	809198.78
78.6593970724823	100.0	3123.298	1722.303	870934.59
