0.000829999336000531	0.0149399880480096	3.462	1.285	367.24
0.00142999885600092	0.0257399794080165	4.374	1.422	616.63
0.00151999878400097	0.0273599781120175	4.749	1.426	577.12
0.00271999782400174	0.0489599608320313	7.096	1.7	1144.04
0.00502999597600322	0.0905399275680579	13.265	2.17	2193.71
0.0081299934960052	0.146339882928094	32.021	2.888	3187.81
0.00898999280800575	0.161639870688103	19.455	2.898	3599.51
0.0132299894160085	0.238139809488152	25.91	3.716	5779.01
0.0230199815840147	0.413459669232265	44.892	5.247	8603.43
0.0340199727840218	0.610379511696391	64.307	6.408	14657.13
0.0511899590480328	0.914579268336585	129.277	9.492	18835.77
0.0759399392480486	1.35395891683287	178.941	11.632	27552.22
0.110749911400071	1.96415842867326	215.465	15.333	40341.15
0.167719865824107	2.95307763753789	343.107	22.36	58483.54
0.191709846632123	3.34421732462614	363.14	24.482	68280.19
0.243189805448156	4.17275666179467	491.556	32.838	85572.92
0.440069647944282	7.37441410046872	790.332	51.503	144525.77
0.575729539416369	9.35369251704599	890.295	67.514	161890.42
1.19308904552876	18.2145454283637	1579.453	186.997	408254.76
2.16288826968938	27.7604777916178	1743.306	282.758	554461.43
2.1809482552414	31.0231551814759	2263.571	330.314	547679.6
2.98576761138591	33.4310132551894	1841.922	350.962	617194.89
6.45442483646013	56.8551145159084	1934.253	607.729	737553.16
7.74611380310896	54.1741966606427	1740.063	591.024	741057.86
17.0213563829149	87.7144698284241	2472.8	984.012	734260.01
20.0634739492208	74.5626003499197	2081.692	861.568	741888.29
29.1248867000906	84.0952127238298	2408.673	1007.283	761923.63
39.006888794489	92.6131659094673	2709.893	1127.668	783881.26
50.2708397833282	98.9601408318873	2909.713	1253.319	808337.37
57.786623770701	99.5912203270237	2916.068	1308.622	824015.96
66.5383267693386	99.99280000576	3014.858	1336.014	843828.7
72.7868817704946	99.998560001152	3669.898	1366.819	857957.11
78.6734570612343	100.0	3060.434	1375.049	870944.56
