0.000569999544000365	0.0102599917920066	2.97	1.083	224.18
0.00164999868000106	0.029699976240019	5.027	1.183	671.91
0.00257999793600165	0.0464399628480297	6.817	1.284	963.39
0.00314999748000202	0.0566999546400363	7.738	1.378	1473.04
0.00518999584800332	0.0932399254080597	11.561	1.564	2112.14
0.00742999405600476	0.133739893008086	16.091	1.887	2832.72
0.0241499806800155	0.432899653680277	55.176	3.44	9644.42
0.0548099561520351	0.977219218224625	153.628	6.554	18918.53
0.0673799460960431	1.19987904009677	131.429	8.055	27015.73
0.142329886136091	2.5063179949456	293.016	16.748	52183.51
0.631859494512404	10.5703115437508	1135.902	69.729	184364.01
0.899319280544576	14.5349883720093	1435.385	130.189	328873.05
0.928879256896594	14.3125085499932	1265.894	128.782	343207.89
1.2518789984968	18.0574055540756	1481.107	177.273	412420.76
4.25698659441072	46.1408030873575	2220.036	476.534	692507.51
6.69675464259629	59.0268127785498	2080.075	616.815	738288.3
10.7596513922789	73.6881610494712	2166.534	802.565	725834.63
24.998170001464	91.7563665949067	2601.472	1062.331	751920.74
34.7264422188462	98.0196415842867	2789.235	1393.189	773507.28
51.7691385846891	99.8054201556639	2865.841	1552.777	811506.22
58.6411730870615	99.8144201484639	2946.145	1557.528	827133.96
66.4616968306425	99.992080006336	2968.654	1618.966	844076.49
72.9502416398067	99.999280000576	3027.632	1674.673	858463.72
