0.000559999552000358	0.0100799919360065	2.922	0.969	244.08
0.00115999907200074	0.0208799832960134	3.811	1.164	414.83
0.00163999868800105	0.0295199763840189	5.667	1.25	762.63
0.00339999728000218	0.0611999510400392	14.647	1.715	1218.54
0.00350999719200225	0.0631799494560404	8.811	1.663	1343.87
0.00507999593600325	0.0910799271360583	10.973	2.036	1820.34
0.0105799915360068	0.190259847792122	22.759	2.89	4335.64
0.0117299906160075	0.210599831520135	23.214	3.163	4350.94
0.0213399829280137	0.383219693424245	59.683	4.583	8307.53
0.0289599768320185	0.519299584560332	70.178	6.894	11391.9
0.0549999560000352	0.982799213760629	102.048	8.605	21105.6
0.0684299452560438	1.21913902468878	132.837	10.724	24853.4
0.110709911432071	1.96775842579326	230.589	15.178	40317.44
0.119559904352077	2.10869831304135	244.047	15.184	42997.03
0.28121977502418	4.89095608723513	512.813	32.924	93325.42
0.385169691864246	6.59195472643622	778.448	46.115	133012.94
0.512229590216328	8.53523317181346	1066.11	56.848	153570.57
0.761219391024487	12.2817501745999	1186.158	119.721	305912.93
0.950439239648608	14.6669282664574	1286.323	134.792	354256.33
1.73635861091311	24.5010403991677	1913.087	256.178	494512.71
2.19669824264141	28.153777476978	1922.675	280.174	557227.42
4.62756629794696	50.4118396705283	2362.437	531.902	697738.64
5.63610549111561	49.990820007344	2332.21	533.183	727246.39
8.84536292370966	60.3750116999906	2077.668	680.948	737426.9
14.6944582444334	73.7344210124632	2024.833	810.473	729866.89
25.6941394446884	95.262403790077	2666.974	1084	753590.67
28.3617573105942	82.4674740260208	2314.472	943.691	760201.55
43.1715354627716	98.9498808400953	2766.804	1167.792	792153.44
51.7098986320811	99.7811201751039	2839.716	1219.19	811418.38
57.0452343638125	99.3881804894556	2859.577	1215.692	823424.56
65.612317510146	99.951580038736	2930.931	1259.004	841530.38
72.8437417250066	99.99910000072	3020.277	1257.658	858159.81
78.6517570785943	100.0	2940.783	1296.712	870919.77
