0.000829999336000531	0.0149399880480096	3.433	1.263	327.55
0.00158999872800102	0.0286199771040183	4.741	1.415	620.58
0.00241999806400155	0.0435599651520279	6.616	1.654	1010.56
0.00251999798400161	0.045359963712029	6.508	1.792	924.07
0.00335999731200215	0.0604799516160387	8.188	1.869	1296.89
0.00574999540000368	0.103499917200066	12.382	2.38	2368.31
0.00740999407200474	0.133019893584085	15.183	2.67	2929.4
0.00961999230400616	0.17261986190411	19.717	2.993	4040.72
0.023419981264015	0.42137966289627	46.463	5.372	9540.16
0.0349399720480224	0.626399498880401	68.449	6.353	14123.74
0.0376199699040241	0.672659461872431	74.517	7.709	15043.74
0.0709299432560454	1.26341898926481	155.442	11.28	26758.97
0.115629907496074	2.0379583696333	229.32	16.122	38622.72
0.120969903224077	2.15081827934538	266.469	15.88	40971.38
0.226889818488145	3.95423683661053	448.815	28.314	76361.1
0.372479702016238	6.37397490082008	666.388	44.917	119759
0.544509564392348	8.85509291592567	868.17	64.548	170356.46
0.60921951262439	10.1867318506145	1020.801	73.077	171317.9
1.07351914118469	16.4428068457545	1745.657	150.435	384437.35
1.28129897496082	18.4413452469238	1474.857	190.116	407766.63
2.80061775950579	35.4162316670147	2389.842	389.496	606997.67
4.76196619042705	43.4271252582998	1667.496	461.086	704775.56
4.85945611243511	53.16673746661	2659.283	555.514	708667.18
10.1569618744305	68.9592048326361	2026.572	831.238	728940.6
17.0176563858749	87.6674898660081	2487.385	971.979	734238.78
25.4281496574803	93.8585849131321	2646.217	1068.243	753193.35
31.6378946896842	89.8750080999935	2569.879	1073.289	767365.44
43.5203751836999	99.3527205178236	2850.336	1238.377	793007.78
50.4325196539843	99.0704807436154	2892.474	1236.872	808754.8
58.9344728524217	99.8678801056959	2954.648	1303.818	827738.38
66.6929966456027	99.99640000288	2966.142	1329.32	844513.15
72.9987516009987	99.999640000288	2993.173	1358.766	858561.53
78.6767270586184	100.0	3018.97	1386.435	870958.52
