0.00099999920000064	0.0179999856000115	3.679	1.168	367.24
0.00135999891200087	0.0244799804160157	4.308	1.238	742.92
0.00262999789600168	0.0473399621280303	6.576	1.562	1065.54
0.0026499978800017	0.0476999618400305	6.676	1.575	1022.34
0.004689996248003	0.0842399326080539	10.647	2.487	1843.71
0.00790999367200506	0.142199886240091	16.293	2.547	3183.95
0.0103299917360066	0.185579851536119	21.13	3.039	4228.36
0.0139099888720089	0.24965980027216	30.069	3.595	5300.34
0.0141899886480091	0.255059795952163	54.894	3.945	5551.12
0.0300999759200193	0.538739569008345	62.977	5.507	12494.76
0.0488899608880313	0.872459302032558	91.89	8.899	18821.38
0.0761099391120487	1.35701891438487	149.237	11.449	31591.9
0.103339917328066	1.83545853163317	247.51	14.027	36427.84
0.152059878352097	2.67749785800171	281.217	19.52	52941.14
0.238719809024153	4.15637667489866	444.433	28.574	84546.1
0.323539741168207	5.53157557473954	586.046	41.428	108390.31
0.60881951294439	10.2038318369345	1088.647	71.565	168554.15
0.760059391952486	12.2462902029678	1170.624	119.768	306777.07
1.03027917577666	15.8041673566661	1332.369	143.873	340821.76
2.16277826977738	30.7466754026597	2354.521	307.483	543891.1
2.44959804032157	31.1136951090439	1913.776	328.738	583858.99
4.32201654238677	46.90616247507	2248.583	477.531	696604.98
5.36733570613143	47.9195616643507	1852.489	519.41	722998.92
9.63636229091017	65.3674877060098	1967.575	722.773	731985.94
16.8942964845628	86.6711906630475	2432.131	948.412	733985.07
25.000529999576	91.7633865892907	2596.009	1041.156	751922.57
29.9162460670031	85.859571312343	2395.787	1004.851	763809.8
38.9480588415529	92.5231659814672	2672.537	1102.002	783719.04
51.0580591535527	99.4535204371837	2823.093	1198.888	810086.83
59.5890223287821	99.97120002304	2855.057	1227.184	828611.32
65.0768879384896	99.916480066816	2867.044	1251.056	840363.55
73.0598015521588	99.999820000144	2932.025	1286.202	858555.13
78.6570670743463	100.0	2968.122	1307.725	870991.71
