0.00063999948800041	0.0115199907840074	2.958	1.03	244.08
0.000939999248000602	0.0169199864640108	4.317	1.088	466.34
0.00196999842400126	0.0354599716320227	5.521	1.313	868.98
0.00246999802400158	0.0444599644320285	6.586	1.498	1077.32
0.00412999669600264	0.0743399405280476	9.323	1.882	1683.9
0.00448999640800287	0.0808199353440517	10.622	1.975	1937.15
0.00805999355200516	0.144539884368093	21.904	2.567	3399.58
0.01564998748001	0.280439775648179	35.376	3.758	6539.75
0.0241099807120154	0.432719653824277	51.266	5.185	9644.42
0.0353799716960226	0.633779492976406	75.395	6.672	12814.69
0.0534999572000342	0.95309923752061	109.817	8.603	20053.38
0.0567599545920363	1.01501918798465	105.267	8.636	21062.74
0.0774699380240496	1.37411890070488	146.506	11.073	26432.23
0.14121988702409	2.48597801121759	271.782	19.031	52582.59
0.267139786288171	4.64795628163497	522.494	33.456	87262.63
0.306449754840196	5.25149579880336	527.078	39.366	91493.17
0.627449498040402	10.4885916091267	1151.296	72.419	184407.22
0.808869352904518	13.0298295761363	1215.87	121.269	318444.43
1.23756900994479	18.9228448617241	1765.712	192.372	406047.15
2.05995835203332	29.2096566322747	2364.679	290.766	520922.96
2.60233791812967	32.878233697413	2054.281	334.505	596631.22
4.76680618655505	52.0287783769773	2491.673	543.39	704633.28
5.36330570935543	47.8943616845106	1893.644	517.706	722948.18
10.5633815492948	72.0503423597261	2068.213	781.611	725526.61
16.7609165912667	85.6954114436708	2374.5	953.993	733681.39
25.4875596099523	94.1622446702043	2628.886	1060.469	753299.1
32.3303441357247	91.5891467286826	2591.588	1072.501	768798.51
42.247536201971	97.6547818761745	3458.288	1146.327	790693.04
51.7252686197851	99.7883201693439	2812.455	1200.004	810569
56.3887648889881	99.1178207057434	2838.932	1224.708	820870.37
65.5059475952419	99.948520041184	2951.023	1257.11	842142.88
72.7301818158546	99.998020001584	2928.231	1282.114	857788.73
78.6778670577064	100.0	2936.608	1257.599	870959.55
