0.000769999384000493	0.0138599889120089	3.109	0.899	236.12
0.00157999873600101	0.0284399772480182	4.677	0.975	573.16
0.00242999805600156	0.043739965008028	6.233	1.041	1077.32
0.00315999747200202	0.0568799544960364	7.335	1.145	1281.23
0.0051599958720033	0.0928799256960594	11.708	1.267	2112.14
0.00707999433600453	0.127259898192081	16.034	1.473	2782.49
0.00713999428800457	0.128339897328082	14.894	1.451	2848.17
0.0130099895920083	0.233459813232149	27.02	1.951	5262.31
0.0148999880800095	0.266579786736171	28.931	2.091	5551.12
0.0987299210160632	1.74833860132912	185.356	11.077	35897.18
0.1558798752961	2.74715780227376	305.007	17.761	56858.58
0.191839846528123	3.34907732073814	355.247	22.567	68280.19
0.367979705616235	6.30521495582804	676.068	40.124	116154.51
0.748559401152479	12.0698903440877	1139.02	110.08	308085.37
1.44528884376893	22.1533022773582	1983.315	204.49	443248.89
1.79617856305715	25.3974396820483	1939.762	252.818	509420.19
9.63760228991817	65.3750476999618	2051.057	696.335	731981.23
21.4658928272857	78.6800970559224	2242.854	889.923	745053.72
31.306894954484	89.091108727113	2505.516	1031.788	766520.09
38.5614091508727	91.9086464730828	2619.574	1064.753	782719.11
59.5874023300781	99.97120002304	2839.406	1473.892	828610.3
65.8184073452741	99.965260027792	2891.265	1518.376	842731.82
