0.000839999328000538	0.0151199879040097	3.197	0.939	363.27
0.00169999864000109	0.0305999755200196	4.717	1.021	691.64
0.00188999848800121	0.0340199727840218	5.025	1.033	687.7
0.00198999840800127	0.0358199713440229	5.101	1.048	817.8
0.00442999645600284	0.079739936208051	10.258	1.218	1843.71
0.00457999633600293	0.0824399340480528	10.019	1.259	1820.34
0.0112099910320072	0.201239839008129	29.242	1.888	4228.36
0.0161299870960103	0.289799768160185	32.003	2.453	5926.87
0.0238799808960153	0.428939656848275	53.349	3.183	9163.71
0.0321099743120205	0.574739540208368	105.798	3.989	12814.69
0.0508199593440325	0.908639273088582	94.121	6.095	20837.64
0.0521199583040334	0.927719257824594	94.307	5.95	17960.27
0.12555989955208	2.22695821843343	250.129	13.431	44975.36
0.148699881040095	2.62331790134568	293.687	17.066	57380.52
0.279369776504179	4.86881610494712	541.67	32.084	93325.42
0.337599729920216	5.7797953761637	607.553	37.915	117648.05
0.378739697008242	6.36029491176407	680.935	41.462	115360.72
0.709069432744454	11.4593308325353	1091.639	73.631	290873.22
0.825179339856528	12.7812497750002	1100.295	116.146	321703.39
1.89749848200121	26.8120585503532	2109.675	262.625	511298.93
2.92870765703387	37.0718703425037	2488.764	384.476	627096.01
4.75782619373904	51.9144784684172	2418.861	525.117	703971.16
6.96933442453246	61.6702906637675	2242.083	655.785	739063.92
9.32235254211797	63.2798493761205	1938.676	669.152	733436.26
11.7918905664875	61.5268307785354	1962.212	666.095	723353.76
24.8264001388799	90.9568072345542	2548.732	1021.893	751662.19
34.8209821432143	98.2995413603669	2724.204	1392.157	773457.61
39.7323382141294	93.768944984844	2722.115	1396.734	785705.2
51.8322185342252	99.8324201340639	2781.997	1427.582	811585.37
58.1202535037972	99.6841002527198	2839.732	1474.578	824706.54
66.4348068521545	99.991180007056	2917.623	1555.071	844051.42
73.0027615977907	99.999820000144	2959.513	1539.711	858271.24
78.6758970592823	100.0	2970.476	1673.009	870949.78
