0.000669999464000429	0.0120599903520077	2.809	1.03	291.79
0.001559998752001	0.028079977536018	4.836	1.237	624.53
0.0018699985040012	0.0336599730720215	5.24	1.304	868.98
0.00232999813600149	0.0419399664480268	10.167	1.5	998.77
0.0048499961200031	0.0869399304480556	10.61	2.058	1902.12
0.00746999402400478	0.134099892720086	15.288	2.455	3149.27
0.00909999272000582	0.163259869392104	18.217	2.747	3599.51
0.0158299873360101	0.284759772192182	35.255	3.754	6792.65
0.0207999833600133	0.373319701344239	39.501	4.509	8344.98
0.0267299786160171	0.479699616240307	54.849	5.609	11391.9
0.054709956232035	0.976679218656625	105.23	8.387	20035.46
0.0851599318720545	1.51775878579297	190.245	12.886	30790.62
0.115849907320074	2.05181835854531	213.993	15.936	40341.15
0.139099888720089	2.44925804059357	282.031	19.277	52582.59
0.248209801432159	4.31711654630676	510.673	29.839	84136.99
0.37565969947224	6.43607485114012	646.324	45.818	119759
0.509899592080326	8.53091317526946	839.273	57.577	159671.98
0.554119556704355	9.00215279827776	881.953	61.933	170356.46
1.37131890294488	20.9957232034214	1804.558	204.616	422532.45
2.00425839659328	28.3897572881942	2119.299	276.211	529346.46
2.57034794372165	32.4465940427248	2052.606	330.566	592991.34
4.93960604831516	54.2618565905147	2735.224	581.6	709155.78
5.47743561805151	48.7450410039672	1894.561	525.069	724168.74
7.88542369166105	54.9132760693791	1892.59	588.535	740877.94
13.1593294725364	66.9363664509068	2036.324	757.334	726822.44
20.8315133347893	76.7834385732491	2148.496	866.932	743698.8
34.6973922420862	97.9440416447667	2762.026	1136.978	773379.67
42.150086279931	97.5104219916624	3074.115	1160.966	790578.42
51.3733189013449	99.6070603143517	2847.063	1212.209	809935.08
59.1750226599819	99.9118000705599	2867.648	1232.216	827360.22
66.5442967645626	99.99460000432	2892.29	1251.285	844135.7
73.0712615429908	99.999820000144	2900.436	1281.51	858717.41
78.6667570665943	100.0	2962.467	1283.25	870983.45
