0.00112999909600072	0.020339983728013	4.413	0.955	466.34
0.00228999816800147	0.0412199670240264	5.997	1.056	963.39
0.00777999377600498	0.14003988796809	15.963	1.531	2991.15
0.0112799909760072	0.20285983771213	22.47	1.831	4086.68
0.0125999899200081	0.226619818704145	25.2	1.991	5262.31
0.0557099554320357	0.996119203104638	110.532	6.681	21062.74
0.0813399349280521	1.45025883979293	148.5	9.616	28532.44
0.551049559160353	9.2147326282139	884.203	58.092	163264.18
1.83969852824118	25.9739792208166	1952.859	282.431	508779.88
7.09960432031654	62.9769096184723	2207.289	672.058	739472.63
9.34221252622998	63.4292492566006	1929.464	667.351	733276.43
34.8419521264383	98.351381318895	2730.891	1431.145	773507.89
43.1014055188756	98.8454809236153	2770.015	1493.287	792045.44
51.7035586371531	99.7805801755359	2852.359	1529.438	810538.19
65.7588673929061	99.961480030816	2898.712	1607.339	842618.59
72.9985016011987	99.999820000144	2953.947	1609.555	858264.85
78.6776170579064	100.0	2966.404	1650.355	870959.4
