0.000589999528000378	0.0106199915040068	3.074	1.217	224.18
0.00148999880800095	0.0268199785440172	4.714	1.448	648.23
0.0026499978800017	0.0476999618400305	8.648	1.707	998.77
0.00331999734400212	0.0597599521920382	9.36	1.92	1273.39
0.00510999591200327	0.0917999265600588	11.287	2.239	2139.33
0.00558999552800358	0.100619919504064	11.95	2.324	2368.31
0.0111699910640071	0.201059839152129	24.617	3.426	4687.08
0.0153799876960098	0.276479778816177	31.529	4.009	5896.56
0.0223199821440143	0.401039679168257	45.414	5.253	8307.53
0.0325799739360208	0.584459532432374	61.931	6.305	12310.41
0.0402199678240257	0.71819942544046	105.207	7.854	13970.11
0.0639399488480409	1.13759908992073	131.854	9.715	24485.96
0.112319910144072	1.98773840980927	209.523	15.51	38996.78
0.169799864160109	2.98835760931391	312.387	22.747	58516
0.175269859784112	3.05405755675395	301.952	22.436	56705.38
0.379909696072243	6.50879479296417	846.499	45.411	119823.3
0.502139598288321	8.38799328960537	948.416	57.468	164994.62
0.886339290928567	14.2975685619452	1376.309	137.397	337937.27
1.37526889978488	21.0941831246535	1831.415	211.764	417742.26
2.06157835073732	29.2494366004507	2387.115	287.615	520755.22
2.46519802784158	31.288834968932	2021.968	331.024	587994.16
4.42170646263483	47.9530416375667	2273.724	518.987	700064.02
6.70805463355629	59.1272526981978	2204.827	623.903	738325.99
9.41827246538203	63.9508888392889	2307.834	696.701	732882.81
15.1044479164417	75.7635593891525	2083.058	848.837	730611.26
22.3075821539343	81.3721749022601	2314.726	934.895	746836.93
34.7576321938942	98.1046015163188	2794.144	1181.677	773516.51
43.5643251485399	99.4412804469756	2821.034	1231.844	792741.25
48.381751294599	97.4450820439344	2885.781	1222.724	804685.27
59.5737823409741	99.966880026496	3117.416	1338.098	828359.27
65.1019479184417	99.9173800660959	2953.691	1319.521	841386.33
72.4731420214864	99.997840001728	2984.951	1360.272	857458.26
78.6758570593144	100.0	3105.793	1397.992	870952.79
