0.00101999918400065	0.0183599853120118	3.866	1.106	343.43
0.00129999896000083	0.023399981280015	4.439	1.17	537.58
0.00286999770400184	0.0516599586720331	9.222	1.298	1089.1
0.00350999719200225	0.0631799494560404	8.468	1.381	1343.87
0.00510999591200327	0.0919799264160589	12.347	1.593	2158.75
0.00628999496800403	0.113219909424072	14.079	1.591	2747.7
0.0082799933760053	0.148679881056095	17.386	1.786	3399.58
0.0143099885520092	0.256859794512164	32.387	2.315	5926.87
0.0195899843280125	0.351899718480225	47.46	2.928	8431.33
0.0310799751360199	0.557639553888357	59.735	3.855	12369.31
0.043799964960028	0.783539373168501	91.417	6.264	16976.86
0.0642899485680411	1.14587908329673	121.195	8.259	24485.96
0.113189909448072	2.00555839555328	229.97	12.874	40341.15
0.148299881360095	2.60801791358567	275.871	17.571	57380.52
0.197819841744127	3.44987724009821	401.03	22.263	71489.52
0.290269767784186	4.98149601480319	597.765	32.994	102357.62
0.53139957488034	8.86841290526968	907.028	57.338	166068.35
0.553909556872355	8.99855280115776	912.888	57.691	170356.46
1.19771904182477	18.2901453678837	1705.716	179.758	409695.3
1.561218751025	22.1963222429422	1724.341	215.85	450526.91
2.59758792192966	32.821173743061	2144.472	330.732	596489.56
3.20896743282605	35.5334115732707	1854.39	372.367	640073.38
6.92638445889243	61.2811309750952	2360.259	650.212	739094.5
8.24882340094128	56.9217144626284	1913.985	606.192	739842.41
16.7489766008187	85.6291714966628	2383.618	951.514	733665.78
24.948980040816	91.5171467862826	2571.801	1056.152	751808.99
29.3376565298748	84.5653723477021	2428.517	1016.306	762390.58
42.9692856245715	98.6627810697751	2840.586	1530.32	791886.97
51.531848774521	99.6988602409118	2869.852	1614.249	810995.85
59.315582547534	99.932140054288	2946.552	1661.495	827708.22
66.6912966469627	99.996220003024	2951.815	1677.403	844487.07
73.0581515534788	99.999820000144	3008.858	1748.381	858698.55
78.6596870722503	100.0	3052.992	1736.627	870990.87
