0.00049999960000032	0.00899999280000576	11.779	1.02	224.18
0.00169999864000109	0.0305999755200196	6.314	1.318	671.91
0.00189999848000122	0.0341999726400219	5.278	1.335	707.43
0.00295999763200189	0.0532799573760341	7.267	1.534	1281.23
0.00399999680000256	0.0719999424000461	9.069	1.808	1590.24
0.00777999377600498	0.14003988796809	17.319	2.494	3183.95
0.0115499907600074	0.207539833968133	58.169	3.229	4572.56
0.0162199870240104	0.291239767008186	37.333	3.757	6138.96
0.0216399826880138	0.388799688960249	51.483	5.084	8767.92
0.0221599822720142	0.397799681760255	43.423	5.623	8610.91
0.0349599720320224	0.6251394998884	73.781	6.499	12214.66
0.0753099397520482	1.34405892475286	147.006	11.589	27566.23
0.12496990002408	2.21615822707342	254.921	16.736	44972.01
0.164179868656105	2.89385768491385	339.327	21.041	56601.03
0.267329786136171	4.65641627486698	497.958	32.174	87262.63
0.341569726744219	5.84459532432374	648.483	41.631	109092.14
0.608109513512389	10.1932118454305	1057.529	70.17	168706.09
0.82784933772053	13.3468093225525	1252.753	127.15	309143.05
1.31888894488884	20.1652038678369	1766.816	204.564	441843.94
2.17618825904939	30.9302752557798	2645.319	325.483	548745.47
2.66954786436171	33.7586129931096	2272.609	338.261	600437.94
3.97818681745055	43.0802655357876	2043.967	455.541	683106.34
6.17911505670795	54.4252964597628	1869.974	577.483	734149.29
9.22794261764591	62.7128498297201	1987.938	836.624	734077.25
16.3246869402504	82.6845538523569	3192.458	899.857	732729.29
25.6290594967524	94.9355240515808	2636.65	1065.444	753451.63
30.0527759577792	86.1558510753191	2492.494	998.245	764078.71
38.3771492982806	91.6125467099626	2600.91	1065.338	782254.45
51.8498085201532	99.8488001209599	3018.053	1223.888	811205.58
59.5864923308061	99.969940024048	2863.376	1221.062	828470.89
66.1952070438344	99.981820014544	2942.692	1257.846	843656.48
73.0220415823667	99.999820000144	2932.826	1278.044	858604.15
78.6754670596264	100.0	2956.884	1295.679	870951.19
