0.000849999320000544	0.0152999877600098	3.056	0.975	343.43
0.00141999886400091	0.0255599795520164	4.996	1.008	723.2
0.001569998744001	0.0282599773920181	4.601	1.044	691.64
0.00207999833600133	0.037439970048024	6.231	1.054	817.8
0.004689996248003	0.084419932464054	11.29	1.362	1913.8
0.00647999481600415	0.116639906688075	13.893	1.506	2774.76
0.0113599909120073	0.204299836560131	23.485	2.184	4572.56
0.0168499865200108	0.302579757936194	46.809	2.439	6218.42
0.0235299811760151	0.42245966203227	46.747	3.029	8652.04
0.0314899748080202	0.564839548128361	96.335	4.094	12814.69
0.0338899728880217	0.606239515008388	68.175	4.282	12214.66
0.054619956304035	0.973439221248623	108.557	6.941	22079.61
0.107979913616069	1.91501846798523	221.352	12.21	40205.61
0.181709854632116	3.19733744213005	377.069	20.314	61463.08
0.279909776072179	4.88159609472312	541.342	31.078	93325.42
0.316739746608203	5.42465566027547	594.777	35.544	108390.31
0.455009635992291	7.60697391442087	784.42	48.346	129813.26
0.553839556928354	8.99837280130176	930.804	56.81	170356.46
1.36736890610488	20.9255232595814	1819.145	200.493	425384.24
1.81029855176116	25.5628595497124	2144.365	262.908	509512.38
2.11910830471336	27.2712381830095	1847.487	267.402	546637.42
4.70123623901101	51.2497390002088	2528.97	522.721	700919.61
6.74527460378032	59.4717724225821	2091.708	625.772	738457.57
10.867241306207	74.5840203327837	2172.837	796.756	724453.69
16.2879669696264	82.4215740627407	2308.97	884.237	732626.76
19.6237043010366	73.363981308815	2105.045	822.696	740824.02
34.382242494206	97.0312623749901	2750.003	1437.242	772855.52
37.6969698424241	90.5089675928259	2567.386	1051.072	780785.01
47.9801716158627	97.0926423258861	2786.264	1490.074	803701.77
59.2517025986379	99.9235000611999	2861.153	1580.46	828368.37
66.6108367113306	99.995680003456	2894.56	1661.827	844247.65
73.0763215389428	99.999820000144	2942.289	1627.815	858722.3
78.6658870672903	100.0	3046.558	1657.452	870951.98
