0.000819999344000525	0.0147599881920094	3.698	0.93	295.77
0.00169999864000109	0.0305999755200196	14.129	1.249	648.23
0.00227999817600146	0.0408599673120262	6.008	1.1	931.94
0.00286999770400184	0.0514799588160329	7.445	1.101	1124.42
0.00545999563200349	0.0980999215200628	11.52	1.391	2135.45
0.0064099948720041	0.115199907840074	13.773	1.427	2774.76
0.00730999415200468	0.131579894736084	15.29	1.531	2929.4
0.0163199869440104	0.293579765136188	31.355	2.317	6626.6
0.0239099808720153	0.429299656560275	47.051	3.185	8652.04
0.0262399790080168	0.469799624160301	49.643	3.379	10681.03
0.0464599628320297	0.830339335728531	86.256	5.779	19077.14
0.0511899590480328	0.916199267040586	110.062	5.963	20837.64
0.0791699366640507	1.4025588779529	173.464	9.363	29475.15
0.120939903248077	2.13353829316937	232.356	13.275	42997.03
0.245919803264157	4.28615657107474	457.715	26.629	81496.13
0.290939767248186	4.98545601163519	531.017	32.615	102357.62
0.551639558688353	9.2262526189979	984.927	61.066	163007.45
0.915459267632586	14.7733081813535	1447.307	129.83	325829.04
1.0958691233047	16.7358466113227	2613.353	143.805	383874.89
2.1820382543694	31.0316151747079	2360.638	311.399	547335.46
3.2790473767621	41.8686865050508	2772.921	430.768	637035.47
4.75826619338704	51.9267184586252	2557.761	531.227	704066.23
6.36399490880407	56.0424151660679	1965.382	586.477	737088.19
10.8342413326069	74.2963805628955	2220.437	778.361	724784.17
15.9989272008582	80.6147355082116	2240.129	878.063	732270.71
22.9544216364627	83.5271331782935	2363.581	939.741	748142.62
29.7794261764591	85.5402515677987	2403.551	978.062	763430.51
41.7509365992507	96.926502458798	2771.48	1579.246	789812.19
47.3531921174463	96.4909028072777	2762.404	1460.361	802301.9
59.5090623927501	99.96220003024	2859.34	1568.327	828440.82
66.6434566852347	99.994780004176	2909.91	1571.574	844263.91
73.0112315910147	99.999820000144	2925.107	1608.647	858584.9
78.6647970681623	100.0	2928.78	1641.836	870984.15
