0.000649999480000416	0.0116999906400075	3.218	1.049	236.12
0.00107999913600069	0.0194399844480124	3.949	1.13	466.34
0.00238999808800153	0.0430199655840275	6.54	1.51	959.46
0.0035999971200023	0.0647999481600415	8.291	1.675	1343.87
0.00525999579200337	0.0944999244000605	11.379	2.038	2007.18
0.00788999368800505	0.141839886528091	16.196	2.523	3183.95
0.0102299918160065	0.183959852832118	23.046	2.991	4228.36
0.010919991264007	0.196199843040126	24.985	3.111	4247.49
0.0246599802720158	0.443159645472284	46.904	4.957	9070.43
0.0355999715200228	0.637199490240408	83.446	6.434	12814.69
0.0565399547680362	1.00889919288065	130.915	9.201	21062.74
0.0767899385680492	1.37285890171288	178.452	11.96	30818.42
0.0997899201680639	1.76705858635313	199.948	13.976	39547.65
0.14096988722409	2.48363801308959	296.469	18.653	52183.51
0.260299791760167	4.46579642736286	465.647	30.907	80920.36
0.264669788264169	4.59593632325094	472.338	32.099	87262.63
0.635509491592407	10.6410514871588	1198.073	73.393	184376.71
0.713939428848457	11.5277307778154	1070.388	79.556	290943.3
1.41832886533691	21.7285026171979	1784.449	213.901	441545.99
1.8672785061772	26.4295588563529	1910.902	261.143	507982.12
2.6507678793857	33.5476531618775	2105.394	333.515	597896.69
4.47820641743487	48.5648611481111	2328.197	510.328	701480.48
6.32262494190005	55.6815154547876	2097.774	588.767	736616.12
10.6725814619348	72.9267616585907	2210.01	778.18	725916.36
12.1795902563278	63.0620495503604	1853.501	694.127	724185.86
21.931252454998	80.1425958859233	2244.575	932.867	745826.03
34.1991726406619	96.5387827689738	2739.497	1116.953	772620.34
43.5303351757319	99.3719805024156	2776.976	1179.784	793046.19
51.7200186239851	99.7868801704959	2809.319	1201.661	810560.6
59.5860023311981	99.969580024336	2872.372	1226.292	828454.74
66.4955368035706	99.992260006192	2895.291	1273.315	844101.82
73.0775515379588	99.999820000144	2946.752	1297.391	858723.05
78.6581370734903	100.0	2946.971	1293.012	870991.11
