0.000919999264000589	0.0165599867520106	3.438	1.115	343.43
0.00110999911200071	0.0199799840160128	7.309	1.193	466.34
0.00148999880800095	0.0268199785440172	4.798	1.782	616.63
0.00310999751200199	0.0559799552160358	7.494	1.613	1273.39
0.00375999699200241	0.0676799458560433	8.426	1.661	1695.6
0.00787999369600504	0.141839886528091	45.881	2.679	3183.95
0.0103199917440066	0.185579851536119	22.699	3.03	4228.36
0.0107599913920069	0.193499845200124	24.763	3.155	4690.9
0.0230399815680147	0.413279669376264	64.999	4.971	8958.42
0.0262499790000168	0.470339623728301	70.788	5.762	10681.03
0.034379972496022	0.615059507952394	64.658	6.56	12214.66
0.0517399586080331	0.92159926272059	128.55	8.672	17960.27
0.0994599204320637	1.76021859182513	205.244	14.437	39547.65
0.181009855192116	3.18851744918604	326.325	22.495	60675.15
0.256429794856164	4.46957642433886	478.956	30.714	95221.29
0.35995971203223	6.16751506598795	691.524	43.21	120334.03
0.64020948783241	10.7189914248069	1058.901	74.402	184679.3
0.701979438416449	11.3374709300233	1116.857	77.399	195111.93
1.28288897368882	19.6262842989726	1702.269	197.622	415621.25
1.93320845343324	27.3227181418255	2180.095	274.697	525399.48
3.08966752826598	39.2752485798011	2559.935	411.92	618652.15
4.81538614769108	52.6159379072497	2535.731	552.466	707797.03
5.45527563577949	48.5900611279511	1876.102	514.972	723991.29
9.83153213477429	66.7057866353707	2082.652	722.836	731052.64
12.7020098383921	65.1014479188417	1915.344	745.348	725546.07
24.5282303774157	89.6201283038974	2509.409	1014.28	751067.24
34.8221621422703	98.3071013543189	2722.198	1136.928	773444.21
42.7423158061474	98.360561311551	2763.099	1152.679	791716.6
51.7565185947851	99.8003801596959	2857.206	1213.62	811482.57
58.9295428563657	99.8671601062719	2865.25	1221.941	827724.17
65.7256974194421	99.9595000324	2903.024	1248.865	842555.56
72.6099419120465	99.998380001296	2900.78	1254.754	857685.3
78.6756370594904	100.0	2968.235	1299.141	870951.43
