0.00063999948800041	0.0115199907840074	3.065	1.223	291.79
0.00085999931200055	0.0154799876160099	3.492	1.237	442.57
0.00268999784800172	0.048419961264031	9.176	1.661	959.46
0.00325999739200209	0.0586799530560376	13.667	1.957	1414.3
0.00382999693600245	0.0689399448480441	8.998	2.092	1512.12
0.00479999616000307	0.0863999308800553	10.705	2.218	2038.29
0.00855999315200548	0.154079876736099	17.859	2.878	3399.58
0.0157499874000101	0.282959773632181	31.875	4.208	6138.96
0.0195899843280125	0.351539718768225	39.573	4.676	8431.33
0.0324599740320208	0.581579534736372	74.774	6.231	12310.41
0.0507599593920325	0.908279273376581	102.18	9.53	21619.51
0.0557999553600357	0.995579203536637	115.562	8.954	22079.61
0.115749907400074	2.05235835811331	214.849	16.202	44512.85
0.137829889736088	2.42423806060955	376.566	19.024	43945.09
0.200859839312129	3.49541720366624	399.36	26.162	63669.45
0.366829706536235	6.29063496749203	633.284	44.888	116833.41
0.387199690240248	6.51581478734817	663.055	46.346	115360.72
0.566649546680363	9.2100526319579	888.694	64.059	164374.45
0.969559224352621	14.9014680788255	1357.072	136.846	361968.17
2.06671834662532	29.3320565343548	2269.494	291.16	520204.48
2.99196760642591	37.9439696448243	2411.995	393.696	628962.27
3.92791685766651	42.5762659389872	2153.686	468.61	681873.25
5.42515565987547	48.3623613101109	2011.404	520.961	723751.88
11.1065411147671	76.6696786642571	2155.279	829.459	721474.94
15.9039772768182	80.0894959284033	2241.726	901.68	732075.77
20.1762838589729	74.8801200959039	2101.064	873.783	742184.07
32.785593771525	92.7589657928274	2673.959	1117.643	769783.26
43.1933454453236	98.9803008157593	2823.495	1212.668	792185.66
51.7869085704731	99.8165801467359	2907.949	1274.266	810682.9
56.218415025268	99.0816407346874	2984.465	1279.25	821606.32
66.5415967667226	99.99460000432	2960.89	1340.026	844134.8
73.0175815859347	99.999820000144	3002.146	1343.682	858595.69
78.6746770602583	100.0	3118.022	1377.024	870944.19
