0.00172999861600111	0.0311399750880199	4.77	1.023	687.7
0.00232999813600149	0.0419399664480268	6.304	1.104	924.07
0.00335999731200215	0.0604799516160387	9.058	1.177	1296.89
0.00385999691200247	0.0694799444160445	8.719	1.179	1449.58
0.0068699945040044	0.123659901072079	14.448	1.451	2747.7
0.00709999432000454	0.127799897760082	17.937	1.53	2612.33
0.0155399875680099	0.278819776944178	32.534	2.303	6138.96
0.023419981264015	0.420119663904269	46.877	3.366	8652.04
0.0366399706880235	0.656999474400421	76.672	4.692	13435.03
0.0572499542000366	1.01915918467265	127.196	6.712	22079.61
0.0903299277360578	1.59695872243302	172.441	10.345	30136.7
0.144669884264093	2.55005795995363	280.312	16.511	52183.51
0.247319802144158	4.30379655696275	496.458	28.364	81496.13
0.522639581888334	8.72297302162158	875.011	54.035	157921.64
2.00579839536128	25.9237592609926	1730.531	259.577	517363.2
3.48676721058623	38.2416894066485	1942.578	387.01	653482.12
4.79395616483507	43.6431250854999	1584.347	448.381	705192.05
9.56825234539812	64.9230680615455	3828.272	677.997	732356.43
24.3317805345756	88.8148089481528	2490.27	1006.997	750664.19
34.8371521302783	98.3537213170229	2771.294	1411.173	773457.74
42.5076859938512	98.0205415835667	2794.193	1462.507	791151.32
50.7746093803125	99.2510205991835	2847.448	1498.02	808563.5
56.4065448747641	99.1243007005594	2825.267	1553.121	820910.65
