0.000869999304000557	0.01565998747201	3.299	0.935	367.24
0.00144999884000093	0.0260999791200167	4.278	0.996	742.92
0.00198999840800127	0.0358199713440229	5.379	1.029	707.43
0.00299999760000192	0.0539999568000346	7.359	1.163	1234.21
0.00505999595200324	0.0910799271360583	11.13	1.352	1843.71
0.00663999468800425	0.119339904528076	13.79	1.474	2732.24
0.0106599914720068	0.191879846496123	31.068	1.893	4511.45
0.0145499883600093	0.261899790480168	29.402	2.281	5896.56
0.0174799860160112	0.313919748864201	35.973	2.572	6358.36
0.0315399747680202	0.564299548560361	86.843	3.891	12983.68
0.0374199700640239	0.670499463600429	73.174	5.028	14277.28
0.0806299354960516	1.43819884944092	186.837	9.151	27692.36
0.123699901040079	2.1905982475214	257.178	14.808	45065.78
0.142279886176091	2.5059579952336	302.602	16.505	52431.19
0.214709828232137	3.74003700797039	403.978	24.436	75772.1
0.32817973745621	5.60951551238759	579.378	38.073	107619.94
0.513169589464328	8.55611315510948	924.419	53.261	153570.57
0.598509521192383	9.6832722533822	993.833	63.451	172939.5
0.893229285416572	13.7624289900568	1399.781	123.61	320646.6
1.97854841716127	27.9932176054259	2248.636	271.184	539606.14
2.24093820724943	28.6565170747863	1999.05	277.194	554397.27
3.45657723473821	37.9502696397843	1864.761	384.973	651761.83
6.34355492515606	55.8584553132358	1961.997	584.714	736881.04
7.93098365521308	55.1690558647553	1772.414	587.83	740797.4
11.9181604654716	62.0227303818157	1780.392	670.53	723598.47
24.3586705130636	88.9339688528249	2464.854	990.569	750729.9
33.6391130887095	94.9871840102528	2698.137	1397.159	771597.82
41.8263565389148	97.0386423690861	3598.583	1480.417	789983.24
50.7821793742565	99.2548005961595	2856.105	1490.712	808580.1
57.9789336168531	99.6664602668318	2828.861	1581.941	825684.97
66.6830866535307	99.996940002448	2865.439	1622.553	844616.3
73.0748715401028	99.999820000144	2905.028	1627.524	858721.96
78.6721470622823	100.0	2982.327	1640.614	870952.18
