0.00181999854400116	0.0325799739360208	4.882	1.05	644.28
0.00185999851200119	0.0334799732160214	7.195	1.03	861.11
0.0021799982560014	0.0392399686080251	6.522	1.085	916.2
0.00333999732800214	0.0601199519040385	8.616	1.487	1512.12
0.00512999589600328	0.0923399261280591	11.571	1.4	1820.34
0.00773999380800495	0.139319888544089	23.514	1.588	3399.58
0.0115999907200074	0.208439833248133	35.838	1.984	4931.12
0.0227599817920146	0.409139672688262	47.984	3.124	9540.16
0.0436699650640279	0.7806593754725	81.648	5.315	16839.27
0.0679999456000435	1.21373902900878	140.106	7.524	24853.4
0.0866499306800555	1.53701877038498	165.44	9.909	32412.74
0.250849799320161	4.36373650901079	459.488	28.856	84127.76
0.561119551104359	9.36521250782999	941.773	60.801	167802.93
0.846169323064542	13.6193291045367	1357.878	122.738	317346.33
1.20235903811277	18.3626853098518	1747.884	180.274	410991.33
1.26205899035281	18.1850254519796	1616.815	183.4	410633.73
2.89160768671385	36.6400506879595	2348.14	379.916	621506.14
10.1647318682145	69.0130247895802	2020.566	728.33	728866.49
13.3410093271925	67.7051458358833	1965.357	739.703	727168.84
22.5979519216385	82.3151941478447	2291.633	910.959	747382.68
43.5771651382679	99.4495604403516	2776.239	1502.279	792899.94
49.8954700836239	98.6876210499032	2811.006	1484.394	807653.57
59.5968523225181	99.972460022032	2880.056	1611.325	828651.44
66.6036967170426	99.995680003456	2895.514	1645.563	844229.59
72.8497217202226	99.998740001008	2946.594	1601.113	858135.06
78.6610070711943	100.0	3004.669	1669.437	870935.84
