0.000929999256000595	0.0167399866080107	3.438	1.108	347.4
0.00170999863200109	0.0307799753760197	49.15	1.265	679.81
0.0065599947520042	0.118079905536076	14.485	1.724	2546.53
0.0159699872240102	0.286919770464184	31.06	2.495	6218.42
0.0514099588720329	0.919799264160589	125.033	6.412	21619.51
0.0688499449200441	1.22777901777679	138.361	8.292	24853.4
0.0760199391840486	1.34855892115286	174.461	9.004	26432.23
0.181469854824116	3.19607744313805	378.177	21.129	62057.14
0.270449783640173	4.71059623152301	516.359	29.898	89116.39
0.373529701176239	6.39539488368409	625.49	41.991	119759
0.379729696216243	6.37649489880408	622.801	41.585	115360.72
0.698129441496447	11.2733909812872	1045.731	74.136	188349.72
0.840969327224538	13.0071495942803	1224.022	120.146	316380.95
4.02373678101057	43.5747251402199	2129.604	456.794	682783.71
5.53350557319554	49.1763206589435	2061.752	516.258	725008.32
8.99137280690175	61.2760909791272	1987.989	665.836	736040.4
21.2257430194056	77.9453376437299	2224.435	919.066	744520.66
34.6197223042222	97.6961818430545	2740.299	1606.191	773074.01
51.4454488436409	99.6457602833918	2886.997	1543.256	810077.8
72.8070017543986	99.99910000072	3077.805	1675.832	858071.45
78.6652270678183	100.0	3041.679	1711.072	870944.6
