0.000909999272000582	0.0163799868960105	6.798	1.228	48.28
0.00172999861600111	0.0311399750880199	13.263	1.417	85.63
0.00290999767200186	0.0523799580960335	30.254	1.748	156.44
0.00379999696000243	0.0683999452800438	22.167	1.907	205.37
0.004689996248003	0.0842399326080539	45.297	2.214	227.87
0.00881999294400564	0.158399873280101	79.911	3.175	443.5
0.0129499896400083	0.232199814240149	73.423	3.381	627.74
0.0175799859360113	0.314099748720201	108.107	4.263	886.43
0.0230799815360148	0.412379670096264	133.723	4.717	1032.77
0.0417499666000267	0.745739403408477	300.138	6.82	2124.69
0.0630099495920403	1.11671910662471	427.666	8.912	3181.02
0.0944899244080605	1.66697866641707	573.238	12.565	4731.7
0.116229907016074	2.01833838532929	725.468	13.541	5561.01
0.184239852608118	3.15323747741002	1155.565	19.948	8240.78
0.204299836560131	3.38363729309017	1341.869	21.846	8667.96
0.285489771608183	4.55561635550692	1523.856	28.72	12487.85
0.491309606952314	7.37909409672472	2542.255	47.797	23765.62
0.785719371424503	10.8273513381189	3758.013	76.632	38043.89
1.31129895096084	16.0585071531943	5468.226	118.863	56168.52
2.38568809144953	25.8573393141285	8137.211	215.336	98658.46
3.5903571277143	32.0590543527565	9577.257	298.628	131565.45
5.38123569501144	37.6421098863121	11489.511	448.579	183481.1
8.06917354466116	42.264686188251	12553.123	632.766	250357.96
12.1283702973038	47.9877816097747	13778.556	941.773	309859.37
17.8726757018594	50.071459942832	14546.028	1331.405	377196.52
27.2942081646335	63.1862494510004	18343.402	2046.176	491032.92
37.2590501927598	72.4933220053424	22048.568	2768.041	610632.56
47.2742421806063	83.1611934710452	26593.327	3464.746	734253.29
53.4912572069942	75.8614793108165	23510.816	3798.86	806225.45
66.1216571026743	93.3041853566517	28380.346	4651.831	961631.27
73.9085208731833	95.9176032659174	30654.709	5341.528	1055580.13
83.7966929626456	99.94960004032	40132.391	5909.595	1183244.29
90.557747553802	100.0	32143.21	6446.675	1264730.46
