0.00104999916000067	0.0188999848800121	12.486	1.113	53.81
0.00211999830400136	0.0381599694720244	14.46	1.401	102.18
0.00297999761600191	0.0534599572320342	19.414	1.679	136.95
0.00339999728000218	0.0610199511840391	21.861	1.643	165.34
0.00401999678400257	0.0721799422560462	23.696	1.755	202
0.00919999264000589	0.165599867520106	72.04	2.684	460.88
0.0114199908640073	0.203939836848131	64.412	3.236	520.7
0.0180799855360116	0.323099741520207	135.415	3.961	792.08
0.0244999804000157	0.436319650944279	139.055	4.739	1389.42
0.0333299733360213	0.590219527824378	215.16	5.709	1546.62
0.0338899728880217	0.598499521200383	261.342	5.826	1678.71
0.0948499241200607	1.66733866612907	619.148	11.43	4218.87
0.139279888576089	2.42585805931355	932.022	15.682	6435.24
0.201479838816129	3.4442972445622	1272.628	21.752	9164.66
0.295039763968189	4.90715607427514	1732.811	29.882	13198.86
0.4688496249203	7.56431394854884	2630.357	46.646	20589.05
0.712499430000456	10.874871300103	3751.037	68.492	31458.14
1.05311915750467	14.8534081172735	5116.679	97.552	47523.7
1.59345872523302	20.260963791229	6872.027	147.393	70595
2.12452830037736	22.1954222436622	7153.041	187.905	90145.83
2.78819776944178	23.0556415554868	6504.228	232.083	109655.62
4.98086601530719	32.3931340854927	9190.465	437.657	177069.69
8.07397354082117	42.7226058219153	12468.441	695.058	249574.09
9.60217231826215	32.6714138628689	9425.559	776.271	280739.19
18.0567155546276	52.2233582213134	15039.507	1494.168	379332.16
27.3049081560735	63.3385293291765	19141.031	2293.316	490826.07
36.5191207847034	65.7433274053381	20748.637	3018.746	604374.7
44.9137740689807	69.2884245692603	23369.04	3710.849	704882.84
57.1996242403006	91.7189266248587	30937.517	4835.435	854180.48
66.5454967636026	95.1954438436449	29883.518	5457.657	970877.44
75.1470098823921	98.1301614958708	31812.041	6158.428	1071362.11
83.4844132124694	99.8848000921599	32701.453	6755.421	1179373.62
90.5303075757539	99.999640000288	33641.299	7273.69	1264122.45
