0.000949999240000608	0.0170999863200109	6.578	0.93	51.29
0.00212999829600136	0.0383399693280245	23.177	1.01	102.18
0.00255999795200164	0.0460799631360295	19.357	1.149	115.71
0.00338999728800217	0.0608399513280389	22.3	1.097	205.37
0.00395999683200253	0.0712799429760456	50.575	1.345	207.96
0.00821999342400526	0.147599881920094	46.295	1.711	423.16
0.010929991256007	0.196379842896126	77.11	1.81	583.23
0.0181099855120116	0.324719740224208	141.561	2.441	872.26
0.0272799781760175	0.486899610480312	171.974	3.167	1432.04
0.0322799741760207	0.574379540496368	201.982	4.119	1414.24
0.045329963736029	0.805679355456516	292.292	4.799	2098.25
0.0907699273840581	1.59533872372902	624.619	9.934	4542.03
0.132999893600085	2.30957815233748	780.523	14.683	5794.43
0.177789857768114	3.03065757547394	1101.161	15.952	8285.36
0.316169747064202	5.27975577619538	1812.513	28.641	13811.83
0.432679653856277	6.91325446939642	2422.012	37.438	20301.08
0.6255294995764	9.41795246563803	3324.891	54.61	27010.66
1.06000915199268	14.9462880429696	5176.828	91.43	45380.17
1.49145880683295	18.4955252035798	6993.212	125.386	61738.79
2.39350808519353	25.9210592631526	9200.84	204.676	95213.65
3.57089714328229	31.4990748007402	9452.819	299.775	137700.3
5.38364569308345	37.6430098855921	11326.853	451.912	183205.07
5.53190557447554	26.3154389476488	7547.539	403.461	191286.72
11.1741610606712	38.991748806601	11168.245	858.449	298861.34
18.1689654648276	53.9943768044986	15819.377	1446.685	381872.38
26.9716884226493	59.304192556646	18327.394	2122.423	487471.2
33.3132133494293	55.5106955914435	17180.041	2718.734	563001.35
47.2701521838783	83.0954935236052	25585.198	3769.517	733122.02
56.7129546296363	86.8848504921196	28908.658	4625.17	853208.68
63.8563789148969	86.5714707428234	27730.123	5143.357	942912.5
74.4452604437916	96.7477626017899	30834.335	6651.705	1071111.49
84.1206627034698	99.989560008352	32508.273	9673.517	1185592.56
90.5334875732099	99.999640000288	33210.93	10811.509	1264169.69
