0.000959999232000614	0.0172799861760111	6.925	1.084	57.18
0.0021899982480014	0.0394199684640252	14.388	1.264	101.33
0.00286999770400184	0.0516599586720331	18.451	1.285	139.9
0.00335999731200215	0.0604799516160387	19.509	1.296	164.08
0.00419999664000269	0.0755999395200484	45.547	1.374	187.57
0.00696999442400446	0.12527989977608	39.675	1.624	365.9
0.0123699901040079	0.221939822448142	75.716	2.439	546.35
0.0170699863440109	0.306359754912196	113.229	2.603	757.31
0.0258499793200165	0.462959629632296	156.548	3.456	1163.17
0.0358399713280229	0.637379490096408	211.302	5.076	1863.41
0.0538799568960345	0.955799235360612	375.83	5.953	2787.16
0.0707799433760453	1.24163900668879	487.408	7.349	3142.23
0.092099926320059	1.60181871854503	560.631	9.694	4672.5
0.112409910072072	1.92113846308923	753.013	10.682	5572.08
0.241099807120154	3.99437680449856	1398.994	21.403	10436
0.338289729368216	5.38559569152345	1840.961	29.541	18990.83
0.708389433288453	10.8268113385509	3921.994	62.466	32822.12
1.06376914898468	14.9920080063936	5453.289	92.228	48533.53
1.58601873118502	19.9630640295488	6779.747	137.296	67235.63
2.24604820316144	23.7630409895672	7466.771	183.602	89664.43
2.80391775686579	23.1758814592948	6446.27	222.948	109493.33
4.17775665779467	26.3472989221609	7578.804	316.271	155684.16
8.04913356069315	41.8139665488268	12133.378	595.611	252457.4
12.1029003176797	47.4828820136944	13713.994	881.088	306316.45
17.3263361389311	45.9379432496454	12985.994	1183.544	373137.16
26.2700389839688	54.3361965310428	15877.639	1782.252	478121.76
36.6109707112234	66.3537069170345	19608.042	2539.11	605171.68
47.2631321894943	82.9570736343411	24853.99	3366.397	732920.92
56.9477944417644	88.8513489189209	28541.96	4029.08	850282.02
66.3690969047225	94.4797644161885	29713.499	5049.077	964026.82
74.8818600945119	97.5543419565264	31861.135	6630.126	1076453.28
83.5977831217735	99.915220067824	37886.076	8750.892	1177442.84
90.578417537266	100.0	32521.382	9886.797	1264769.74
