0.00049999960000032	0.00899999280000576	8.259	0.893	34.74
0.00194999844000125	0.0350999719200225	11.832	1.051	101.33
0.003129997496002	0.0563399549280361	22.122	1.145	146.27
0.00422999661600271	0.0759599392320486	46.759	1.254	191
0.00600999519200385	0.107999913600069	35.119	1.768	308.9
0.00819999344000525	0.147239882208094	70.145	1.607	412.52
0.0120299903760077	0.215639827488138	77.769	1.94	639.23
0.0125999899200081	0.225899819280145	78.494	2.073	637.07
0.0210999831200135	0.378359697312242	121.82	3.255	944.98
0.0415699667440266	0.739259408592473	243.262	4.544	1845.19
0.0627699497840402	1.11185911051271	439.865	6.409	2960.43
0.0938999248800601	1.65293867764906	590.372	9.225	4173.68
0.116919906464075	2.0303983756813	678.469	12.22	5561.01
0.209149832680134	3.5926171259063	1281.089	18.954	9384.24
0.316559746752203	5.29415576467539	1919.13	29.212	15614.95
0.410809671352263	6.5564947548042	2312.083	36.45	20370.06
0.434739652208278	6.5698147441482	2308.169	38.245	18549.39
0.996779202576638	13.9433288453369	5174.917	85.737	41389.64
1.59394872484102	20.0892439286049	7146.764	133.994	69070.63
2.07702833837733	21.6179827056138	6749.092	170.007	87015.14
3.5911871270503	32.0687743449805	9634.487	284.282	135326.78
5.38121569502744	37.5854099316721	11263.177	402.091	184267.07
6.36240491007607	29.5709163432669	8207.811	438.892	214600.11
12.0585203531837	46.5346427722858	13178.663	861.939	309900.85
18.1082855133716	52.9062776749779	16083.323	1293.492	380833.1
27.0954883236093	60.5501515598787	17740.402	1888.749	489959.67
37.2115602307518	71.81256254995	21440.655	2580.011	610527.14
46.6936126451099	76.8439185248652	23427.299	3186.811	723430.36
56.6830546535563	86.6609306712555	26369.207	4010.897	853074.66
65.1696978642417	89.8309081352735	28941.182	4540.262	958051
75.7258594193125	99.1790206567835	31423.063	7888.612	1077902.35
83.8337929329657	99.956620034704	31490.476	8722.627	1182061.47
90.5505475595619	99.999640000288	32005.29	10025.96	1264488.07
