0.000929999256000595	0.0167399866080107	6.694	1.291	54.23
0.00181999854400116	0.032759973792021	11.668	1.409	86.06
0.00259999792000166	0.04679996256003	17.324	1.656	139.47
0.00261999790400168	0.0471599622720302	63.997	1.671	113.19
0.00594999524000381	0.107099914320069	40.548	2.369	276.66
0.00653999476800419	0.117539905968075	41.084	2.487	378.59
0.0129299896560083	0.232199814240149	73.8	3.404	627.74
0.0175899859280113	0.314819748144201	121.89	4.175	886.43
0.0272899781680175	0.488159609472312	175.063	6.083	1231.45
0.0320999743200205	0.572579541936366	190.474	5.828	1414.24
0.0564899548080362	0.994319204544636	362.289	8.223	2520.46
0.0635599491520407	1.12679909856072	461.408	8.735	3203.52
0.126319898944081	2.1916782466574	742.97	15.554	6920.26
0.208669833064134	3.58019713584229	1267.885	22.219	9897.15
0.29623976300819	4.92245606203515	1722.887	30.543	12834.19
0.407329674136261	6.49025480779615	2398.146	41.337	20370.06
0.467479626016299	7.0316943746445	2447.061	50.19	22651.82
1.06717914625668	15.0406079675136	5442.712	107.417	45337.8
1.2489790008168	15.2332078134337	5071.117	113.176	51555.2
2.28121817502546	24.2890005687995	7687.861	202.258	91265.75
3.34810732151414	28.5454571636343	9024.369	283.358	129339.81
3.80923695261044	24.2450806039355	6970.737	299.31	144846.9
8.04336356530915	41.7191066247147	11612.693	636.359	252640.32
12.1167503065998	47.9150616679507	14003.721	924.913	308667.74
17.245416203667	45.4740836207331	13261.276	1262.334	372129.44
27.3158581473135	63.6661290670967	19040.437	2055.045	491114.95
37.3098601521119	73.6338010929591	28249.608	2775.499	613997.36
47.2630821895342	82.9396136483091	25466.49	3508.541	733068.43
54.8150661479471	78.9729568216345	24449.133	3902.71	824264.02
66.8941664846668	97.5147419882064	29905.726	4800.593	971428.18
75.4552396358083	98.6185011051991	30758.136	5327.421	1082080.82
83.2743333805333	99.8360201311839	31356.413	5797.566	1173342.22
90.598267521386	99.999820000144	32368.603	6402.798	1264835.32
