0.000919999264000589	0.0165599867520106	6.466	1.134	57.18
0.00111999910400072	0.0201599838720129	9.375	1.131	60.19
0.00240999807200154	0.0433799652960278	15.197	1.506	113.19
0.00325999739200209	0.0586799530560376	21.767	1.828	141.58
0.00427999657600274	0.0766799386560491	26.731	1.933	207.96
0.00732999413600469	0.131579894736084	49.451	2.456	353.41
0.00887999289600568	0.159299872560102	50.273	2.66	461.3
0.0138999888800089	0.248579801136159	106.894	3.608	789.55
0.0179999856000115	0.320579743536205	114.626	4.475	757.73
0.0396399682880254	0.704519436384451	298.918	6.416	1739.78
0.0511999590400328	0.899639280288576	289.478	7.404	2499.29
0.0518899584880332	0.917999265600588	298.331	7.484	2501.82
0.14003988796809	2.44007804793756	893.723	15.886	6299.81
0.210839831328135	3.60719711424231	1349.727	22.33	9897.15
0.230529815576148	3.82481694014645	1304.66	23.098	12787.47
0.342899725680219	5.4737956209635	1939.463	32.468	18990.83
0.550449559640352	8.23823340941327	3126.594	54.69	23009.09
1.00586919530464	14.071488742809	4994.392	94.864	44228
1.48966880826495	18.4681652254678	6221.336	133.813	62117.61
2.3420881263295	25.1812598549921	7979.204	234.185	99664.64
3.5874271300583	32.0356543714765	9381.949	303.981	132789.86
5.38515569187545	37.6098899120881	11066.602	434.378	182307.7
7.74876380098896	38.2551893958485	10709.922	598.385	244067.9
10.6024315180548	36.2048110361512	10289.043	764.853	290110.97
18.1842754525796	54.3457365234108	15857.701	1348.533	381892.76
27.3087681529855	63.5298691761047	19528.165	2003.541	490718.76
37.2430702055438	72.2964021628783	22018.203	2689.774	611010.43
47.2767521785983	83.2027734377812	25597.249	3402.592	734054.42
53.5332071734343	75.9539992368006	23535.294	3728.234	806668.34
65.7883773692981	91.8735465011628	30619.67	4681.722	965004.48
75.7405894075285	99.2058406353275	31601.875	5414.728	1078226.32
83.2979033616773	99.8414201268639	40551.45	5875.071	1173626.21
90.5538375569299	100.0	31579.52	6265.111	1264724.16
