0.000829999336000531	0.0149399880480096	5.933	0.938	46.59
0.00125999899200081	0.0226799818560145	9.471	0.974	60.19
0.00248999800800159	0.0448199641440287	17.601	1.074	129.31
0.00400999679200257	0.0721799422560462	24.513	1.159	186.3
0.0042199966240027	0.0757799393760485	24.788	1.233	253.74
0.0092199926240059	0.165779867376106	53.306	2.024	430.32
0.0128599897120082	0.230759815392148	89.172	2.062	662.09
0.0188899848880121	0.339299728560217	115.462	2.397	911.05
0.0252299798160161	0.450899639280289	186.066	3.057	1248.2
0.0389699688240249	0.694439444448444	241.014	4.187	1739.78
0.0566699546640363	1.00385919691264	361.221	5.68	2488.2
0.0792599365920507	1.38797888961689	519.035	7.529	4148.22
0.125869899304081	2.1841182527054	707.637	11.274	5531.33
0.20243983804813	3.46553722757022	1230.26	18.187	9140.02
0.282899773680181	4.70717623425901	1663.943	26.19	14810.86
0.458009633592293	7.36127411098071	2564.489	40.314	21931.01
0.709119432704454	10.8385113291909	3769.068	61.291	30446.03
0.881919294464564	11.0541511566791	3839	71.349	39965.57
0.992939205648635	13.7903289677368	4714.753	91.248	42970
2.29767816185747	24.5464003628797	7565.795	192.043	91219.9
3.5894771284183	32.0561743550605	9431.864	302.138	131594.32
4.694016244787	29.8848360921311	8310.149	367.884	172434.95
7.75179379856496	38.2841693726645	10791.356	621.023	244196.44
11.5087507929994	41.1179071056743	11787.666	886.026	302913.17
18.1679254656596	53.8732369014105	15763.924	1455.728	381880.63
24.7030902375278	48.7058010353592	14669.275	1909.249	462674.77
36.3722909021673	64.9165880667295	19454.488	2879.718	602341.05
46.0258631793095	73.1519414784468	22843.238	3629.946	716025.57
54.4223464621228	77.9653176277459	24917.796	4292.494	817623.53
65.0469879624096	89.5747683401853	28539.963	5132.412	950071.01
76.0235291811767	99.6571002743198	31556.929	8746.728	1086214.02
84.0950027239978	99.987760009792	32957.048	9591.773	1186822.42
90.56198755041	99.999820000144	33079.229	10932.798	1264615.75
