0.000789999368000506	0.0142199886240091	5.771	0.873	44.07
0.00226999818400145	0.040679967456026	16.023	1.185	96.22
0.00339999728000218	0.0611999510400392	20.67	1.36	157.28
0.00384999692000246	0.0689399448480441	23.667	1.131	210.07
0.00542999565600348	0.0977399218080626	31.192	1.287	263.06
0.00586999530400376	0.105479915616068	39.202	1.336	247.78
0.0121799902560078	0.21833982532814	68.516	1.857	564.16
0.0182899853680117	0.327059738352209	115.772	2.552	757.73
0.0197499842000126	0.354419716464227	153.095	2.578	851.87
0.0246199803040158	0.43829964936028	143.035	2.994	1132.17
0.042229966216027	0.747539401968478	234.524	4.37	2098.25
0.0720899423280461	1.2545989963208	403.776	7.803	3090.46
0.0814399348480521	1.43189885448092	512.104	8.362	4148.22
0.211799830560136	3.62195710243432	1276.103	19.728	9384.24
0.302679757856194	5.05349595720323	1741.975	26.904	13912.15
0.324739740208208	5.17229586216331	1946.444	29.24	15431.86
0.665469467624426	10.0661319470944	3525.07	60.135	28567.48
1.06530914775268	15.0654479476416	5357.204	91.33	44495.7
1.59956872034502	20.299663760269	7112.308	135.078	66401.02
2.39386808490553	25.9296992562406	8449.567	207.667	95292.57
3.5907171274263	32.0694943444045	9535.768	315.435	135058.58
5.28858576913138	35.952271238183	10283.328	420.647	188292.51
6.30048495961203	29.3126165499068	8336.13	496.571	213784.18
11.0847711321831	38.4936892050486	11324.391	846.461	297015.17
18.1025755179396	52.8373377301298	15924.651	1448.361	380856.8
25.2295598163521	50.2233798212961	15217.182	1967.648	468141.41
37.3088201529439	73.6258810992951	22504.467	3035.944	615258.41
47.2874021700783	83.1394134884692	25634.094	3791.495	734597.46
56.3937948849641	84.9583120333504	27322.421	4521.133	843057.94
65.8401373278901	92.148586281131	29086.427	5569.84	956992.91
75.9681492254806	99.5825803339357	31764.058	8987.456	1085317.97
83.3383733293013	99.8518601185119	32806.422	9272.943	1174133.68
90.559227552618	100.0	33112.093	10682.411	1264734.51
