0.000629999496000403	0.0113399909280073	5.067	1.162	40.22
0.00125999899200081	0.0226799818560145	8.66	1.411	60.61
0.0029699976240019	0.0532799573760341	18.627	1.741	150.06
0.00426999658400273	0.0766799386560491	25.246	2.202	210.07
0.00545999563200349	0.0979199216640627	36.085	2.461	247.78
0.00553999556800355	0.0995399203680637	39.014	2.265	254.58
0.0103199917440066	0.184859852112118	84.2	3.059	442.23
0.0150399879680096	0.269099784720172	104.954	4.443	642.6
0.0225599819520144	0.403379677296258	151.18	4.764	1032.77
0.0414499668400265	0.737459410032472	256.709	7.647	1885.91
0.0545999563200349	0.967319226144619	338.024	8.433	2787.16
0.0723999420800463	1.27007898393681	472.426	9.626	3142.23
0.132589893928085	2.30795815363348	811.856	15.761	6464.29
0.210709831432135	3.61565710747431	1483.12	24.35	9380.82
0.315109747912202	5.25869579304337	2118.375	34.176	13890.45
0.45354963716029	7.28801416958866	2615.715	43.536	19696.77
0.711639430688455	10.890891287287	3793.595	72.106	34110.77
1.04122916701667	14.6323682941054	5327.79	101.856	48262.2
1.53712877029698	19.2826645738683	6483.939	136.595	62623.59
2.36325810939351	25.4454996436003	8043.856	209.415	101072.6
3.51657718673825	22.7543217965426	6560.732	268.558	137457.31
3.57404714076229	31.5426347658922	9872.262	297.318	137412.11
6.52965477627618	30.3260157391874	8569.643	474.256	218332.29
10.7530313975749	36.8679305056556	10462.794	773.966	291265.73
17.9576656338675	51.0069191944646	15058.443	1336.046	377851.38
23.414461268431	45.6398634881092	14128.007	1680.932	446258.79
37.2470902023278	72.3648021081583	21866.686	2714.897	611080.09
47.2848121721503	83.2362534109973	25028.295	3489.795	733537.22
55.6570554743556	81.6184147052682	26639.845	3966.708	832810.33
65.9198272641382	92.3743061005551	31328.19	4697.426	966374.57
74.2893105685515	96.5884627292298	30517.174	5268.575	1061350.77
84.1185727051418	99.989920008064	33026.377	5966.939	1185593.52
90.590907527274	99.999820000144	31703.079	6224.91	1264857.48
