0.000849999320000544	0.0152999877600098	6.562	0.872	46.59
0.00191999846400123	0.0345599723520221	13.29	1.044	98.33
0.0028199977440018	0.0507599593920325	16.008	1.053	139.47
0.00365999707200234	0.0658799472960422	24.956	1.151	199.48
0.00578999536800371	0.104219916624067	33.732	1.355	285.98
0.00846999322400542	0.151739878608097	95.536	1.658	464.25
0.0134999892000086	0.242459806032155	81.067	1.916	592.13
0.018749985000012	0.336959730432216	115.394	2.664	977.22
0.0268599785120172	0.478619617104306	216.412	3.351	1299.53
0.0387199690240248	0.688679449056441	219.989	4.136	1846.45
0.0536299570960343	0.947879241696607	292.443	5.525	2787.16
0.0892299286160571	1.566898746481	565.491	8.671	3877.27
0.135519891584087	2.36033811172951	839.356	12.541	6140.4
0.20358983712813	3.48281721374623	1290.553	19.328	9681.34
0.3121997502402	5.22539581968334	1881.172	28.156	14793
0.411689670648264	6.57899473680421	2313.985	36.408	20370.06
0.695579443536445	10.5906515274788	3991.505	60.358	34454.33
0.819189344648524	11.2363110109512	3879.687	75.662	33902.69
1.557108754313	19.5816443346845	8477.417	133.157	68177.2
1.72858861712911	17.8639057088754	5553.375	137.332	78721.36
3.15325747739402	26.4383788492969	7603.036	249.248	126912.72
3.55172715861827	22.9188416649267	6609.857	290.013	138247.33
8.06081355134916	42.143006285595	12323.184	651.313	250916.35
11.8350105319916	43.8648849080921	12700.487	925.609	305865.11
18.2120554303557	54.5188963848829	16861.73	1440.027	382902.47
27.0906483274813	60.5112715909827	18022.591	2174.964	489982.99
37.2616701906638	72.5201419838864	22117.489	3016.661	610551.12
47.2841321726943	83.2337334130133	26372.806	3802.095	733507.12
55.2565257947794	80.2855157715874	25356.946	4439.113	829090.85
65.0806479354817	89.5794483364413	28458.458	5255.279	956870.26
75.4300296559763	98.5769211384631	31240.623	7734.36	1081729.29
83.3331733334613	99.8500601199519	32803.558	9425.271	1174064
90.598617521106	99.999820000144	32724.883	10646.656	1264835.92
