0.00125999899200081	0.0226799818560145	9.078	1.111	54.66
0.00213999828800137	0.0385199691840247	14.633	1.196	96.22
0.00226999818400145	0.040679967456026	13.736	1.358	113.19
0.00289999768000186	0.0521999582400334	48.362	1.347	157.28
0.00411999670400264	0.0741599406720475	25.078	1.364	207.96
0.00909999272000582	0.163259869392104	64.482	1.822	418.05
0.0130399895680083	0.233279813376149	78.059	2.113	586.18
0.0183899852880118	0.32867973705621	118.733	2.644	757.73
0.0194599844320125	0.349199720640223	110	2.771	863.78
0.0409399672480262	0.731339414928468	244.324	4.67	1980.72
0.0616799506560395	1.0924191260647	380.046	6.384	3203.1
0.07815993747205	1.37177890257688	489.633	8.302	3722.18
0.135909891272087	2.36483810812951	803.682	13.168	5992.06
0.20331983734413	3.48263721389023	1185.955	19.356	8921.51
0.247529801976158	4.08797672961862	1443.219	22.375	10436
0.454259636592291	7.30439415648467	2573.875	40.695	19696.77
0.465139627888298	6.98867440906047	2432.449	39.943	21717.75
0.899069280744575	12.4106300714959	4299.347	76.306	41286.45
1.22023902380878	14.8625881099295	5030.079	100.31	50124.88
2.39184808652153	26.0740591407527	8223.673	196.934	91836.44
3.04597756321795	25.3479397216482	7351.943	238.662	119970.31
5.33706573034742	36.4620308303753	10345.507	415.676	191302.36
6.68090465527628	31.0715751427399	8825.233	468.156	222695.1
11.6327906937674	42.0542663565869	11752.424	807.007	304616.41
18.2068754344997	54.5275363779709	15742.73	1297.822	382321.99
27.3120781503375	63.5669491464407	18789.095	2033.188	489649.26
36.4902008078394	65.573947540842	19571.905	2528.316	603988.56
44.1032747173802	67.245966203227	20540.889	2944.011	694683.47
57.2020942383246	91.7146066283147	28020.869	4464.053	853965.61
64.3339785328172	87.7292298166161	27598.061	4636.649	940209.22
76.0354091716727	99.6850002519998	31171.457	8103.856	1086237.84
83.0742235406212	99.7796801762559	31119.633	8619.469	1170969.11
90.569797544162	100.0	32463.006	9910.13	1264748.68
