0.000789999368000506	0.0142199886240091	5.595	0.924	51.71
0.00210999831200135	0.0379799696160243	13.923	1.023	91.53
0.00229999816000147	0.0413999668800265	16.951	1.112	112.34
0.00268999784800172	0.048419961264031	18.152	1.065	141.58
0.00508999592800326	0.0914399268480585	27.573	1.291	246.1
0.00535999571200343	0.0964799228160617	57.67	1.5	308.9
0.0100099919920064	0.179999856000115	87.34	1.688	442.23
0.0167899865680107	0.299699760240192	136.09	2.264	757.73
0.0190499847600122	0.340019727984218	111.411	2.556	929.7
0.0419999664000269	0.748799400960479	242.65	5.139	1892.71
0.0610299511760391	1.08089913528069	439.704	6.985	2734.91
0.0900499279600576	1.58687873049702	618.611	8.625	4007.17
0.14036988770409	2.44925804059357	817.218	13.626	6581.89
0.197389842088126	3.36761730590616	1234.378	18.201	8627.6
0.26516978786417	4.39325648539481	1549.762	23.766	12328.69
0.299489760408192	4.78187617449906	1725.413	27.943	12487.85
0.704999436000451	10.7485114011909	4285.348	62.93	32725.08
0.861139311088551	11.8740505007596	4405.106	77.506	37185.23
1.16460906831275	14.2163886268891	4774.132	97.769	57036.35
2.39223808620953	26.0974591220327	8718.059	200.576	92722.63
3.57586713930629	31.5824147340682	9698.18	278.858	136689.81
5.20340583727533	34.9118720705023	9859.278	388.853	183248.28
5.33316573346741	25.5959795232164	7675.973	370.153	187268.21
9.79321216543027	33.2670333863733	10125.225	653.533	282950.48
18.1865254507796	54.2767965785627	15988.258	1291.836	381313.75
27.3139281488575	63.6567690745847	18604.193	1905.682	490293.5
37.3131001495199	73.499161200671	22322.939	2615.138	611770.06
46.6409926872059	76.4718588225129	22999.507	3281.227	723140.48
57.1887142490286	91.5308267753386	28114.98	4448.886	854001.44
66.8617765105788	97.2175622259502	29860.492	5288.859	972684.09
73.9179908656073	95.9318232545414	30053.037	5471.208	1055715.13
84.0964527228378	99.987940009648	31938.462	8839.424	1186800.56
90.581897534482	100.0	31845.857	9965.296	1264776.1
