0.000869999304000557	0.01565998747201	6.05	1.078	57.18
0.00172999861600111	0.0311399750880199	10.57	1.157	99.17
0.00304999756000195	0.054719956224035	48.956	1.334	150.06
0.00350999719200225	0.0629999496000403	21.403	1.32	163.66
0.00469999624000301	0.0842399326080539	28.476	1.383	208.8
0.00856999314400548	0.153899876880098	50.965	1.786	460.88
0.0134999892000086	0.241559806752155	79.645	2.179	600.19
0.0178199857440114	0.319499744400204	113.669	2.6	818.36
0.0283399773280181	0.507239594208325	203.433	3.463	1310.12
0.0403599677120258	0.71873942500846	251.438	4.579	1801.91
0.06255994995204	1.11059911152071	446.51	6.581	2834.43
0.0924299260560592	1.62863869708904	686.567	9.239	4407.06
0.135959891232087	2.36465810827351	892.653	13.244	7142.29
0.173939860848111	2.89133768692985	1057.609	16.186	8307.03
0.209609832312134	3.58325713339429	1329.536	20.229	9384.24
0.435389651688279	6.96509442792446	2407.134	38.325	20189.83
0.550379559696352	8.23625341099727	2804.49	47.949	23094.47
0.855209315832547	11.8063705549036	4030.319	72.605	36997.56
1.58537873169701	20.0059039952768	6712.108	136.497	66371.37
2.30991815206548	24.7697801841759	7811.687	193.431	91283.05
2.76189779048177	22.8292017366386	6528.757	209.165	109923.21
4.24997660001872	26.7767785785771	7718.354	309.508	157876.77
6.60975471219623	30.7176954258437	8417.036	466.412	221419.04
12.0654503476397	46.6694626644299	13477.86	852.346	309496.81
18.0978455217236	52.7817177746258	15090.201	1263.655	380795.17
27.3095881523295	63.5703691437047	18503.377	2019.533	489357.42
35.2034118372705	60.1415518867585	17967.979	2435.923	588469.03
44.4832144134285	68.1508254793396	21060.006	3121.667	699181.21
53.9930268055786	76.9618184305453	24248.02	3671.11	811653.91
64.6916982466414	88.5217691825846	27242.975	4479.755	951783.35
73.9850008119994	96.0517031586375	30876.594	5473.833	1056732.62
83.2363234109413	99.8252201398239	32637.306	8556.943	1172848.57
90.598797520962	99.999820000144	32388.494	10037.521	1264836.4
