0.000529999576000339	0.00953999236800611	4.429	1.005	34.74
0.00100999919200065	0.0181799854560116	7.191	1.125	60.19
0.0021799982560014	0.039059968752025	18.894	1.387	105.55
0.00412999669600264	0.0743399405280476	27.68	1.951	186.3
0.00466999626400299	0.0840599327520538	27.874	1.836	227.87
0.00574999540000368	0.103319917344066	32.462	2.253	305.05
0.0113499909200073	0.20321983742413	64.176	3.035	513.9
0.0130499895600084	0.23399981280015	99.483	3.475	627.74
0.0197299842160126	0.353159717472226	157.242	4.202	1159.38
0.0419199664640268	0.747899401680479	315.05	6.888	1893.97
0.0622399502080398	1.1012391190087	380.176	9.261	3203.52
0.0932299254160597	1.64177868657705	641.012	12.004	4706.46
0.141879886496091	2.47355802115358	912.016	18.169	7065.24
0.208689833048134	3.56507714793828	1282.543	23.515	10503.13
0.239009808792153	3.95945683243453	1394.191	23.848	10436
0.300029759976192	4.79357616513907	1910.097	30.053	12487.85
0.427569657944274	6.44291484566812	2213.286	41.673	18549.39
1.06442914845668	15.0172079862336	5282.763	97.346	44857.12
1.35920891263287	14.4575884339293	4418.769	119.477	58335.26
1.59409872472102	20.244583804333	7066.024	153.442	68633.55
3.35290731767415	28.6176371058903	8365.12	290.113	129112.73
5.21234583012334	35.0045719963424	9979.147	458.691	184267.53
8.06931354454916	42.6261258990993	12362.229	708.13	246838.33
12.0077203938237	45.8988832808934	12909.777	996.827	309867.12
16.4647368282105	42.1032263174189	12361.362	1353.199	362497.85
24.4944904044077	48.1553614757108	14607.709	1987.416	460029.04
35.2569417944466	60.3058917552866	18507.903	2847.205	588977.13
46.6617726705819	76.615138707889	25169.862	3829.132	723214.45
57.1308942952846	90.8592473126022	28794.093	4723.188	852974
65.5281375774899	91.0495071603943	28906.229	5241.228	954282.24
74.4478004417596	96.873942500846	32574.083	6074.896	1063338.54
83.9517528385977	99.972640021888	33814.666	6917.564	1184683.94
90.5461475630819	100.0	34909.431	7245.98	1264710.87
