0.000619999504000397	0.0111599910720071	6.778	1.201	40.64
0.00157999873600101	0.0284399772480182	13.562	1.231	80.1
0.00310999751200199	0.0559799552160358	28.415	1.68	139.9
0.00439999648000282	0.0791999366400507	35.297	1.884	187.99
0.0053099957520034	0.0953999236800611	81.66	2.061	245.26
0.00870999303200557	0.1560598751521	115.287	2.65	393.03
0.0108099913520069	0.193859844912124	94.935	2.931	520.7
0.0174399860480112	0.3126597498722	144.356	3.833	792.08
0.021919982464014	0.39077968737625	208.935	4.872	1122.43
0.0275899779280177	0.493199605440316	238.35	4.869	1421.45
0.0497999601600319	0.885059291952566	454.71	7.625	2317.09
0.0784899372080502	1.37951889638488	734.321	9.804	4148.22
0.105239915808067	1.82753853796917	955.71	11.412	4699.65
0.199869840104128	3.41711726630619	1689.585	19.125	8921.51
0.200849839320129	3.33791732966614	2312.431	18.676	8381.51
0.300189759848192	4.79033616773107	2418.438	26.712	12487.85
0.706869434504452	10.8030513575589	5147.331	61.936	32356.89
0.798129361496511	10.985391211687	5342.207	66.724	35666.56
1.59568872344902	20.260963791229	9765.88	131.867	68982.44
2.0388283689373	21.1494430804455	9422.111	162.16	87141.88
3.47272722181822	22.5244619804304	9462.923	241.416	136281.56
3.56973714421028	31.4610948311241	13650.46	289.371	137868.68
8.07252354198117	42.6201859038513	17969.549	607.004	246518.07
12.1086503130797	47.8383817292946	20440.116	873.062	308007.86
18.1693154645476	54.0759167392666	23000.682	1327.73	381807.54
27.3098081521535	63.5795491363607	27633.943	1985.642	489124.82
34.322702541838	57.7241538206769	25992.45	2398.447	575815.42
47.2085522331582	81.8471945222444	37677.909	3485.685	732996.33
56.9779844176125	89.1602286718171	40584.441	4059.94	852643.77
64.8216781426575	88.9753688197049	41441.259	4475.799	947111.68
74.1123107101514	96.1679830656135	44314.958	5246.352	1066441.84
84.0286327770938	99.980920015264	46341.273	5911.364	1186201.02
90.59673752261	99.999820000144	47230.747	6583.759	1264809.75
