0.000879999296000563	0.0158399873280101	10.208	1.246	52.13
0.00134999892000086	0.0242999805600156	11.301	1.441	72.88
0.00227999817600146	0.0410399671680263	19.521	1.555	106.39
0.00394999684000253	0.0709199432640454	31.793	1.893	193.1
0.00542999565600348	0.0973799220960623	47.689	2.243	269.86
0.00877999297600562	0.157499874000101	71.117	2.771	461.3
0.00910999271200583	0.163799868960105	102.477	2.876	543.34
0.0157199874240101	0.28169977464018	145.134	3.72	750.93
0.0196199843040126	0.351719718624225	209.925	4.258	902.15
0.0396799682560254	0.706859434512452	378.354	6.379	1846.45
0.0608199513440389	1.07693913844869	525.506	8.03	2695.08
0.0943399245280604	1.65671867462506	846.616	10.6	4475.38
0.14079988736009	2.44943804044957	1211.148	15.653	6299.81
0.195739843408125	3.34403732477014	1602.175	19.889	8627.6
0.294469764424188	4.89887608089913	2432.275	27.157	13215.45
0.471499622800302	7.57547393962085	3696.74	42.461	20968.04
0.664819468144425	10.0603719517024	5179.528	58.501	28552.12
0.840069327944538	11.5712907429674	5612.321	71.647	35901.76
1.37186890250488	16.8427665257868	8014.493	110.774	62085.68
2.31720814623348	24.8396201283039	11447.545	188.529	92372.17
3.55605715515428	31.281814974548	13508.994	293.363	138285.46
5.38233569413145	37.6098899120881	16159.306	408.941	180462.21
8.07127354298117	42.3993260805391	17811.264	593.354	250015.74
12.1187103050318	47.9100216719827	20770.645	880.068	308817.73
18.0209155832675	51.7729985816011	21659.635	1318.412	377996.26
26.511938790449	55.7133754292997	25288.989	1879.181	481358.31
35.969191224647	62.9113896708883	27793.056	2540.14	595790
47.2740321807743	83.1878334497332	37736.722	3366.473	734122.46
57.0837543329965	90.3431877254498	40890.029	4136.711	852612.06
66.8209065432748	96.870882503294	43777.475	4826.331	975646.12
73.7185610251512	95.5903635277092	45686.71	5062.776	1053073.3
83.1394334884532	99.7924601660319	46153.537	5802.067	1174938.67
90.596157523074	99.999820000144	48652.168	6272.855	1264802.67
