0.00102999917600066	0.0185399851680119	7.082	0.922	57.18
0.00183999852800118	0.0331199735040212	13.249	1.037	95.38
0.0026499978800017	0.0476999618400305	16.697	1.114	153.49
0.00394999684000253	0.0710999431200455	24.025	1.179	196.05
0.00662999469600424	0.118979904816076	37.813	1.391	293.2
0.0084399932480054	0.151559878752097	48.789	1.543	402.35
0.00893999284800572	0.160559871552103	80.043	1.66	439.23
0.0120199903840077	0.215099827920138	65.442	1.84	513.9
0.0284899772080182	0.507599593920325	168.043	3.491	1310.12
0.0386299690960247	0.68741945006444	243.427	4.203	1739.78
0.06252994997604	1.10969911224071	385.556	6.243	2834.43
0.0933299253360597	1.64267868585705	564.936	8.937	4780.52
0.100649919480064	1.74491860406512	773.828	9.357	5773.65
0.207889833688133	3.56561714750628	1284.077	19.563	9700.5
0.313899748880201	5.23151581478735	1895.609	28.991	14561.3
0.451119639104289	7.24373420501264	2507.497	38.159	21212.65
0.579489536408371	8.71181303054957	3172.541	52.456	25720.38
1.01749918600065	14.2631885894491	4926.231	85.983	44394.17
1.59705872235302	20.267983785613	6901.845	143.221	69711.58
2.33092813525749	25.071819942544	7966.408	201.188	95953.6
3.5877971297623	31.9638344289325	9395.992	310.438	136878.4
5.08821592942726	33.5219131824695	9778.8	467.884	176391.83
5.32613573909141	25.5774395380484	7404.501	387.73	187096.55
12.0972003222397	47.2780421775663	13354.298	976.754	305917.08
18.1620354703716	53.8341769326585	15877.505	1452.271	381511.12
25.3246597402722	50.5203795836963	15491.566	1963.155	469028.21
36.9261104591116	68.691545046764	21191.845	2942.667	606656.05
47.2392522085982	82.3357141314287	25545.135	3807.275	733302.64
55.7479954016037	81.9636544290765	25467.67	4466.228	833388.22
64.6001583198733	88.3684093052726	28971.075	5108.62	943724.03
74.5164703868237	96.9972424022061	31216.167	6275.802	1064236.87
83.9345428523657	99.97030002376	33046.716	9458.151	1184426.91
90.57203754237	99.999820000144	32615.26	10515.478	1264719.95
