0.000959999232000614	0.0172799861760111	6.37	1.05	53.39
0.0018699985040012	0.0336599730720215	11.53	1.272	86.06
0.00267999785600172	0.0482399614080309	18.66	1.551	144.16
0.00360999711200231	0.0649799480160416	35.534	1.918	185.46
0.00592999525600379	0.106739914608068	37.584	2.131	275.81
0.00900999279200577	0.161819870544104	60.626	2.721	412.1
0.0111199911040071	0.199799840160128	67.124	2.967	520.7
0.0162099870320104	0.290699767440186	111.139	3.889	761.57
0.0263099789520168	0.4694396244483	241.403	4.866	1132.17
0.0282299774160181	0.505079595936323	199.607	5.174	1266.87
0.0612299510160392	1.0862991309607	356.16	9.488	2825.09
0.0675199459840432	1.18871904902476	420.953	9.082	3862.82
0.0925799259360593	1.61171871062503	589.097	11.521	4672.5
0.209089832728134	3.5859571312343	1237.285	20.931	9798.36
0.254109796712163	4.2107366314107	1520.389	26.913	11426.77
0.416019667184266	6.63929468856425	2421.193	39.732	18979.72
0.643629485096412	9.73403221277423	3526.829	62.238	32144.64
1.02655917875266	14.4356284514972	5379.06	100.31	43305.66
1.50433879652896	18.741045007164	6361.442	133.76	62707.11
2.08939832848134	21.7252626197899	8201.119	186.542	86985.31
3.5873271301383	32.0298943760845	9788.156	322.1	133046.09
5.12722589821928	33.9283528573177	9655.481	442.236	176277.71
5.65098547921162	26.7517585985931	9616.918	448.408	194034.83
11.3504709196233	40.0278279777376	11236.104	940.012	301899.7
18.1857154514276	54.2539365968507	15697.418	1508.071	381262.36
27.0688983448813	60.2920317663746	18022.235	2234.38	489863.59
37.3077401538079	73.473241221407	22913.419	3132.795	611672.39
47.2356022115182	82.5043739965008	25731.677	3918.675	735539.85
56.6219747024202	86.3819308944553	27633.332	4606.211	846252.47
63.5141991886406	85.911411270871	27362.957	5309.62	928883.7
75.6415794867364	98.9659008272793	31326.309	6154.654	1084342.01
83.0473335621331	99.7708601833119	32198.71	6734.337	1170666.97
90.551547558762	99.999640000288	32659.281	7244.089	1264513.33
