0.000979999216000627	0.0176399858880113	11.974	1.096	52.55
0.00173999860800111	0.03131997494402	15.48	1.336	105.13
0.00247999801600159	0.0446399642880286	43.646	1.511	112.34
0.00260999791200167	0.0469799624160301	20.565	1.536	141.58
0.00498999600800319	0.0896399282880574	51.102	2.055	302.94
0.00949999240000608	0.170639863488109	79.715	2.834	464.25
0.0128599897120082	0.230399815680147	102.748	3.317	564.16
0.0173999860800111	0.311219751024199	152.52	3.833	947.08
0.0186399850880119	0.333179733456213	161.543	4.082	939.02
0.0336299730960215	0.595979523216381	267.969	5.545	1546.62
0.048419961264031	0.855359315712547	433.426	7.493	2114.52
0.0947099242320606	1.66895866483307	863.664	10.87	4731.7
0.135469891624087	2.35817811345751	1078.173	14.115	5992.06
0.143499885200092	2.44061804750556	1181.658	15.788	6967.57
0.313479749216201	5.24339580528336	2746.921	29.605	14793
0.472089622328302	7.61957390434088	3807.191	41.993	20684.62
0.563659549072361	8.45063323949341	3963.252	48.741	24836.42
0.893689285048572	12.3654501076399	6264.02	76.79	40283.43
0.925759259392593	11.5090107927914	5368.085	76.514	40104.88
1.83690853047318	18.9399448480441	8474.353	144.132	75354.55
3.52768717785026	30.8672753061798	13325.727	286.316	140187.42
5.3148557481154	36.2046310362952	15272.166	405.984	189364.41
7.67821385742891	37.6532698773841	15756.364	556.033	243576.7
11.7960605631515	43.4508852392918	18094.704	840.478	305718.22
18.0475455619635	52.1115783107374	21943.393	1280.829	378958.75
27.2827581737935	63.0132695893843	28081.978	1941.245	490753.03
36.1719110624712	63.8479289216569	29021.997	2602.697	598806.52
44.4014144788684	67.9564256348595	31328.389	3106.745	698021.35
55.7522253982197	81.9836344130925	39033.366	3843.961	833442.15
65.9975172019862	92.7010058391953	41815.148	4659.232	967273.22
76.0036591970726	99.6446802842558	45570.646	5274.803	1085955.45
82.876663698669	99.7067802345758	47396.277	5748.943	1172509.39
90.591157527074	99.999820000144	46708.275	6169.356	1264857.48
