0.00063999948800041	0.0115199907840074	6.291	1.207	48.28
0.000939999248000602	0.0169199864640108	8.358	1.247	60.19
0.00262999789600168	0.0473399621280303	40.666	1.693	144.16
0.00401999678400257	0.0723599421120463	38.225	2.434	187.99
0.00558999552800358	0.100439919648064	52.958	2.426	254.58
0.00912999269600584	0.164339868528105	112.283	3.002	402.35
0.0111199911040071	0.199619840304128	96.228	3.301	518.17
0.0184999852000118	0.331199735040212	164.044	4.196	902.15
0.023439981248015	0.419039664768268	226.524	5.093	1118.21
0.0418299665360268	0.742679405856475	371.082	6.69	1999.79
0.0616199507040394	1.0902591277927	558.729	9.127	2695.08
0.0924999260000592	1.62773869780904	802.62	11.196	4218.87
0.127049898360081	2.20589823528141	1043.819	13.843	6920.26
0.210349831720135	3.5996371202903	1820.941	20.959	10512.05
0.304519756384195	5.07221594222725	2523.36	29.447	13264.77
0.451969638424289	7.24103420717263	3621.273	42.363	21212.65
0.711369430904455	10.875771299383	9794.638	60.098	33941.11
1.04314916548067	14.6401082879134	7400.792	90.101	48625.2
1.49931880054496	18.6555450755639	8868.398	127.697	61754.67
2.39276808578553	26.0659591472327	11680.777	192.366	91576.18
3.44882724093821	29.8688161049471	13037.025	294.592	129668.87
4.71696622642702	30.0765359387713	13832.018	357.793	173300.88
7.20750423399661	33.9803728157017	14449.075	522.547	233191.48
11.4743008205593	40.8761672990662	16953.814	832.478	302821.17
18.0884355292516	52.6024379180497	22126.62	1287.402	380375.64
25.7880393695685	52.1711582630734	23111.376	1831.846	471250.87
37.2370502103598	72.1689622648302	31747.133	2655.743	610803.35
46.3044029564776	74.4459604432316	36710.758	3256.272	719252.5
56.4556248355001	85.3237117410306	38757.582	4030.45	843874.16
64.2323686141051	87.479210016632	41450.026	4581.988	938745.57
75.4755796195363	98.7272210182232	46054.82	5291.723	1073942.09
83.9994628004298	99.977500018	45948.683	5932.319	1185579.49
90.596617522706	99.999820000144	46917.081	6273.189	1264803.61
