0.000689999448000442	0.0124199900640079	6.431	1.04	34.74
0.00167999865600108	0.0302399758080194	14.299	1.25	96.22
0.00268999784800172	0.048419961264031	39.297	1.543	144.16
0.00410999671200263	0.0737999409600472	32.583	1.866	187.99
0.0057799953760037	0.103859916912066	46.869	2.238	283.87
0.00776999378400497	0.13985988811209	84.431	2.603	365.9
0.00862999309600552	0.153719877024098	84.055	3.078	439.23
0.0177199858240113	0.316979746416203	171.826	4.316	839.6
0.0269299784560172	0.482219614224309	275.176	4.795	1231.45
0.0385099691920246	0.68687945049644	361.846	6.589	1846.45
0.0582299534160373	1.03139917488066	544.816	8.135	2603.22
0.0928799256960594	1.63295869363305	769.381	10.56	4750.37
0.138929888856089	2.41919806464155	1206.344	14.487	6581.89
0.18796984962412	3.128577497138	1559.013	19.967	8381.51
0.204629836296131	3.50153719877024	1654.298	19.158	9432.69
0.304149756680195	4.85981611214711	2421.249	27.08	12617.65
0.696819442544446	10.5832715333828	5311.629	59.077	33022.87
0.980009215992627	13.6286890970487	6492.971	84.16	44475.99
1.14579908336073	14.000028799977	6428.573	91.409	57141.91
1.49137880689695	15.650447479642	7189.307	115.923	61116.79
2.45449803640157	20.5099035920771	8770.998	181.094	104410.6
5.38296569362744	37.6102499118001	16651.554	422.671	180576.49
7.85008371993302	39.4106084715132	16333.784	572.578	247173.25
9.20728263417389	31.5368747705002	14076.665	633.775	275553.1
18.1570954743236	53.7688369849304	23493.263	1312.987	380868.77
27.2271382182894	62.1951702438638	28520.165	1936.321	492903.93
35.1302718957825	59.9122320702143	27098.385	2425.595	587776.88
47.0507123594301	79.9573760340992	35990.462	3371.395	728675.12
57.0417743665805	89.8921080863135	40686.574	4027.767	851642.12
64.8140781487375	88.8558489153209	40553.528	4552.048	953320.17
75.9346092523126	99.5302003758397	45617.362	5328.041	1084360.06
84.0326027739178	99.978580017136	47416.285	5961.117	1185403.55
90.555267555786	99.999820000144	46901.197	6363.381	1264555.93
