0.000939999248000602	0.0169199864640108	6.257	0.881	57.18
0.00209999832000134	0.0377999697600242	12.768	1.026	107.65
0.00299999760000192	0.0539999568000346	20.425	1.126	139.05
0.00330999735200212	0.0595799523360381	24.008	1.138	145.01
0.00601999518400385	0.108359913312069	38.546	1.365	276.66
0.00862999309600552	0.155339875728099	54.271	1.573	426.53
0.0131099895120084	0.235799811360151	75.854	1.94	667.2
0.0185399851680119	0.332099734320213	138.971	2.587	977.22
0.0276199779040177	0.494819604144317	170.322	3.266	1255.44
0.0420999663200269	0.751499398800481	258.78	4.69	1999.79
0.0456199635040292	0.807299354160517	303.066	5.839	2593.89
0.0903599277120578	1.566178747057	588.047	8.549	3769.75
0.0931999254400596	1.64285868571305	575.41	9.162	4218.87
0.210689831448135	3.60395711683431	1303.382	19.132	10587.88
0.214939828048138	3.55553715557028	1160.345	19.726	10372.1
0.396679682656254	6.33059493552405	2250.161	35.252	18316.41
0.677569457944434	10.2725917819266	3448.793	57.381	30477.61
1.06608914712868	15.0384479692416	5175.793	91.463	44719.18
1.59231872614502	20.0766439386848	6707.717	139.644	68740.36
2.38621809102553	25.8625593099526	8178.054	200.683	98767.37
3.5879471296423	32.0630143495885	9554.686	306.6	131608.82
5.37925569659544	37.569389944488	10998.062	441.768	184887.1
5.76100539119569	27.1682782653774	7509.307	434.989	196904.65
11.2468010025592	39.3933284853372	10910.688	872.83	300206.07
18.1934754452196	54.4200764639388	15834.089	1463.855	382472.63
23.6584810732151	46.1593430725255	14237.271	1781.039	449081.6
37.0402303678157	69.8091641526687	21161.157	2930.557	608225.03
47.2612621909902	82.8933536853171	26024.351	3775.917	733431.97
55.5223255821395	81.1507750793799	25585.434	4455.718	831656.73
66.4322668541865	94.6291642966686	29709.117	5606.989	969960.61
75.8440793247365	99.3770204983836	32605.985	8759.785	1080200.24
83.5497531601975	99.9026200779039	32655.626	9577.723	1180362.29
90.594627524298	99.999820000144	32641.331	10594.486	1264797.95
