0.000969999224000621	0.0174599860320112	7.136	0.864	53.81
0.00165999867200106	0.0298799760960191	10.67	0.941	86.06
0.00220999823200141	0.0397799681760255	15.766	1.005	112.34
0.0029699976240019	0.0532799573760341	17.406	1.109	148.38
0.0060999951200039	0.10943991244807	36.305	1.321	273.23
0.00770999383200493	0.138419889264089	43.027	1.471	336.03
0.0129499896400083	0.232379814096149	96.508	1.925	667.2
0.0185199851840119	0.332459734032213	158.857	2.731	792.08
0.0246699802640158	0.441539646768283	162.781	2.974	1127.96
0.0274499780400176	0.491579606736315	224.173	3.534	1266.87
0.0362799709760232	0.643139485488412	242.163	4.137	1678.71
0.092209926232059	1.59713872228902	543.103	8.849	4225.25
0.0938699249040601	1.65563867548906	552.01	8.829	4731.7
0.12578989936808	2.15153827876938	751.579	12.32	5623.16
0.295479763616189	4.91597606721915	1816.176	27.262	12834.19
0.472729621816303	7.60949391240487	2647.038	40.605	20809.08
0.635699491440407	9.57653233877413	3518.079	55.127	27761.61
1.06231915014468	15.0719279424576	5181.731	96.625	44687.07
1.4033888772889	17.238766208987	5980.831	120.037	59958.47
2.39086808730553	25.9070192743846	8003.665	203.54	98273.22
3.31740734607412	21.7724225820619	6429.536	266.031	128962.69
3.49694720244224	30.5636155491076	9050.862	298.783	135768.22
8.05823355341316	41.9986464010829	11929.223	659.658	251680.11
10.8490713207429	37.3164901468079	10428.053	826.506	292670.52
16.8328065337548	43.5239651808279	12308.658	1284.27	366901.81
24.2986305610955	47.6466818826545	14351.452	1859.73	457484.1
36.1500110799911	63.7476690018648	19656.704	2786.977	598448.74
47.2828721737023	83.2213134229493	26168.557	3913.164	733447.9
56.9785644171485	89.136468690825	28084.853	4489.517	850586.23
66.6975066419947	96.0387431690055	29969.051	5687.752	973823.15
76.0266391786887	99.6752802597758	31392.342	8712.779	1086349.48
84.0949027240778	99.987760009792	32609.16	9598.685	1186824.45
90.597507521994	99.999820000144	33303.838	10892.826	1264831.67
