0.00104999916000067	0.0188999848800121	7.612	1.115	52.97
0.00191999846400123	0.0345599723520221	12.641	1.281	96.22
0.00292999765600188	0.0527399578080338	17.703	1.7	139.05
0.00384999692000246	0.0692999445600443	23.314	1.725	183.78
0.00603999516800387	0.10871991302407	50.561	2.259	311.01
0.00888999288800569	0.159659872272102	82.543	2.72	408.73
0.0127799897760082	0.228959816832147	97.989	4.214	564.16
0.0184399852480118	0.330299735760211	113.714	4.216	977.22
0.0204399836480131	0.364679708256233	174.817	5.428	1159.38
0.0366899706480235	0.651959478432417	254.553	5.923	1662.59
0.0634099492720406	1.12283910172872	681.151	9.274	2960.43
0.0943299245360604	1.66049867160106	665.484	12.194	4449.91
0.116579906736075	1.99367840505728	716.511	13.456	5572.08
0.14130988695209	2.46023803180957	856.745	16	6278.14
0.298879760896191	4.97861601710719	2456.788	33.908	13456.46
0.416459666832267	6.64289468568425	2289.444	42.18	19405.3
0.691579446736443	10.5199115840707	3734.333	62.325	32211.17
1.05459915632067	14.8580881135295	5213.71	95.88	47381.42
1.59568872344902	20.1886038491169	6974.698	157.142	63328.02
1.93924844860124	20.0354239716608	29374.522	171.121	78967.75
2.30621815502548	19.4644644284285	5695.665	193.972	93136.71
5.23156581474735	35.2364118108705	10091.937	467.246	185421.71
7.88612369110105	39.7958081633535	11229.74	666.89	248272.19
11.9757704193837	45.4906436074851	12892.844	1000.222	308928.31
17.8562357150114	49.9028000777599	14997.944	1500.983	377143.71
27.2427082058334	62.4001900798479	19143.983	2317.173	492933.55
37.2867301706159	73.0628415497268	22199.47	3110.239	611115.26
46.5539627568298	75.9001792798566	24336.177	3898.455	722832.05
56.9222644621884	88.6754890596088	28068.255	4733.15	849952.34
65.0222679821856	89.5015083987933	29179.059	5225.439	949796.84
76.0370791703367	99.6853602517118	31472.997	6178.688	1085982.02
84.0805827355338	99.986320010944	32052.176	6717.772	1186989.09
90.5397775681779	99.999640000288	32830.844	7161.995	1264288.53
