0.000809999352000518	0.0145799883360093	5.824	1.022	52.55
0.00203999836800131	0.0365399707680234	14.172	1.343	99.59
0.00333999732800214	0.0601199519040385	21.454	1.668	157.7
0.00361999710400232	0.0651599478720417	22.362	1.751	165.34
0.00422999661600271	0.0761399390880487	25.594	1.794	191
0.00455999635200292	0.0818999344800524	27.373	1.82	204.95
0.00730999415200468	0.130859895312084	41.515	2.667	349.99
0.0174699860240112	0.3131997494402	132.26	4.295	792.08
0.0277899777680178	0.496799602560318	201.238	5.356	1266.87
0.0350899719280225	0.623519501184399	239.838	6.271	1678.71
0.0399699680240256	0.712979429616456	240.196	6.531	1845.19
0.0480399615680307	0.846179323056542	292.659	7.259	2495.86
0.12548989960808	2.14541828366537	845.345	15.864	5623.16
0.137839889728088	2.39417808465753	926.46	15.144	6140.4
0.223669821064143	3.69629704296237	1317.839	23.495	12144.47
0.425939659248273	6.43265485387612	2230.215	40.625	18549.39
0.477749617800306	7.69931384054893	2680.853	48.068	21332.01
1.06684914652068	15.0458279633376	5339.059	99.166	45298.75
1.46673882660894	18.1186055051156	5945.855	131.683	66017.66
1.79216856626515	18.4609652312278	5712.896	158.822	77476.7
3.35582731533815	28.6399570880343	8279.553	295.089	129042.69
5.38149569480344	37.5917099266321	11005.769	461.422	184369.95
5.80093535925171	27.3196581442735	7624.42	464.213	197937.01
12.0858503313197	46.9859024112781	13845.29	1013.657	307996.49
17.5284659772272	47.2391622086702	13773.42	1457.096	375836.82
27.2282582173934	62.2155102275918	18874.863	2329.058	492917.54
37.3083601533119	73.6197611041911	22214.216	3052.572	615135.44
46.6438926848858	76.4857188114249	25547.494	3824.12	723148.33
56.5303647757082	85.6417714865828	27334.372	4694.195	851994.21
65.2862577709938	90.1981078415137	28624.14	5292.666	959452.17
75.8960592831526	99.4637804289757	31569.06	6191.869	1082240.24
84.1102727117818	99.989380008496	34688.72	7808.663	1186574.2
90.59953752037	99.999820000144	32897.045	7302.078	1264819.62
