0.000589999528000378	0.0106199915040068	5.503	0.878	34.74
0.00131999894400084	0.0237599809920152	11.404	0.965	60.61
0.00266999786400171	0.0480599615520308	25.387	1.208	138.21
0.00269999784000173	0.0485999611200311	25.722	1.071	113.19
0.00560999551200359	0.100799919360065	65.753	1.357	312.27
0.00660999471200423	0.118799904960076	52.37	1.347	378.59
0.0121399902880078	0.217619825904139	96.704	1.87	669.31
0.0190599847520122	0.340739727408218	150.004	2.406	939.02
0.0192999845600124	0.344879724096221	161.591	2.402	872.26
0.0410599671520263	0.729539416368467	325.832	4.256	2098.25
0.0424399660480272	0.757439394048485	345.393	4.313	1980.72
0.0884599292320566	1.55357875713699	775.994	8.315	4323.66
0.112489910008072	1.95047843961725	950.457	10.386	5151.44
0.204119836704131	3.48749721000223	1746.632	17.193	8921.51
0.316159747072202	5.28263577389138	2618.678	25.841	14007.14
0.322099742320206	5.12459590032328	2540.94	25.674	15431.86
0.529589576328339	7.94987364010109	4035.568	41.883	24177.48
1.04241916606467	14.6356082915134	7464.182	86.203	49821.3
1.31450894839284	16.0900071279943	7551.591	97.58	56358.26
2.38240809407352	25.7594193924645	11870.442	184.959	96244.06
2.43190805447356	20.348263721389	8590.798	169.746	103383.61
5.38270569383544	37.552109958312	16059.225	379.734	185686.8
6.92325446139643	32.2856741714607	13739.05	470.661	225862.28
12.1146103083118	47.8484617212306	28590.296	864.82	308208.69
16.9548064361549	44.0560447551642	19150.673	1114.806	368787.35
26.560868751305	56.0213551829159	24282.646	1875.441	481801.2
37.0378903696877	69.7677641857886	31425.802	2532.439	608088.03
46.3153629477096	74.4983404013277	33991.798	3131.782	719382.67
54.627116298307	78.4739972208022	36727.701	3645.082	821245.98
66.7217566225947	96.4097228722217	44605.826	6436.731	970296.43
74.1417806865754	96.2180230255816	44049.925	6375.609	1066869.76
84.0162827869738	99.977680017856	59478.031	17593.313	1185270.04
90.589107528714	99.999820000144	47710.459	20720.936	1264785.89
