0.000689999448000442	0.0124199900640079	3.083	1.195	46.59
0.00195999843200125	0.0352799717760226	12.471	1.498	94.12
0.00273999780800175	0.0493199605440316	8.906	1.612	147.53
0.00418999664800268	0.0752399398080481	15.923	1.988	196.05
0.00492999605600316	0.0887399290080568	10.907	2.238	243.99
0.00564999548000362	0.101519918784065	12.357	2.19	305.05
0.0103099917520066	0.185039851968118	21.815	2.863	520.7
0.0191899846480123	0.342899725680219	46.54	4.106	872.26
0.0207399834080133	0.370439703648237	39.602	4.668	1159.38
0.037549969960024	0.664019468784425	69.832	5.632	1692.26
0.0419699664240269	0.748259401392479	82.494	7.564	2011.22
0.0534499572400342	0.939959248032602	144.281	7.045	2499.29
0.14084988732009	2.45393803684957	295.742	15.639	7113.66
0.201939838448129	3.45275723779421	410.886	19.501	9288.49
0.255119795904163	4.23467661225871	484.993	26.103	11426.77
0.45363963708829	7.26821418542865	818.382	41.574	21118.13
0.708099433520453	10.8341913326469	1213.942	60.922	30512.72
1.05333915732867	14.8183081453535	1606.152	93.794	49235.63
1.59656872274502	20.2116438306849	2145.697	133.811	64683.77
2.33119813504149	25.069479944416	2677.292	185.295	96302.67
3.5864571308343	32.0212543829965	3028.702	283.059	129155.14
5.38399569280345	37.5944099244721	3360.871	416.731	183971.36
6.96626442698846	32.5238139809488	2811.514	502.826	226746.73
11.6389906888074	42.0987263210189	3909.649	826.328	304759.3
17.5010659991472	47.0489023608781	4651.987	1240.41	375538.92
27.2941781646575	63.1628494697204	6372.267	1951.184	491072.35
37.1731202615038	71.4324028540777	7590.111	2689.839	610056.21
47.2448622041102	82.6503538797169	8914.77	3419.321	734533.68
56.6608646713083	86.6288906968874	9948.544	4035.554	846753.66
66.8903164877468	97.4875620099504	11311.595	4712.509	970976.09
75.8569993144006	99.3993404805276	12337.137	5315.332	1080477.56
83.5720431423655	99.9094600724319	12354.468	5850.629	1177077.92
90.5349175720659	100.0	13052.884	6314.164	1264623.03
