0.000919999264000589	0.0165599867520106	3.938	1.102	52.55
0.00125999899200081	0.0226799818560145	4.532	1.135	60.61
0.0018699985040012	0.0336599730720215	6.058	1.292	94.12
0.00225999819200145	0.040679967456026	6.686	1.387	105.55
0.00550999559200353	0.0989999208000634	11.948	2.007	247.78
0.00557999553600357	0.100439919648064	12.476	2.069	308.9
0.012489990008008	0.223919820864143	32.555	2.948	607.41
0.018809984952012	0.337859729712216	37.107	3.809	966.58
0.0191499846800123	0.341639726688219	38.446	4.387	939.02
0.0367799705760235	0.65573947540842	72.086	5.494	1863.41
0.0509899592080326	0.902519277984578	119.075	6.801	2317.09
0.0939999248000602	1.65725867419306	251.336	10.452	4218.87
0.131629894696084	2.28923816860947	316.816	14.015	5794.43
0.212919829664136	3.64571708342633	412.234	21.38	9723.59
0.315669747464202	5.27417578065938	752.856	29.874	14132.75
0.389449688440249	6.21251502998798	824.034	35.105	17701.32
0.587989529608376	8.83295293363765	1025.932	52.802	26698.31
0.7813993748805	10.7751513798789	1257.662	65.547	38887.01
1.59032872773702	20.0613439509248	2527.312	142.719	67303.71
2.38205809435352	25.7507793993765	2882.206	202.497	96149.94
3.5889471288423	32.0538343569325	3762.612	284.687	132014.71
4.41505646795483	27.8508377193298	4185.55	314.91	159201.76
7.82197374242101	39.054028756777	6734.894	579.778	246033.67
11.6008607193114	41.8152265478188	9066.445	823.422	303817.4
16.5147467882026	42.2920461663631	11687.338	1226.258	362703.17
27.2640181887854	62.7022298382161	17030.082	1921.424	492164.11
36.6855906515275	66.8452865237708	21571.615	2575.259	605285.96
45.1483138813489	69.9659440272448	25702.962	3138.101	707195.48
53.5068671945062	75.9001792798566	30975.816	3773.9	806390.55
64.093668725065	87.1645702683438	33969.484	4459.185	936791.83
75.014669988264	97.8954416836467	38629.047	5227.744	1070067.85
82.9937636049891	99.7429602056318	37512.921	5881.955	1173585.3
90.568827544938	99.999820000144	42668.018	6252.677	1264696.13
