0.0010899991280007	0.0196199843040126	3.498	0.914	57.18
0.00199999840000128	0.035999971200023	5.545	1.028	99.59
0.00299999760000192	0.0539999568000346	8.43	1.051	156.44
0.00382999693600245	0.0689399448480441	8.638	1.161	186.3
0.00539999568000346	0.0970199223840621	11.661	1.228	302.94
0.00792999365600507	0.142019886384091	16.199	1.728	353.41
0.00881999294400564	0.158579873136102	32.302	1.46	430.32
0.0143599885120092	0.257039794368164	35.233	1.83	642.6
0.0260799791360167	0.466019627184298	56.643	2.737	1202.63
0.0353299717360226	0.628919496864403	97.244	3.374	1671.49
0.060999951200039	1.07963913628869	152.584	6.206	2906.52
0.0940299247760602	1.65545867563306	187.547	8.107	4731.7
0.116909906472075	2.0300383759693	235.998	10.317	5561.01
0.189089848728121	3.23405741275407	375.852	16.098	10299.86
0.284449772440182	4.71437622849902	519.512	22.888	15302.55
0.284959772032182	4.56011635190692	531.227	24.44	12487.85
0.711359430912455	10.887831289735	1330.503	55.044	34110.77
1.06543914764868	15.0701279438976	1811.933	87.25	46928.94
1.556608754713	19.5737243410205	2279.266	118.656	67038.08
2.30093815924947	24.6175003059998	2847.651	175.131	90700.77
3.4396172483062	29.766396186883	3520.518	248.472	128305.16
3.47014722388222	22.5116819906544	3573.889	228.134	136139.53
8.07055354355717	42.6873258501393	10079.665	567.931	246329.7
11.8125905499276	43.6150451079639	9109.618	803.748	305775.37
17.7328158137473	48.8150609479512	11974.738	1211.98	378123.36
27.2739181808655	62.8435297251762	17311.186	1850.692	491287.16
36.6813706549035	66.8148665481068	21259.532	2498.196	605294.11
47.2748921800863	83.1442734845812	26743.334	3294.489	734316.61
57.0910343271725	90.3968276825379	31324.718	3975.237	852570.42
66.6717566625947	96.1093031125575	35037.112	6323.827	969084.14
73.9519708384233	95.9928432057254	38101.534	6705.404	1056225.88
83.6662230670215	99.926560058752	40850.317	15030.16	1178443.82
90.5460475631619	100.0	41509.501	18602.928	1264710.85
