0.000839999328000538	0.0151199879040097	3.493	1.067	52.13
0.00102999917600066	0.0185399851680119	3.464	1.065	60.19
0.0021799982560014	0.0392399686080251	6.252	1.201	115.71
0.00352999717600226	0.0633599493120405	8.926	1.284	205.37
0.00645999483200413	0.115919907264074	14.488	1.882	311.01
0.0068799944960044	0.123659901072079	14.276	1.44	336.03
0.0129699896240083	0.232559813952149	24.714	1.981	662.09
0.0186099851120119	0.333719733024214	34.97	2.245	872.26
0.0287299770160184	0.514439588448329	77.205	3.492	1267.29
0.0336799730560216	0.598499521200383	62.521	3.619	1546.62
0.0621899502480398	1.10411911670471	147.364	5.728	2960.43
0.0888799288960569	1.560958751233	202.363	8.137	4007.17
0.141809886552091	2.46311802950558	271.544	13.595	6303.6
0.211109831112135	3.61223711021031	437.656	19.004	9798.36
0.306889754488196	5.11199591040327	686.419	26.179	15013.49
0.418729665016268	6.33401493278805	751.028	33.207	18509.81
0.4690696247443	7.55225395819683	894.572	39.068	21385.68
1.06145915083268	15.0150479879616	1661.186	84.364	44731.32
1.42427886057691	15.0616679506656	1559.191	102.487	58476.58
1.55116875906499	19.5047843961725	2382.119	119.369	65946.57
3.52463718029026	30.8438753248997	2962.408	274.479	139960.04
4.95816603346717	32.1517542785966	2965.419	343.196	176426.48
8.00117359906112	41.1051271158983	3766.5	564.844	252753.67
12.0361503710797	46.1985830411336	4149.383	821.724	310099.62
17.7429758056194	48.8976808818553	4657.098	1231.428	378005.51
27.3116981506415	63.5838691329047	6368.438	1891.33	489053.15
36.8732205014236	68.2516253986997	6948.715	2539.498	607200.57
47.2028022377582	81.7087746329803	8861.17	3252.041	732578.86
57.0087643929885	89.4988084009533	10055.024	3973.419	850807.41
66.7205566235547	96.1989430408456	11517.527	6127.565	974381.43
73.7108810312952	95.5765035387972	11456.921	6600.738	1052971.75
83.9122328702137	99.9685000252	12718.289	10514.735	1184101.34
90.591857526514	99.999820000144	13338.636	10924.844	1264791.72
