0.000789999368000506	0.0142199886240091	2.95	0.895	34.74
0.00177999857600114	0.0320399743680205	5.04	0.981	73.3
0.00282999773600181	0.0509399592480326	8.139	1.121	140.32
0.00386999690400248	0.0696599442720446	8.573	1.117	205.37
0.00532999573600341	0.0959399232480614	13.069	1.212	283.87
0.00828999336800531	0.149219880624095	17.943	1.46	402.35
0.0129399896480083	0.232019814384148	26.504	1.7	590.45
0.0189199848640121	0.338939728848217	36.598	2.23	856.98
0.0226899818480145	0.405359675712259	70.264	2.545	1032.77
0.0376999698400241	0.668699465040428	120.242	3.82	2079.94
0.0462199630240296	0.815939347248522	99.232	4.275	2114.52
0.0725099419920464	1.27223898220881	153.831	6.654	3142.23
0.110989911208071	1.92635845891323	227.624	9.38	4915.22
0.167659865872107	2.78765776987378	309.795	13.8	8307.03
0.206909834472132	3.54167716665827	410.821	17.865	10104.19
0.246429802856158	3.97043682365054	523.45	19.42	12378.84
0.533839572928342	8.02349358120514	902.964	42.2	23009.09
1.05815915347268	14.9254080596736	1749.579	84.991	45673.2
1.45931883254493	18.0547055562356	2093.27	109.185	66711.47
1.7165186267851	17.7377258098194	2007.241	121.897	78693.2
3.58330713335429	31.7183146253483	3706.445	260.955	136138.67
5.34748572201142	36.6654306676555	5313.738	380.428	190074.37
6.59570472343622	30.6451554838756	5846.902	457.416	220929.21
11.0180211855831	38.1281094975124	8578.421	750.168	295675.01
18.1703354637316	54.0543167565466	12755.647	1244.4	381854.76
26.8583185133452	58.2400334079733	16242.338	1806.689	485810.44
36.3098109521512	64.5690083447933	20988.904	2450.291	601370.21
47.2738921808863	82.9090136727891	26564.483	3264.902	733647.38
57.1947642441886	91.6622266702187	31430.166	5445.224	854307.19
65.8500873199301	92.188906248875	34953.876	5361.668	957134.43
75.1446698842641	98.1235015011988	39708.904	12923.28	1071332.13
83.5183231853415	99.8939800848159	38096.037	14164.393	1179904.27
90.587027530378	99.999820000144	42178.421	18543.618	1264863.32
