0.00103999916800067	0.018719985024012	3.635	1.103	57.18
0.00180999855200116	0.0325799739360208	5.217	1.31	89
0.0023499981200015	0.0422999661600271	6.156	1.393	106.39
0.00357999713600229	0.0644399484480412	8.271	1.696	183.78
0.00523999580800335	0.0941399246880602	11.177	1.918	302.94
0.00929999256000595	0.167219866224107	20.394	2.646	408.73
0.0120599903520077	0.216359826912138	24.012	2.973	564.16
0.0130999895200084	0.23435981251215	26.769	3.113	639.23
0.0193199845440124	0.345059723952221	39.523	4.869	1159.38
0.0401599678720257	0.716219427024458	107.449	5.948	1944.61
0.0567899545680363	1.00799919360065	122.512	8.045	3112.92
0.0815199347840522	1.43837884929692	202.008	9.922	3702.27
0.0942599245920603	1.63925868859305	205.08	11.7	4672.5
0.210539831568135	3.61691710646631	521.913	21.048	9739.33
0.295419763664189	4.91345606923514	621.343	27.868	12834.19
0.370139703888237	5.87807529753976	732.938	32.232	15796.48
0.709129432696454	10.8313113349509	1288.097	61.772	30439.21
0.916549266760587	11.4112708709833	1236.842	74.174	40072.4
1.01937918449665	14.2990085607932	1751.47	85.42	42699.84
2.05504835596132	21.3751628998697	2385.681	164.324	87077.39
3.57507713993829	31.5690947447242	3746.254	277.796	137069.11
5.23941580846735	35.3519717184226	5224.415	389.653	186046.44
8.07473354021317	42.7260258191793	7433.228	608.146	249635.7
11.8642105086316	44.1959046432763	8994.758	869.057	306179.81
17.4166860666511	46.4984628012298	11725.734	1249.489	374445.43
26.503958796833	55.6678354657316	16253.092	1889.699	481246.28
33.8344229324617	56.5865547307562	20894.35	2313.442	569207.12
47.0566123547101	80.0304559756352	26443.462	3365.123	728940.85
56.9144144684684	88.6171691062647	30679.642	4033.982	849927.85
66.7066166347067	96.0936431250855	33919.089	4691.834	974046.55
75.3488297209362	98.491781206575	43567.445	5250.662	1072966.53
83.0631635494692	99.7658201873438	37116.495	5754.706	1174209.31
90.562267550186	100.0	40496.615	6461.494	1264738.11
