0.000579999536000371	0.0104399916480067	2.798	1.167	34.74
0.00189999848000122	0.0340199727840218	5.795	1.639	94.12
0.00302999757600194	0.0545399563680349	8.196	1.672	148.38
0.00402999677600258	0.0725399419680464	9.043	2.026	186.3
0.00571999542400366	0.102599917920066	13.889	2.215	305.05
0.00613999508800393	0.11015991187207	12.79	2.225	276.66
0.009379992496006	0.168119865504108	19.905	3.304	525.81
0.0150199879840096	0.268379785296172	28.759	3.405	642.6
0.0167899865680107	0.298439761248191	31.695	3.763	757.73
0.024969980024016	0.444959644032285	53.915	4.596	1132.17
0.0618399505280396	1.0974591220327	129.512	7.92	3214.11
0.0806999354400516	1.4065188747849	178.928	10.361	3737.48
0.0938999248800601	1.65365867707306	204.531	11.751	4443.54
0.113899908880073	1.95533843572925	230.78	13.3	5572.08
0.300379759696192	4.79465616427507	577.906	29.124	12487.85
0.301479758816193	5.02271598182721	599.401	28.983	14300.93
0.621379502896398	9.367372506102	1148.766	55.312	28514.16
1.04206916634467	14.6365082907934	1637.034	86.662	49736.47
1.43126885498492	17.6345858923313	1939.668	125.077	64476.87
2.39123808700953	26.0452591637927	2724.261	191.765	99021.16
3.19340744527404	26.7909985672011	2522.539	244.656	128421.52
5.05051595958723	33.1266334986932	2931.193	380.264	178227.2
7.80232375814099	38.8045489563608	3413.916	585.111	245513.32
9.62080230335816	32.7275738179409	3061.311	685.766	280994.06
18.0970255223796	52.7687577849938	5262.947	1311.277	380771.21
26.7850085719931	57.6476538818769	5897.155	1966.972	485256.45
34.0694527444378	57.1155743075406	6146.174	2353.675	572320.82
47.2670821863342	83.0015335987731	9275.495	3419.779	732628.72
57.0836943330445	90.3437277250178	10796.234	4556.992	852611.98
66.8579165136668	97.3302421358063	11529.217	4743.632	969746
75.9380292495766	99.5352403718077	12160.478	5381.729	1084534.46
83.0366435706851	99.7573601941118	12733.383	5804.959	1173974.64
90.595817523346	99.999820000144	14436.959	6277.844	1264801.57
