0.000779999376000499	0.014039988768009	13.885	1.055	40.22
0.00125999899200081	0.0226799818560145	9.241	1.181	60.19
0.00287999769600184	0.0518399585280332	16.892	1.529	153.49
0.00379999696000243	0.0682199454240437	22.218	1.745	186.3
0.00615999507200394	0.110879911296071	73.533	2.622	280.03
0.00848999320800543	0.152639877888098	67.214	3.184	423.16
0.0120999903200077	0.217439826048139	86.827	3.282	546.35
0.012559989952008	0.224819820144144	80.997	3.21	639.23
0.0264199788640169	0.471779622576302	216.372	4.894	1299.53
0.0287199770240184	0.512099590320328	166.832	5.143	1401.75
0.0586199531040375	1.03895916883266	343.797	8.157	2735.33
0.0751499398800481	1.31039895168084	518.218	11.129	3737.48
0.0933699253040598	1.64123868700905	535.355	11.152	4201.89
0.210249831800135	3.5938771248983	1292.381	21.846	9505.75
0.305509755592196	5.09291592566726	1773.964	30.376	13589.5
0.466639626688299	7.50941399246881	2584.597	47.865	23125.15
0.628669497064402	8.76437298850161	3234.81	57.736	27346.48
0.689439448448441	10.4941716046627	3784.465	65.556	30443.06
1.33411893270485	16.3474069220745	5534.647	124.106	58590.34
2.17881825694539	22.8472017222386	7312.854	193.281	93651.41
2.87293770164984	23.7738409809272	7112.522	243.765	110090.79
3.72525701979438	23.8199209440632	6709.057	291.304	142252.08
8.07358354113317	42.5744659404272	12377.157	686.497	245532.5
11.4856708114634	40.9596872322502	11675.79	944.811	302853.32
18.1380054895956	53.3890372887702	15889.845	1519.34	380481.09
26.600228719817	56.28757496994	16570.899	2185.643	482087.3
37.2517401986078	72.4220420623663	23907.384	3154.773	610990.29
46.7417526065979	77.2186782250574	25653.547	3836.173	724477
56.6339846928122	86.3155109475912	26860.55	4670.937	852754.84
65.619847504122	91.2687469850024	28958.054	5401.383	963185.82
75.4637196290243	98.6332610933911	31595.184	6061.633	1082194.46
83.3969932824054	99.8641001087199	32059.607	6909.079	1178020.23
90.584097532722	99.999820000144	32797.592	7230.588	1264865.88
