0.00100999919200065	0.0181799854560116	3.473	1.14	54.66
0.00213999828800137	0.0383399693280245	5.276	1.421	105.55
0.00226999818400145	0.0408599673120262	5.761	1.37	97.49
0.00399999680000256	0.0719999424000461	11.311	1.694	187.99
0.00464999628000298	0.0835199331840535	10.647	1.845	227.87
0.00570999543200365	0.102419918064066	12.258	2.025	247.78
0.0132899893680085	0.238499809200153	29.332	3.235	592.13
0.0172699861840111	0.309239752608198	34.157	4.024	947.08
0.0205799835360132	0.367019706384235	41.677	4.071	1159.38
0.0424699660240272	0.757799393760485	113.151	6.993	1918.59
0.0471999622400302	0.835919331264535	107.132	6.272	2114.52
0.0814499348400521	1.43117885505692	174.513	10.249	4148.22
0.0951099239120609	1.64699868240105	183.205	10.421	4672.5
0.207169834264133	3.54869716104227	465.221	20.904	9700.5
0.232839813728149	3.85379691696247	486.948	21.469	12066.1
0.471639622688302	7.60031391974886	863.318	43.586	21943.74
0.637979489616408	9.64187228650217	1175.65	55.1	31897.22
1.03220917423266	14.5277883777693	1840.956	87.156	44919.31
1.59274872580102	20.1950838439329	2665.061	131.92	68224.96
1.98912840869727	20.5871235303012	2383.915	157.534	83058.12
2.28421817262546	19.3217245426204	2415.591	167.533	91322
5.04589596328323	33.0796535362772	4923.829	373.026	178469.4
7.06197435042052	33.0962135230292	5968.483	501.488	228998.52
12.0972803221757	47.2281822174542	9694.154	903.921	306251.43
18.1893554485156	54.3183765452988	13142.408	1321.197	381683.53
26.9254984596012	58.8124329500536	16489.17	1913.932	486842.48
37.3032101574319	73.6111211111031	22663.385	2658.627	612043.72
44.6393842884926	68.5311651750679	24589.233	3152.761	701336.85
56.7515645987483	87.2599701920238	31088.182	4004.96	848542.69
64.5131083895133	88.0789695368244	29132.834	4523.854	949681.68
75.6413894868884	99.0254807796154	37853.692	5407.991	1076336.04
83.1819234544612	99.8056001555199	38674.074	6357.399	1175380.04
90.583727533018	99.999820000144	42254.747	6299.806	1264865.92
