0.000869999304000557	0.01565998747201	3.248	1.218	48.28
0.00122999901600079	0.0221399822880142	7.111	1.351	60.61
0.00309999752000198	0.0556199555040356	7.35	1.645	139.9
0.00382999693600245	0.068759944992044	14.098	2.148	211.75
0.00554999556000355	0.0998999200800639	12.848	2.385	302.94
0.00830999335200532	0.149579880336096	17.033	2.703	402.35
0.0119499904400076	0.214019828784137	25	3.768	564.16
0.0195499843600125	0.349559720352224	70.72	4.104	860.35
0.0279699776240179	0.50039959968032	60.577	4.777	1284.25
0.0419099664720268	0.745379403696477	76.73	6.611	2141.23
0.0579699536240371	1.02563917948866	104.596	7.781	3112.92
0.0907199274240581	1.59263872588902	186.699	10.847	4542.03
0.0992299206160635	1.7243986204811	203.459	12.34	5773.65
0.197389842088126	3.36761730590616	391.383	19.788	8627.6
0.314819748144201	5.25959579232337	621.854	30.005	15724.02
0.471659622672302	7.60733391413287	890.277	41.311	20638.2
0.696039443168445	10.5782315374148	1219.286	60.81	33436.97
1.03024917580066	12.6842298526161	1300.816	81.468	44317.96
1.06570914743268	15.0726479418816	1725.248	90.672	44489.7
2.38281809374553	25.7900193679845	2642.255	194.174	96905.72
3.14181748654601	26.3147189482248	2453.573	239.305	125786.2
3.52912717669826	22.8119217504626	1983.136	254.796	137733.16
8.03418357265314	41.6264066988746	3682.195	610.651	252718.13
12.1175203059838	47.9550216359827	4807.03	896.686	308690.52
14.3693085045532	36.4179308656553	3402.473	997.347	336354.39
27.2076782338574	61.9413704469036	6078.39	1973.774	492443.02
36.7308506153195	67.172706261835	7051.641	2620.544	605622.98
47.2653321877343	82.9869536104371	9277.292	3369.305	732704.41
56.9643344285325	89.004888796089	10247.17	4056.819	850522.98
66.8928964856828	97.5053819956944	11648.222	4821.723	971441.85
74.8305501355599	97.4562420350064	12027.634	5202.174	1075964.29
83.5971931222455	99.915220067824	12839.024	5832.607	1177429.79
90.5351275718979	99.999640000288	13625.76	6324.894	1264199.7
