0.00101999918400065	0.0183599853120118	3.571	1.059	48.28
0.00182999853600117	0.0329399736480211	9.424	1.189	94.12
0.00319999744000205	0.0572399542080366	15.146	1.452	163.66
0.00320999743200205	0.057779953776037	7.726	1.269	139.9
0.00541999566400347	0.0975599219520624	15.769	1.362	263.06
0.00824999340000528	0.148319881344095	16.947	1.714	393.03
0.0106999914400068	0.192419846064123	20.712	2.098	520.7
0.017209986232011	0.308879752896198	38.482	2.353	847.24
0.028059977552018	0.501839598528321	83.301	3.177	1432.04
0.0434899652080278	0.773639381088495	93.281	4.488	1893.13
0.0619799504160397	1.0996191203047	130.401	6.387	3054.37
0.0827199338240529	1.44971884022493	164.841	7.671	3702.27
0.131889894488084	2.28815816947346	256.789	11.899	5794.43
0.213139829488136	3.64337708529833	417.837	18.504	9897.15
0.225419819664144	3.73175701459439	479.64	18.636	12787.47
0.382569693944245	6.1009151192679	690.884	30.298	16987.52
0.619039504768396	9.32111254310997	1029.658	49.332	29474.67
1.05844915324068	14.9248680601056	1691.384	83.953	45392.18
1.59399872480102	20.0995039203969	2161.24	122.85	66359.34
2.33390813287349	25.0955799235361	2560.509	180.747	96952.64
3.36562730749815	28.7477770017784	2738.574	256.659	128477.52
4.34857652113878	27.4128980696815	2398.775	300.76	159092.23
7.19979424016461	33.9234928612057	3079.23	505.065	232922
11.1817610545912	39.037288770169	3550.075	755.929	299022.9
15.8940372847702	40.2494078004738	3774.809	1053.727	357464.51
27.2707081834335	62.7882697693842	6271.624	1889.172	491619.99
37.2889101688719	73.1157615073908	7853.498	2597.33	611606.49
47.2475922019262	82.7185738251409	8990.596	3243.996	734094.5
57.1433642853086	91.0073871940902	10230.595	3982.578	853681.04
66.1450970839223	93.4024652780278	11004.145	5679.839	961792.19
74.5311903750477	97.0246023803181	11349.689	7068.302	1064426.5
83.9955528035578	99.976240019008	13027.863	10454.369	1185100.31
90.594797524162	99.999820000144	13243.68	11040.291	1264845.77
