0.000679999456000435	0.0122399902080078	5.054	1.03	34.74
0.00193999844800124	0.0347399722080222	11.88	1.333	105.13
0.00253999796800163	0.0457199634240293	16.036	1.529	144.16
0.00380999695200244	0.0685799451360439	25.222	1.713	165.34
0.00407999673600261	0.0732599413920469	24.96	1.848	197.74
0.00881999294400564	0.158759872992102	52.472	2.644	402.35
0.0131499894800084	0.236159811072151	97.938	3.356	662.09
0.0177199858240113	0.317339746128203	121.593	4.438	839.6
0.0248999800800159	0.444239644608284	175.908	5.778	1111.84
0.0413799668960265	0.737099410320472	253.336	6.646	1999.79
0.0615499507600394	1.07981913614469	389.438	8.768	3124.41
0.0631099495120404	1.11707910633671	372.247	8.681	3054.37
0.134769892184086	2.3439581248335	782.691	14.997	5992.06
0.149439880448096	2.54411796470563	981.543	16.023	8596.21
0.302559757952194	5.04377596497923	1738.499	29.65	13264.77
0.471269622984302	7.59095392723686	2679.612	47.454	22384.44
0.708549433160453	10.8055713555429	3782.167	71.323	34056.13
0.878139297488562	12.1350502919598	4131.651	81.72	38799.28
1.29677896257683	15.8353073317541	5293.022	113.22	55133.88
2.35170811863351	25.2624397900482	8302.703	213.653	101986.09
2.77502777997778	22.9343216525427	6884.423	244.396	109779.62
5.37871569702744	37.4021700782639	10747.739	504.054	188380.35
8.07556353954917	42.7235058211953	12253.515	684.841	250146.38
12.1063303149357	47.5183419853264	14422.02	1057.187	306600.88
18.2175354259717	54.5313163749469	16218.241	1517.731	383200.39
27.0214483828413	59.8735321011743	18366.71	2280.299	488304.05
36.6364506908394	66.5146267882986	21317.447	2991.274	605340.91
47.2350122119902	82.2624541900366	24940.269	3908.647	733336.37
56.7492346006123	87.1444102844718	27968.398	4748.935	853367.5
66.1099371120503	93.2627853897717	29488.565	5454.955	961480.12
75.7330694135445	99.1925206459835	32305.292	6159.854	1078054.11
84.1113427109258	99.989380008496	32624.076	6728.844	1185593.6
90.574327540538	100.0	32667.43	7181.081	1264756.97
