0.00102999917600066	0.0185399851680119	6.7	0.911	54.23
0.0018699985040012	0.0336599730720215	12.745	0.977	97.49
0.0029699976240019	0.0534599572320342	29.738	1.162	141.58
0.00379999696000243	0.0683999452800438	22.814	1.133	196.05
0.00558999552800358	0.100259919792064	37.163	1.511	247.78
0.00598999520800383	0.107639913888069	52.474	1.396	273.23
0.0116299906960074	0.207899833680133	63.266	1.814	513.9
0.0138099889520088	0.247859801712159	77.131	2.071	591.29
0.0154599876320099	0.275759779392176	123.659	2.185	750.93
0.042129966296027	0.750779399376481	245.491	4.485	1892.71
0.0469799624160301	0.832139334288533	278.985	5.095	2114.52
0.0878799296960562	1.54655876275299	513.337	8.655	3877.27
0.141919886464091	2.46689802648158	840.175	13.199	7065.24
0.148419881264095	2.52017798385761	873.846	14.376	7936.72
0.221449822840142	3.67181706254635	1430.582	21.277	10697.9
0.469829624136301	7.56791394566884	2777.306	42.244	21601.05
0.709619432304454	10.8340113327909	3773.087	61.286	32561.88
0.982229214216629	13.6479490816407	4596.168	82.857	44253.65
1.58586873130502	19.9961840030528	6932.209	138.09	66300.41
2.36015811187351	25.3567597145922	8012.542	206.664	101788.92
3.39470728423417	29.1032767173786	10656.106	282.369	127198.71
5.33825572939542	36.4683308253353	10397.192	432.306	191242.54
8.06678354657316	42.7058658353073	12104.851	649.379	248182.71
12.1278302977358	47.9822016142387	13683.214	975.506	309892.96
18.0803055357556	52.5127979897616	15191.854	1429.185	380161.25
25.1929598456321	50.0979199216641	14768.862	1962.881	467783.73
36.7296806162555	67.159926272059	20252.656	2929.231	605608.83
44.5310643751485	68.2635053891957	21475.452	3474.928	699843.76
56.5610047511962	85.8271713382629	26761.006	4606.978	852200.34
66.7801965758427	96.7976225619019	31888.364	5866.55	970165.55
73.9038808768953	95.9102232718214	31119.75	6162.356	1055512.41
83.7419630064296	99.940060047952	32584.2	9514.982	1179942.72
90.59843752125	99.999820000144	33170.68	10869.325	1264828.03
