0.000829999336000531	0.0149399880480096	6.803	1.131	44.07
0.00145999883200093	0.0262799789760168	9.776	1.198	73.3
0.00257999793600165	0.0464399628480297	15.552	1.432	124.2
0.00357999713600229	0.0642599485920411	21.158	1.641	175.09
0.00603999516800387	0.108539913168069	38.444	2.229	288.09
0.00670999463200429	0.120419903664077	41.801	2.29	306.74
0.0128699897040082	0.231299814960148	75.624	3.284	586.18
0.0170599863520109	0.305279755776195	96.01	4.361	947.08
0.0262199790240168	0.466739626608299	164.138	4.951	1132.17
0.0278099777520178	0.496079603136317	178.974	5.095	1422.3
0.0624099500720399	1.10645911483271	439.281	8.673	2960.43
0.09377992497606	1.64879868096106	587.039	11.498	4763.98
0.142949885640091	2.48633801092959	850.656	15.314	6649.61
0.18759984992012	3.20453743637005	1096.778	20.701	8240.78
0.28189977448018	4.685936251251	1869.738	29.357	12262.4
0.456799634560292	7.3475941219247	2523.451	45.598	20174.07
0.712719429824456	10.886211291031	4005.78	67.288	31933.07
1.03749917000066	14.6122083102334	5431.984	95.254	46545.79
1.59588872328902	20.1630438695649	6679.852	150.14	65894.6
2.07678833856933	21.6170827063338	6666.125	183.602	87016.45
3.57658713873029	31.5806147355082	9281.998	315.907	136698.59
4.81616614706708	30.8663753068998	8497.238	425.35	174968.25
8.07109354312517	42.6410658871473	12145.493	692.532	246881.18
12.0972403222077	47.2451022039182	14672.799	1013.907	306117.91
17.5461259630992	47.3727221018223	14095.675	1487.587	375956.35
23.8276809378552	46.5386027691178	14032.975	1902.418	451158.33
36.8501605198716	68.0881855294516	20640.4	3036.304	607234.94
47.2762321790143	83.1134935092052	26486.8	3900.419	733783.38
56.4833348133321	85.5004715996227	26984.671	4664.912	844280.76
66.8439665248268	97.0606023515181	33792.385	5500.423	973704.35
74.6537202770238	97.2436622050702	31022.707	5946.715	1066122.58
83.5411131671095	99.9015400787679	32299.141	6650.366	1180231.9
90.591607526714	99.999820000144	33126.151	7227.379	1264856.03
