0.0010899991280007	0.0196199843040126	3.403	0.998	55.5
0.00182999853600117	0.0329399736480211	4.988	0.981	94.12
0.00192999845600124	0.0347399722080222	5.076	1.031	86.9
0.0020299983760013	0.0363599709120233	5.287	1.007	112.34
0.00459999632000294	0.0824399340480528	11.04	1.282	245.26
0.00876999298400561	0.157319874144101	19.201	1.469	380.75
0.0126799898560081	0.227339818128145	26.145	1.849	577.27
0.01561998750401	0.279719776224179	35.672	1.976	847.24
0.0269299784560172	0.480419615664307	60.186	2.924	1363.14
0.042229966216027	0.751679398656481	84.054	4.253	1999.79
0.0634599492320406	1.12247910201672	122.565	5.829	3203.52
0.0928099257520594	1.63475869219305	179.518	8.371	4216.74
0.14091988726409	2.45717803425757	314.625	13.163	6303.6
0.206309834952132	3.53411717270626	452.569	17.671	10503.13
0.3131097495122	5.23583581133135	679.906	25.42	14561.3
0.463319629344297	7.44245404603676	1023.361	38.412	23241.6
0.708019433584453	10.8224913420069	1330.48	57.837	33080.65
1.06076915138468	15.0434879652096	1863.242	84.956	48859.29
1.57652873877701	19.8037641569887	2378.081	122.692	71634.16
2.1875082499934	22.9789616168307	2533.513	161.564	94171.36
2.98714761028191	24.7876001699199	2942.371	213.702	118614.75
5.38548569161145	37.6050299159761	5420.279	400.995	179864.94
7.90766367386906	40.0020879983296	6944.004	537.369	248834.72
12.1153503077198	47.9255016595987	9825.985	821.508	308593.01
16.3995868803305	41.8740865007308	11087.236	1077.342	362243
23.8607109114313	46.6136627090698	14618.778	1579.137	451599.61
36.6804506556395	66.8116265506988	21056.36	2492.283	605294.59
44.7017642385886	68.698565041148	24758.069	2973.844	702247.53
53.5611671510663	76.0031391974886	28945.444	3597.4	806950.1
64.8787680969855	89.030628775497	30327.922	4528.89	954245.83
75.7057994353604	99.1421206863035	38660.788	12846.222	1077522.86
84.1089327128538	99.989020008784	39424.212	15171.896	1185594.04
90.586097531122	99.999820000144	43480.047	18614.249	1264863.86
