0.000929999256000595	0.0167399866080107	4.007	1.332	48.28
0.00188999848800121	0.0340199727840218	5.187	1.433	95.38
0.0021799982560014	0.0392399686080251	5.547	1.569	113.19
0.00230999815200148	0.0413999668800265	6.75	1.513	115.71
0.00529999576000339	0.0953999236800611	52.924	2.269	243.99
0.00618999504800396	0.111239911008071	12.752	2.646	378.59
0.0121499902800078	0.217619825904139	24.065	3.663	607.41
0.0189899848080122	0.338939728848217	36.351	4.02	818.36
0.0269499784400172	0.482039614368309	52.511	5.176	1335.99
0.0424799660160272	0.757079394336485	97.37	6.32	2031.61
0.0592899525680379	1.05101915918467	150.669	7.812	2603.22
0.0759699392240486	1.32587893929685	180.861	9.726	3445.13
0.141689886648091	2.46203803036958	283.352	15.389	6303.6
0.205259835792131	3.52241718206625	446.506	19.934	10425.39
0.28110977511218	4.67603625917099	573.554	25.586	12262.4
0.414669668264265	6.28595497123602	713.536	36.572	18480.84
0.473599621120303	7.61453390837287	829.777	43.308	20684.62
0.970909223272621	13.5165491867607	1564.645	83.269	45743.42
1.45077883937693	17.9665056267955	2381.861	121.931	67602.02
2.09490832407334	21.7870025703979	2161.027	163.04	86968.07
3.41268726985018	29.4009964792028	2722.885	262.706	126921.44
3.51354718916225	22.7384818092146	2039.385	250.731	137385.37
8.04902356078115	41.8247665401868	8525.471	599.914	252410.32
11.7419206064635	42.9722656221875	3636.673	853.53	305612.89
18.1855154515876	54.3608565113148	5142.529	1314.571	382123.2
26.0935991251207	53.4835372131702	5250.808	1846.146	475421.3
37.3101501518799	73.6420810863351	7529.534	2680.909	614058.01
47.2618021905582	82.9271936582451	11725.909	3440.303	733129.75
57.2014042388766	91.7077666337867	10070.108	4097.639	853969.87
66.8687465050028	97.2767821785743	11171.458	4724.792	972515.56
75.9636392290886	99.5599003520797	11873.236	5496.469	1085853.78
83.8750928999257	99.961120031104	12307.5	5860.444	1184263.95
90.590017527986	99.999820000144	12558.216	6251.943	1264788.62
