0.00104999916000067	0.0188999848800121	3.51	1.124	49.54
0.00114999908000074	0.0206999834400132	3.941	1.186	60.19
0.00194999844000125	0.0349199720640224	6.708	1.51	129.31
0.00386999690400248	0.0696599442720446	10.623	1.719	210.07
0.0057799953760037	0.103679917056066	12.007	2.031	243.99
0.00895999283200574	0.161099871120103	20.308	2.585	430.32
0.0101199919040065	0.180719855424116	20.986	2.874	510.51
0.0119399904480076	0.214739828208137	23.33	3.148	546.35
0.0216799826560139	0.387899689680248	43.794	4.332	1032.77
0.0292799765760187	0.519119584704332	58.352	5.165	1401.75
0.0627299498160401	1.11347910921671	124.458	7.744	2825.09
0.0833999332800534	1.46249883000094	239.124	10.866	3702.27
0.106519914784068	1.84517852385718	220.176	11.54	4699.65
0.209079832736134	3.57299714160229	384.431	20.217	9384.24
0.314979748016202	5.26715578627537	625.575	30.513	13936.81
0.425739659408272	6.81389454888436	1526.878	41.036	22682.08
0.465709627432298	7.00847439322049	791.732	41.001	22366.57
1.05831915334468	14.9099280720575	1664.751	93.063	47032.65
1.51879878496097	18.9750448199641	2187.865	127.889	64749.66
2.23186821450543	23.5740411407671	2675.106	174.775	89148.52
3.57509713992229	31.5698147441482	3770.473	277.653	136825.33
5.36172571061943	36.8751304998956	5323.454	448.746	187898.71
6.04197516641987	28.2430574055541	5224.576	416.443	205531.04
12.1059903152077	47.6848418521265	9737.353	891.148	306309.06
17.5674459460432	47.5196019843184	11846.577	1252.414	376083.52
24.4736204211037	48.1028015177588	15872.59	1701.558	459762.73
33.5818931344855	56.0445751643399	19565.885	2338.675	566245.19
47.2530721975422	82.5490139607888	27572.312	3355.06	733396.12
55.5341455726835	81.18767504986	30374.089	3893.091	831746.53
66.4599768320185	94.7598441921246	32302.888	4737.049	970021.76
75.9716592226726	99.5881603294717	37290.113	5359.246	1085375.46
83.9752228198217	99.974620020304	40406.731	5875.586	1185158.27
90.59713752229	99.999820000144	41008.052	6234.654	1264831.59
