0.00085999931200055	0.0154799876160099	3.314	1.185	48.28
0.00136999890400088	0.0246599802720158	4.083	1.069	88.58
0.00266999786400171	0.0480599615520308	6.502	1.202	138.63
0.00268999784800172	0.0482399614080309	28.746	1.256	144.16
0.00619999504000397	0.111419910864071	16.693	1.521	273.23
0.00849999320000544	0.152639877888098	46.966	1.716	437.12
0.012469990024008	0.223919820864143	24.723	2.27	624.37
0.0191399846880123	0.342899725680219	39.14	2.346	860.35
0.0276199779040177	0.493199605440316	52.055	2.958	1255.44
0.0373999700800239	0.667619465904427	71.804	3.699	1662.59
0.0510399591680327	0.904499276400579	97.844	5.305	2501.82
0.0920699263440589	1.61891870486504	194.555	8.137	4475.38
0.118129905496076	2.05073835940931	280.677	10.239	5561.01
0.206539834768132	3.53609717112226	406.288	17.357	10104.19
0.313569749144201	5.23385581291535	573.146	26.435	15316.18
0.463079629536296	7.44983404013277	921.675	37.276	23380.89
0.523439581248335	7.84835372131702	937.41	44.692	26322.69
1.05552915557668	14.8656481074815	1683.105	83.761	48683.14
1.46728882616894	18.1367854905716	1924.752	112.785	65668.61
2.39323808540953	26.0922391262087	2685.865	182.961	95628.01
2.43189805448156	20.345563723549	2030.677	168.208	103373.19
5.38154569476344	37.5965699227441	3262.936	388.401	179835.58
8.07363354109317	42.6693258645393	3770.45	569.864	246251.67
12.0444203644637	46.3087429530056	4121.825	858.943	310144.74
18.1380654895476	53.3859772912182	4901.866	1244.444	380485.14
26.2795189763848	54.3894764884188	5211.546	1802.878	478280.12
37.2371402102878	72.1977622417902	7446.811	2597.783	610857.37
46.9629724296221	78.9927568057946	8265.596	3193.76	727462.43
56.7127346298123	87.0104903916077	9351.938	3912.095	847736.94
66.5609167512666	95.273203781437	11551.361	5899.988	971148.04
75.1112699109841	98.0682415454068	11341.235	9298.263	1071020.69
83.7874329700536	99.948880040896	12744.218	10148.788	1183137.34
90.569857544114	100.0	13145.738	10986.137	1264748.62
