0.000959999232000614	0.0172799861760111	6.224	0.897	46.59
0.00181999854400116	0.032759973792021	11.589	1.028	107.65
0.00309999752000198	0.0557999553600357	21.233	1.087	148.38
0.00363999708800233	0.0655199475840419	26.502	1.191	193.1
0.00496999602400318	0.0894599284320573	47.57	1.292	227.87
0.0073499941200047	0.132119894304085	53.446	1.621	406.62
0.00820999343200525	0.147599881920094	48.683	1.527	353.41
0.018789984968012	0.337139730288216	108.026	2.492	872.26
0.0215399827680138	0.385199691840247	123.748	2.798	1159.38
0.0254699796240163	0.454319636544291	154.148	3.109	1132.17
0.0475199619840304	0.837719329824536	321.046	5.029	2065.14
0.0557999553600357	0.989819208144634	423.603	5.755	2488.2
0.14071988742409	2.44781804174557	870.496	12.7	6299.81
0.211239831008135	3.61529710776231	1280.076	20.684	9897.15
0.314269748584201	5.26661578670737	1717.764	28.375	13912.15
0.455229635816291	7.30547415562068	2823.552	40.293	19933.66
0.713369429304457	10.884951292039	4009.204	62.974	31707.19
1.06531914774468	15.0623879500896	5300.216	90.575	47809.58
1.55255875795299	19.5199043840765	6342.049	131.46	66143.78
2.39084808732153	25.9034192772646	8295.207	203.44	98294.92
2.68771784982572	22.2226022219182	6342.329	215.676	110035.49
5.37308570153144	37.0268703785037	10639.269	444.63	186022.35
8.06987354410117	42.4216460626832	12362.444	666.379	249870.47
10.974571220343	37.9112096710323	10763.723	862.909	294989.37
18.2134054292757	54.5246563802749	17916.945	1463.288	382978.23
27.2877381698095	63.0721295422964	19086.193	2172.849	490955.33
37.0916903266477	70.331163735069	21471.673	2984.478	609248.35
47.2410822071342	82.3607341114127	26017.903	3881.684	733285
57.1771842582526	91.3992468806025	28273.282	4538.503	854196.07
66.8937264850188	97.5206819834544	30850.527	5944.196	971358.24
74.8288801368959	97.5502019598384	31544.559	6589.46	1068374.32
83.9864328108538	99.975880019296	32186.78	9514.188	1185026.96
90.598177521458	99.999820000144	32838.27	10868.478	1264838.48
