0.0010999991200007	0.0197999841600127	7.454	0.921	51.29
0.00200999839200129	0.0361799710560232	12.701	0.995	99.59
0.00257999793600165	0.0464399628480297	15.925	1.226	113.19
0.00294999764000189	0.0529199576640339	53.321	1.333	144.16
0.00566999546400363	0.101879918496065	31.496	1.323	263.06
0.00661999470400424	0.118619905104076	49.836	1.419	378.59
0.0104699916240067	0.18791984966412	62.79	2.252	520.7
0.010949991240007	0.196379842896126	78.126	1.784	510.51
0.0268299785360172	0.478619617104306	156.298	3.216	1231.45
0.0273399781280175	0.485999611200311	161.526	3.491	1132.17
0.0517599585920331	0.918719265024588	355.727	5.408	2501.82
0.0604099516720387	1.06577914737668	387.99	6.13	3124.41
0.138789888968089	2.41847806521755	869.407	14.9	6278.14
0.139779888176089	2.38931808854553	770.293	12.917	6967.57
0.316999746400203	5.28443577245138	1941.744	28.323	14793
0.455959635232292	7.32293414165269	2780.792	41.106	19799.14
0.707919433664453	10.7886513690789	3869.862	62.116	31997.24
0.989069208744633	12.1962502429998	4067.48	81.391	40290.27
0.998919200864639	13.9359488512409	4808.549	85.759	42047.04
1.94477844417724	20.0957239234209	6213.53	159.37	79512.94
2.94355764515388	24.3871004903196	6999.092	236.768	115063.26
5.36756570594744	36.9831304134957	10578.248	463.802	186342.82
8.07498354001317	42.6178459057233	12321.719	647.155	246314.61
11.0210511831591	38.1435894851284	10694.009	837.413	295731.2
16.7211066231147	43.0566855546516	14011.268	1313.357	365082.01
27.2774781780175	62.9248896600883	19050.311	2233.645	490693.34
36.5042307966154	65.647927481658	20491.638	2836.975	604165
46.0528931576855	73.2698413841269	22967.871	3653.124	716389.7
57.1951742438606	91.5877067298346	28513.438	4994.028	854315.42
64.5735583411533	88.2256694194645	27823.954	5262.347	950395.69
74.2975305619755	96.6044827164138	30541.301	6279.094	1061450.42
83.5486231611015	99.9033400773279	32577.438	9533.963	1176757.35
90.590907527274	99.999820000144	33012.045	10965.96	1264857.48
