0.000759999392000486	0.0136799890560088	2.972	0.916	51.71
0.00193999844800124	0.0349199720640224	4.885	0.992	97.49
0.00232999813600149	0.0419399664480268	5.946	1.079	105.55
0.00388999688800249	0.0698399441280447	8.664	1.139	183.78
0.00552999557600354	0.0995399203680637	15.794	1.248	263.06
0.00855999315200548	0.153539877168098	18.867	1.58	393.03
0.012539989968008	0.224819820144144	24.689	1.81	577.69
0.0185399851680119	0.332459734032213	36.583	2.254	977.22
0.0241399806880154	0.431279654976276	47.311	2.6	1248.2
0.0322799741760207	0.574739540208368	62.095	3.493	1414.24
0.0622699501840399	1.0934991252007	142.23	5.946	3124.41
0.063999948800041	1.13273909380872	133.554	5.616	3181.02
0.0862399310080552	1.49831880134496	186.923	7.422	3769.75
0.185009851992118	3.15575747539402	391.503	16.779	8970.35
0.3121997502402	5.21531582774734	665.987	25.908	13829.25
0.442909645672283	7.08065433547653	860.303	35.108	19059.32
0.696479442816446	10.5841715326628	1291.058	55.785	33432.25
0.821959342432526	11.2906709674632	1317.597	64.217	34198.86
1.54265876587299	19.3685245051804	2281.882	125.749	63609.31
2.36404810876151	25.4586396330883	2912.176	175.525	100747.45
3.5877371298103	32.0154943876045	3620.689	267.178	137678.37
5.24799580160336	35.4396316482947	5370.847	379.744	186177.89
6.05598515521188	28.3053373557301	5504.374	402.15	206053.09
11.5768607385114	41.6454866836107	8705.205	788.542	303515.3
18.1141555086756	52.9975376019699	12668.423	1233.5	380811.12
26.8039585568332	57.796333762933	16173.776	1828.528	485677.44
33.8107129514296	56.5334547732362	19229.545	2230.134	568929.33
47.2755021795983	83.1561534750772	26846.259	3278.899	734286.88
56.9296644562684	88.7341690126648	31135.036	3887.75	850051.98
64.8191981446415	88.8722289022169	29936.977	4401.24	953390.69
74.944030044776	97.6742218606225	35033.499	10645.065	1077008.31
84.1178127057498	99.9910000072	40408.696	14806.914	1186365.5
90.540747567402	99.999640000288	41849.091	18690.202	1264326.89
