0.00099999920000064	0.0179999856000115	3.713	1.181	51.29
0.00212999829600136	0.0383399693280245	8.487	1.524	99.17
0.00257999793600165	0.0464399628480297	8.522	1.437	148.38
0.00341999726400219	0.0615599507520394	7.986	1.679	152.23
0.00365999707200234	0.0656999474400421	8.352	1.705	165.34
0.0068799944960044	0.123479901216079	14.328	2.381	378.59
0.00902999277600578	0.162359870112104	32.222	2.584	543.34
0.0122499902000078	0.21941982446414	25.879	3.009	639.23
0.0256899794480164	0.459359632512294	55.576	4.812	1299.53
0.0257099794320165	0.458459633232293	59.682	4.333	1132.17
0.0631999494400405	1.12103910316872	125.355	7.683	3181.02
0.0802899357680514	1.4056188755049	188.851	9.263	4148.22
0.141419886864091	2.45231803814557	290.586	14.594	6385.55
0.213569829144137	3.65471707622634	430.538	21.395	9289.33
0.314719748224201	5.25905579275537	715.116	28.671	14561.3
0.471789622568302	7.59959392032486	904.838	41.761	20616.47
0.708599433120453	10.8374313300549	1354.528	62.601	30454.99
0.877779297776562	12.1282102974318	1445.53	72.792	38835.59
1.59898872080902	20.254483796413	2298.268	133.045	65817.48
2.39357808513753	26.0828791336967	3173.177	192.08	93995.05
2.85914771268183	23.6552210758231	2829.014	219.975	109440.21
5.1623058701553	34.371332502934	6572.384	394.092	178127.65
7.43832404934076	35.5787715369828	6806.43	530.37	236968.91
11.8308205353436	43.794504964396	9232.924	881.559	305837.79
18.0147955881635	51.6909186472651	12237.062	1305.997	377892.85
27.3147481482015	63.6668490665207	17333.876	1978.492	491061.44
37.3023501581199	73.6147211082231	23186.582	2831.925	612803.21
45.6105435115652	71.4898228081418	25109.192	3213.367	711590.85
57.0261543790765	89.7000482399614	30839.793	4080.774	851117.38
66.0192971845622	92.7926257658994	31895.828	4617.372	967621.03
76.0349891720087	99.6850002519998	36365.452	5313.93	1086013.16
83.3801732958614	99.8588801128959	38845.059	5702.233	1177789.7
90.55873755301	99.999820000144	42231.903	6350.462	1264593.24
