0.000659999472000422	0.0118799904960076	2.965	1.04	48.28
0.00164999868000106	0.0295199763840189	4.7	1.171	80.1
0.00219999824000141	0.0394199684640252	5.425	1.182	105.55
0.00323999740800207	0.0583199533440373	7.593	1.271	162.81
0.00615999507200394	0.110699911440071	13.088	1.435	275.81
0.00882999293600565	0.158579873136102	19.201	1.657	437.12
0.00980999215200628	0.176039859168113	20.434	1.669	543.34
0.0116899906480075	0.208799832960134	29.351	1.886	513.9
0.0251699798640161	0.449639640288288	50.489	2.796	1111.84
0.0351499718800225	0.627839497728402	65.882	3.571	1671.49
0.056179955056036	0.995939203248637	171.289	5.206	3112.92
0.0893399285280572	1.57193874244901	189.105	8.169	4075.63
0.14026988778409	2.43737805009756	283.926	13.222	6303.6
0.169869864104109	2.83301773358581	330.142	14.312	8307.03
0.205449835640132	3.50819719344225	418.7	17.988	9140.02
0.39011968790425	6.21953502437198	703.223	32.179	17985.45
0.643799484960412	9.72017222386222	1019.524	51.422	32504.29
1.03236917410466	14.5281483774813	1713.043	81.02	44580.98
1.59649872280102	20.2157838273729	2425.076	121.487	64827.44
2.39686808250553	26.1521790782567	2679.32	181.992	96816.02
3.5896771282583	32.0597743521805	3025.162	272.415	133890.71
5.37307570153944	37.0400103679917	3329.863	385.785	186086.52
8.07325354139717	42.7215258227793	3838.627	576.999	249490.51
12.1142303086158	47.8716817026546	4286.356	922.405	308407.71
17.9451656438675	50.8886592890726	4621.726	1208.203	377783.92
24.3680705055436	47.8302817357746	4747.589	1583.799	458404.07
37.3099901520079	73.5378611697111	7538.749	2683.051	612230.68
47.2802821757743	83.2060134351892	8778.157	3295.642	734014.48
56.244455004436	84.1610926711259	9008.343	3818.8	840869.67
66.8153165477468	96.819402544478	11205.742	6613.207	975840.79
73.458941232847	95.1542238766209	11028.006	6469.334	1049945.8
83.8589529128377	99.960040031968	12154.38	10642.899	1182669.42
90.598817520946	99.999820000144	12774.645	10999.454	1264823.79
