0.000939999248000602	0.0169199864640108	3.736	1.051	55.5
0.0012499990000008	0.0224999820000144	6.05	1.109	72.88
0.00256999794400164	0.0462599629920296	6.212	1.225	129.73
0.00260999791200167	0.0469799624160301	7.372	1.209	113.19
0.00554999556000355	0.0998999200800639	11.794	1.686	302.94
0.00802999357600514	0.144359884512092	17.826	1.517	402.35
0.00824999340000528	0.147959881632095	17.465	1.633	353.41
0.0191399846880123	0.341999726400219	36.381	2.403	851.87
0.0277099778320177	0.496979602416318	52.207	3.212	1262.18
0.0419399664480268	0.748079401536479	91.022	4.185	1918.59
0.0613199509440392	1.0891791286567	156.792	5.77	2759.95
0.0883499293200565	1.556278754977	171.784	7.844	4323.66
0.0909999272000582	1.57517873985701	180.064	8.082	3769.75
0.173689861048111	2.9645976283219	519.034	14.62	8285.36
0.278809776952178	4.46921642462686	525.702	23.619	12468.74
0.309129752696198	5.1492558805953	654.928	26.579	15293.2
0.713019429584456	10.873611301111	1222.014	57.695	30266.26
1.05640915487268	14.8703281037375	1814.542	80.548	47096.87
1.59202872637702	20.0492839605728	2320.263	122.927	68517.29
1.85065851947318	19.0601847518522	1989.088	135.221	74697.3
3.4351672518662	29.714016228787	2895.806	248.384	128126.27
5.38292569365944	37.6340098927921	3406.153	398.164	181124.53
7.60900391279687	36.9743104205517	3319.084	527.194	239952.35
9.20052263958189	31.5179747856202	2861.157	592.931	275436.26
16.7685565851547	43.2462254030197	3877.359	1131.391	365932.86
25.1091099127121	49.8473601221119	5061.022	1689.569	467040.74
37.3027801577759	73.5556811554551	7446.016	2609.381	611830.73
45.9160132671894	72.6787218570225	7666.288	3073.006	714495.23
56.6046647162682	86.1178711057031	9967.244	3972.941	852526.82
63.985318811745	86.8517305186156	10299.385	4462.433	944276.92
74.7800901759279	97.3680421055663	11666.573	7584.877	1075539.13
84.1194727044218	99.990820007344	12755.321	10699.298	1186302.31
90.578407537274	100.0	13450.41	11048.121	1264767.74
