0.000669999464000429	0.0120599903520077	5.386	1.012	40.22
0.00198999840800127	0.0358199713440229	16.717	1.381	96.22
0.00282999773600181	0.0509399592480326	27.296	1.543	133.52
0.003119997504002	0.0561599550720359	19.893	1.754	152.23
0.00549999560000352	0.0989999208000634	32.524	2.228	285.98
0.00761999390400488	0.136979890416088	47.913	2.405	365.9
0.0129099896720083	0.232199814240149	77.101	3.427	592.13
0.0189299848560121	0.338759728992217	131.271	4.081	915.68
0.0228199817440146	0.404279676576259	149.729	4.51	1122.43
0.0253299797360162	0.451979638416289	147.55	4.85	1389.42
0.0545299563760349	0.963359229312617	348.919	7.481	2787.16
0.0914199268640585	1.61027871177703	534.248	11.103	4780.52
0.138519889184089	2.41037807169754	871.414	17.603	6687.79
0.152989877608098	2.60045791963366	960.385	17.331	8596.21
0.287139770288184	4.77701617838706	1792.364	29.579	13601.01
0.472879621696303	7.61057391154087	2801.7	51.126	23303.35
0.677169458264433	10.2900517679586	3709.46	64.372	30034.95
1.02635917891266	14.4323884540892	5153.358	97.11	43314.22
1.53617877105698	19.2749245800603	6388.311	140.773	62590.93
2.39307808553753	26.0819791344167	8046.509	216.654	92635.53
3.50506719594624	30.6494754804196	9862.858	305.841	137098.97
5.38673569061145	37.6048499161201	10635.57	484.255	182834.28
8.07485354011717	42.6617658705873	12695.312	682.289	246723.31
11.8986404810876	44.5091043927165	12616.351	978.142	306976.13
18.1291354966916	53.2551173959061	15644.304	1513.695	380604.64
26.6724786620171	56.8054345556524	17294.76	2208.346	482834.33
37.3036101571119	73.5875411299671	22972.022	3134.411	611874.41
47.0443523645181	79.8864560908351	24849.927	3867.877	728517.74
55.2356758114594	80.2196358242913	25724.91	4411.341	828877.49
63.4720392223686	85.7591313926949	27088.309	5268.871	939036.76
75.4353296517363	98.6496410802871	32112.258	6085.187	1073617
83.8126429498856	99.952120038304	32553.83	6822.483	1181560.59
90.599297520562	99.999820000144	33290.645	7207.013	1264818.22
