0.000939999248000602	0.0169199864640108	6.547	1.084	51.29
0.00181999854400116	0.032759973792021	12.495	1.31	86.06
0.00216999826400139	0.0388799688960249	13.906	1.385	129.31
0.00455999635200292	0.0820799343360525	32.833	1.9	196.05
0.0056199955040036	0.101159919072065	57.569	2.234	273.23
0.00919999264000589	0.165419867664106	67.289	2.968	418.05
0.0123999900800079	0.222299822160142	165.022	3.5	577.27
0.0185499851600119	0.332279734176213	119.425	4.263	860.35
0.0274899780080176	0.490319607744314	171.507	6.236	1363.14
0.0332199734240213	0.590579527536378	195.36	5.92	1546.62
0.0496299602960318	0.87461930030456	314.646	7.412	2499.29
0.0595899523280381	1.05497915601668	380.546	8.036	2695.08
0.137269890184088	2.39219808624153	856.277	15.766	7142.29
0.175029859976112	2.98997760801791	1076.36	18.643	8285.36
0.313459749232201	5.22881581694735	1927.123	33.161	14132.75
0.474369620504304	7.64261388590889	2721.535	50.376	20616.47
0.585139531888375	8.22365342107726	3082.13	55.945	27189.43
0.70300943759245	10.7236714210629	3823.563	70.859	32974.67
0.909639272288582	11.3353109317513	3773.27	84.425	40050.18
2.13983828812937	18.3180453455637	5450.073	174.288	85848.31
2.22510821991342	23.496281202975	7357.053	196.031	89837.53
5.1581358734913	34.314452548438	9827.526	439.763	177882.78
8.03455357235714	41.6328866936906	11768.849	676.209	252714.44
11.6085307131754	41.8582465134028	11612.358	975.57	303912.91
18.1673654661076	53.8741369006905	15786.929	1521.141	381900.6
27.3106081515135	63.4947692041846	19019.392	2268.137	490501.79
36.7803205757435	67.5301859758512	20577.371	3048.373	606127.65
45.9366132507094	72.7710617831506	22357.639	3700.379	714801.02
56.7830245735803	87.4088300729359	27324.895	4710.513	853518.07
65.559867552106	91.1551670758663	29138.65	5353.656	954486.74
75.5575395539684	98.8730209015833	32852.809	6210.76	1074886.82
83.5130531895575	99.8947000842399	32360.958	6760.941	1176290.86
90.558447553242	100.0	33110.354	7316.092	1264732.47
