0.00103999916800067	0.018719985024012	15.533	1.219	395
0.00314999748000202	0.0565199547840362	19.287	1.991	1449.58
0.00831999334400533	0.149039880768095	48.341	2.738	3099.16
0.00888999288800569	0.159839872128102	65.322	3.263	3461.12
0.0185899851280119	0.333899732880214	107.918	5.118	8225.13
0.0283399773280181	0.506699594640324	214.73	6.478	11284.69
0.0369399704480236	0.656999474400421	233.993	7.108	13889.61
0.0523199581440335	0.92141926286459	304.133	8.684	19004.83
0.20307983753613	3.46805722555422	1046.319	27.574	67879.38
0.307849753720197	5.13503589197129	1764.682	39.087	89936.24
1.05635915491268	14.9225280619775	4087.837	152.292	361890
2.21681822654542	23.381801294559	2904.507	244.889	559545.85
2.87418770064984	23.7202010238392	2145.507	269.443	610158.18
4.66775626579499	29.5944963244029	2134.278	335.515	703851.29
6.44520484383612	29.8817760945791	2100.753	347.383	734349.87
11.5211707830634	41.2008870392904	2724.971	470.097	721984.36
18.1845654523476	54.5012563989949	4178.433	645.299	736727.91
47.2457722033822	82.861133711093	5758.255	1053.532	801212.92
56.7664045868763	87.4752500198	5163.741	1095.754	822782.62
66.7298066161547	96.5710027431978	5543.917	1258.041	844430.41
75.7046594362725	99.1329406936474	5429.485	1316.398	864485.94
90.573797540962	99.999640000288	5299.794	1381.064	896759.2
