0.000829999336000531	0.0149399880480096	6.17	1.29	367.24
0.00198999840800127	0.0356399714880228	13.353	1.253	900.47
0.00299999760000192	0.0538199569440344	18.024	1.337	1140.11
0.00378999696800243	0.0682199454240437	21.745	1.536	1292.98
0.00422999661600271	0.0759599392320486	36.469	1.582	1754.09
0.0088999928800057	0.160199871840103	74.881	1.973	3052.88
0.0101899918480065	0.183059853552117	62.24	2.148	4618.38
0.0186199851040119	0.333539733168213	114.535	3.278	7801.36
0.0280299775760179	0.49985960011232	175.018	4.163	10710.68
0.0344999724000221	0.612719509824392	212.659	4.828	14445.37
0.0617499506000395	1.0927791257767	350.251	7.833	23281.42
0.0709699432240454	1.2459590032328	438.257	9.062	23997.3
0.141639886688091	2.46257802993758	865.547	18.561	47448.17
0.207269834184133	3.54491716406627	1123.358	25.683	71774.53
0.315069747944202	5.27201578238737	1594.249	38.369	113112.82
0.449739640208288	7.21241423006862	2030.884	53.002	132861.72
0.690809447352442	10.4758116193507	2883.036	76.959	192098.91
0.916109267112586	12.6219499024401	2830.882	127.083	339380.04
1.58571873142501	20.0600839519328	3943.771	205.357	473628.78
2.39094808724153	26.0886391290887	3557.499	276.063	565902.33
3.56767714585828	31.6722346622123	3523.681	343.632	656274.72
4.97996601602719	32.4032140774287	2506.723	357.592	711438.22
6.13942508845993	28.5755171395863	1987.029	319.018	731539.13
11.014651188279	38.0093095925523	2527.298	466.205	721322.05
17.5904459276433	47.7654817876146	3090.727	594.955	736002.06
27.2895981683215	63.6369690904247	4689.396	857.434	757041.82
36.4819308144553	65.551267558986	3915.34	863.898	777794.06
47.2630121895902	83.0805535355572	5708.142	1083.885	801438.63
57.1189343048526	90.8891272886982	5633.614	1215.087	823683.74
65.569677544258	91.2298670161064	5804.777	2897.941	841907.55
76.0013391989286	99.6583602733118	5144.103	3081.81	865001.16
83.9957428034058	99.975340019728	5251.064	3157.676	882831.34
90.597127522298	99.999820000144	5326.449	3179.282	896835.1
