0.000949999240000608	0.0170999863200109	7.014	1.263	387.07
0.00193999844800124	0.0349199720640224	13.338	1.499	853.24
0.00250999799200161	0.0449999640000288	16.057	1.708	829.61
0.00404999676000259	0.0728999416800467	26.558	2.351	1754.09
0.00459999632000294	0.0824399340480528	28.056	2.258	2077.16
0.0096899922480062	0.174419860464112	62.153	4.169	3730.09
0.0115299907760074	0.206999834400132	71.003	3.553	4584.02
0.0194299844560124	0.348119721504223	113.438	5.121	8225.13
0.0257999793600165	0.462599629920296	164.005	6.148	11177.45
0.0419299664560268	0.74951940038448	249.01	8.187	17710.83
0.0628999496800403	1.11707910633671	404.173	11.72	23281.42
0.0930299255760595	1.63817868945705	496.41	14.065	36109.53
0.139029888776089	2.41235807011354	904.323	20.426	47078.35
0.173109861512111	2.89547768361785	902.181	24.664	59233.11
0.20344983724013	3.48137721489823	1256.535	26.902	71559
0.384599692320246	6.12737509809992	1954.494	51.413	126363.47
0.59367952505638	8.9047728761817	2390.795	66.624	186159.61
1.06297914961668	14.9903880076896	3713.463	149.624	391594.58
1.58513873188901	20.0365039707968	4081.802	211.43	468512.87
1.98623841100927	20.4980236015811	2427.372	224.872	536571.34
2.29738816208947	19.3615045107964	1745.389	209.036	556825.37
5.38682569053945	37.6613698709041	3632.631	428.527	721507.62
7.58624393100486	36.6960306431755	2607.996	433.844	740978.57
12.1339802928158	48.0250415799667	3940.12	576.606	723365.25
18.0212855829715	51.8116985506412	3553.777	625.443	736809.56
27.2687581849935	63.3111693510645	4626.124	791.556	757587.51
36.3787308970153	64.9324280540576	3972.648	832.555	777717.17
46.0437631649895	73.2756013795189	4417.053	978.481	798906.16
55.8543953164837	82.4438940448848	5030.56	1217.77	820628.93
64.9554280356576	89.3380685295452	5761.917	1234.122	840183.01
74.2511405990875	96.5391427686858	5619.708	1344.731	860947.49
83.6592130726295	99.9236800610559	5563.903	1455.989	881720.58
90.597227522218	99.999820000144	5558.004	1473.203	896840.42
