0.000929999256000595	0.0167399866080107	7.056	1.007	418.79
0.00115999907200074	0.0208799832960134	8.563	0.972	458.41
0.00197999841600127	0.0356399714880228	13.567	1.052	868.98
0.0028099977520018	0.0505799595360324	17.939	1.193	1140.11
0.00564999548000362	0.101519918784065	31.553	1.493	2217
0.00837999329600536	0.150479879616096	48.333	1.838	3183.95
0.0126799898560081	0.227519817984146	83.692	2.242	4927.31
0.0189199848640121	0.338399729280217	129.442	3.048	8082.7
0.0236999810400152	0.423179661456271	126.049	3.526	9759.78
0.0426199659040273	0.760859391312487	299.894	5.924	15091.12
0.0597799521760383	1.05821915342468	317.45	7.515	22250.5
0.0826199339040529	1.45133883892893	1024.586	11.012	28825.82
0.139439888448089	2.43359805312156	850.694	16.405	55313.53
0.196379842896126	3.35177731857814	1025.41	23.511	67436.83
0.313899748880201	5.24447580441936	1672.686	36.526	100935.69
0.39081968734425	6.23555501155599	1861.659	45.854	131781.08
0.706919434464452	10.7870313703749	4036.675	82.069	195718.78
1.04653916276867	14.7382082094334	3737.38	140.444	374296.92
1.58519873184101	16.4793468165225	1882.288	150.686	465317.71
1.58578873136901	20.0426239659008	3974.816	207.126	462578.49
3.5910471271623	31.9883144093485	3671.155	333.031	669787.7
5.05737595409924	33.1403134877492	2573.894	358.695	714044.05
5.72053542357166	26.9873784100973	2671.027	299.667	724304.08
12.1174803060158	47.8193017445586	3931.284	545.514	723855.56
18.1677054658356	53.9839368128506	4009.128	629.205	737267.5
27.2344582124334	62.7970897623282	4353.064	745.465	757394.39
36.8565705147436	68.3617853105717	4507.297	847.685	778481.43
46.79531256375	77.8088977528818	4597.801	968.844	800823.52
56.5142447886042	85.7605713915429	5095.092	1096.523	822080.25
66.2647869881704	93.9957448034042	5615.331	2908.208	843374.67
75.2385498091601	98.2667813865749	5202.494	2985.204	863118.12
83.1621034703172	99.7985801611359	5072.766	3026.276	880679.55
90.5440075647939	99.999640000288	5168.845	3092.731	896738.51
