0.000989999208000634	0.0178199857440114	7.114	1.205	406.9
0.00184999852000118	0.0332999733600213	12.746	1.396	900.47
0.00277999777600178	0.0498599601120319	16.366	1.572	1034.13
0.00286999770400184	0.0516599586720331	41.559	1.603	1104.8
0.00590999527200378	0.106379914896068	34.599	2.285	2523.3
0.00797999361600511	0.143099885520092	49.408	2.906	3183.95
0.00998999200800639	0.179459856432115	69.082	3.193	4025.39
0.010999991200007	0.196739842608126	61.531	3.24	4438.86
0.0260899791280167	0.466919626464299	142.899	5.665	9651.86
0.0415699667440266	0.741059407152474	248.383	7.783	13706.18
0.0540599567520346	0.955979235216612	320.516	9.237	21309.13
0.0851199319040545	1.49453880436896	516.789	13.199	30814.92
0.121109903112078	2.10545831563335	684.205	17.324	43800.67
0.197819841744127	3.2758173793461	979.095	25.447	65612.89
0.208599833120133	3.57713713829029	1096.07	27.857	71233.65
0.419529664376268	6.34067492746006	1660.001	48.762	133082.94
0.473569621144303	7.61327390938087	2283.847	59.18	159392.21
1.00855919315265	14.120808703353	3112.838	138.716	358356.3
1.47076882338494	18.2143654285077	3679.695	203.434	451988.62
1.62094870324104	16.8481665214668	2037.118	163.978	468643.21
2.58966792826566	21.5153827876938	1935.195	228.459	569934.76
5.20001583998733	34.7077522337982	2840.493	384.793	714200.84
6.57235474211621	30.4730756215395	2295.74	366.082	735466.33
12.0389303688557	46.6442626845899	3465.148	533.566	723717.43
17.8328157337474	49.7679801856159	3182.207	591.549	736629.73
26.7720085823931	57.5673739461008	3558.034	695.789	756153.66
37.2846201723039	73.5920411263671	5332.229	913.824	779110.9
44.4527144378284	68.0392255686195	4139.15	855.923	795003.71
56.9335344531724	88.8972488822009	5789.06	1132.508	822444.29
66.2255170195864	93.788744969004	5308.446	1180.222	844021.93
74.3495905203276	96.6592026726379	5458.847	1278.375	861214.56
83.7735429811656	99.9415000468	5461.646	1335.066	881777.38
90.579607536314	100.0	5337.278	1360.751	896923.06
