0.000809999352000518	0.0145799883360093	6.26	1.068	355.33
0.00178999856800115	0.0322199742240206	11.007	1.201	731.09
0.00208999832800134	0.0376199699040241	18.05	1.233	900.47
0.00301999758400193	0.0543599565120348	18.591	1.315	1104.8
0.0060899951280039	0.10943991244807	35.034	1.9	2306.26
0.00740999407200474	0.133199893440085	44.424	1.733	3018.16
0.0106799914560068	0.191339846928122	67.224	2.173	3526.49
0.0173199861440111	0.309959752032198	98.016	2.911	6871.85
0.0209699832240134	0.374039700768239	143.316	3.516	7467.02
0.0415999667200266	0.741959406432475	281.658	5.876	17710.83
0.0508499593200325	0.893879284896572	305.892	6.791	19004.83
0.0612799509760392	1.0877391298087	352.83	8.13	23976.06
0.138829888936089	2.41505806795355	797.892	19.507	49459.51
0.208889832888134	3.57425714059429	1191.42	25.483	70356.73
0.316399746880203	5.27255578195537	1531.464	38.038	111646.05
0.367599705920235	5.58539553168357	1479.239	43.809	118729.05
0.463989628808297	7.47989401608479	2147.968	55.085	135260.3
1.06628914696868	15.0649079480736	3686.286	149.054	388584.87
1.15871907302474	14.1485286811771	2782.504	138.208	365454.42
2.39057808753753	26.0549791560167	3631.002	276.25	565256.6
3.35543731565015	28.6233971012823	2566.823	303.58	646912.28
4.87194610244312	31.3685749051401	2482.521	349.84	709754.02
5.48981560814751	26.1482190814247	1925.449	293.653	718768.52
11.1119011104791	38.5649691480247	2541.325	457.239	721380.38
14.8653381077295	37.536809970552	2477.567	466.614	729366.67
27.2929081656735	63.6574890740087	4744.157	784.121	757226.44
37.1974602420318	72.3365421307663	5534.238	925.42	779383.52
46.799572560342	77.8511977190418	4601.683	1033.313	800840.61
57.1582742733806	91.4552268358185	5637.35	1207.496	823458.63
66.8580765135388	97.3484221212623	5257.429	3055.468	844812.06
74.936110051112	97.7681817854546	5317.981	3109.639	862513.86
84.1062527149978	99.991180007056	5186.242	3198.661	882701.81
90.569277544578	100.0	5302.945	3183.802	896924.21
