0.000849999320000544	0.0152999877600098	6.41	0.933	355.33
0.0020299983760013	0.0365399707680234	12.685	1.287	849.3
0.00288999768800185	0.0520199583840333	16.879	1.167	1175.41
0.00345999723200221	0.0622799501760399	45.143	1.257	1429.94
0.00517999585600331	0.0930599255520596	32.798	1.467	2022.73
0.00688999448800441	0.123659901072079	52.302	1.607	2453.58
0.0113699909040073	0.203939836848131	70.716	2.074	4258.97
0.0193399845280124	0.347219722224222	148.671	3.203	7188.61
0.0263499789200169	0.471239623008302	158.1	3.851	10117
0.0425699659440272	0.758519393184485	246.873	5.893	17400.11
0.0630999495200404	1.12067910345672	380.4	7.731	22698.61
0.092119926304059	1.61783870572904	702.309	12.004	29590.12
0.139079888736089	2.41667806665755	752.484	16.315	47078.35
0.209169832664134	3.58523713181029	1121.461	25.102	69805.57
0.275079779936176	4.55147635881891	1368.734	33.273	88537.18
0.420459663632269	6.7175946259243	1878.303	46.711	124737.98
0.700149439880448	10.6966714426628	2893.294	77.278	279071.08
1.05353915716867	14.8915680867455	3411.964	146.21	366480.26
1.58256873394501	19.9954640036288	4062.117	207.325	463109.88
1.8804884956092	19.3818444945244	2308.441	202.433	499089.35
2.41919806464155	20.2319838144129	1768.553	214.544	562964.89
5.3180357455714	36.5639107488714	3330.995	405.951	716301.8
6.4014948788041	29.696016243187	2129.497	340.309	734056.36
11.5832907333674	41.6892266486187	2802.03	487.184	722106.85
16.4826168139065	42.147146282283	2714.591	510.809	732826.92
27.2791081767135	63.5554291556567	4699.39	754.007	757170.25
36.3000309599752	64.5065483947613	3934.286	786.414	777593.65
47.2537021970382	83.0454535636372	5625.017	1042.387	802002.96
57.1649642680286	91.6732066614347	5630.613	2820.462	823581.16
64.7465482027614	88.7041090367128	5123.719	1144.921	840306.83
75.9739992208006	99.6209203032638	5088.523	3024.987	864825.62
83.7231930214456	99.93520005184	5097.641	3048.299	881922.17
90.54583756333	100.0	5122.969	3060.614	896930.35
