0.0017199986240011	0.0309599752320198	11.631	1.354	837.49
0.00854999316000547	0.153539877168098	50.972	2.805	3052.88
0.0119999904000077	0.215999827200138	75.666	3.51	4377.7
0.018799984960012	0.336779730576216	106.191	4.949	6347.02
0.0277699777840178	0.497339602128318	208.627	5.89	10677.32
0.0407799673760261	0.725939419248465	241.832	7.906	15087.47
0.0645099483920413	1.14281908574473	464.064	10.367	24754.52
0.0907399274080581	1.59659872272102	590.553	13.889	32250.2
0.463849628920297	7.45595403523677	2100.465	55.856	137896.7
0.868429305256556	11.9645904283277	2769.661	127.133	334209.46
3.50973719221025	30.6708954632836	3066.574	336.392	644468.98
5.09064592748326	33.4220132623894	2711.685	381.943	714500.15
7.817683745853	38.997688801849	2770.72	444.074	741095.8
10.899131280695	37.459230032616	2394.545	449.514	722735.7
16.5942667245866	42.5705059435952	2822.683	519.212	733123.96
36.5071807942554	65.7206474234821	4414.21	838.48	777806.02
56.4617148306281	85.4448516441187	4865.217	1099.537	821957.67
65.5062075950339	90.9676072259142	5396.727	1178.361	842112.35
75.9998792000966	99.6571002743198	5320.453	1316.276	864995.72
83.4928832056934	99.8893000885599	5327.114	1333.657	881261.82
