0.000899999280000576	0.0161999870400104	7.666	0.88	347.4
0.00131999894400084	0.0237599809920152	8.52	0.951	557.35
0.00199999840000128	0.035999971200023	12.162	1.055	829.61
0.00332999733600213	0.0597599521920382	30.447	1.288	1292.98
0.00360999711200231	0.0649799480160416	22.225	1.271	1754.09
0.00901999278400577	0.161999870400104	72.513	1.795	3472.66
0.0128599897120082	0.230399815680147	76.497	2.231	4927.31
0.0193399845280124	0.345779723376221	111.07	3.094	7188.61
0.0270899783280173	0.48473961220831	168.415	3.82	11003.25
0.0423099661520271	0.754199396640483	298.009	5.888	15506.6
0.0540499567600346	0.957239234208613	334.77	6.945	20497.86
0.0857299314160549	1.50839879328097	555.472	10.752	30814.92
0.14105988715209	2.45483803612957	888.878	18.085	48859.18
0.205539835568132	3.52043718365025	1161.837	24.168	69033.96
0.307929753656197	5.12477590017928	1587.62	37.58	102313.08
0.460179631856295	7.43651405078876	2217.941	52.156	127696.75
0.650889479288417	9.8380721295423	2601.124	73.786	186035.41
0.971679222656622	13.4962092030326	3323.575	130.539	346598.7
1.2534189972648	15.3012477590018	2884.98	143.847	396320.63
2.39772808181753	26.1489390808487	3565.421	279.832	565691.41
3.22036742370606	27.0658583473133	2242.895	283.576	631408.79
4.10932671253863	25.8859592912326	1904.728	283.873	676865.41
7.95484363612509	40.660527471578	3182.451	443.154	741088.52
12.0942603245917	47.3662421070063	3686.988	543.821	723863.46
14.9814880148096	37.8059097552722	2509.344	451.191	729643.86
26.0321691742647	53.145317483746	3304.017	624.722	754736.09
37.1895802483358	72.2364622108302	4853.851	875.055	779321.14
47.2250122199902	82.4618940304848	5357.122	1006.032	801027.39
56.5423047661562	85.889811288151	5381.067	1106.795	821468.19
65.634367492506	91.4125668699465	5296.859	2845.453	842513.5
75.9358092513526	99.5350603719517	5094.009	3015.432	864851.2
82.9762036190371	99.7424202060638	5052.815	3045.114	880246.74
90.597317522146	99.999820000144	5147.235	3116.532	896842.23
