0.00100999919200065	0.0181799854560116	6.957	0.924	387.07
0.00117999905600076	0.0212399830080136	7.915	0.942	438.61
0.00273999780800175	0.0493199605440316	59.428	1.313	1195.02
0.00391999686400251	0.0705599435520452	25.687	1.271	1429.94
0.00619999504000397	0.111239911008071	35.43	1.473	2662.63
0.00836999330400536	0.150119879904096	51.187	1.737	3307.21
0.0118999904800076	0.213659829072137	84.029	2.212	4828.21
0.0181799854560116	0.325799739360209	106.062	3.005	7741.3
0.0273599781120175	0.488879608896313	198.511	3.851	10198.71
0.0284299772560182	0.505979595216324	200.212	4.001	11029.16
0.0513699589040329	0.910259271792583	334.316	7.06	19996.04
0.0920499263600589	1.61981870414504	616.972	11.474	32250.2
0.136379890896087	2.36771810582552	745.575	16.262	47438.18
0.20316983746413	3.46733722613022	1162.324	25.941	68563.9
0.311549750760199	5.20523583581133	1598.775	39.285	99969.28
0.432689653848277	6.92639445888443	2020.417	49.678	134734.63
0.560869551304359	7.87535369971704	1916.728	59.908	167322.58
0.704969436024451	10.7526513978789	2824.561	76	196941.29
0.957979233616613	11.8421905262476	2240.899	119.731	342516.72
2.1866682506654	22.9539416368467	2722.516	232.121	544559.2
3.5947571241943	32.1083743133006	3629.71	343.074	657180.17
5.34588572329142	36.9651304278957	3357.199	406.967	719929.14
8.08495353203717	42.6407058874353	3756.449	472.671	740528.41
11.8931904854476	44.6052243158205	3110.893	508.337	722886.66
17.7211458230833	48.7266810186552	3079.502	601.388	736365.76
26.7189186248651	57.1519342784526	3500.576	684.74	755983.79
37.0065903947277	69.7360842111326	4349.067	845.754	778860.29
45.7150034279973	71.914082468734	5034.253	914.902	798042.51
56.8987644809884	88.6544290764567	5356.254	1109.294	823249.21
63.5826991338407	86.006271194983	5057.663	1120.005	837557.82
75.8096693522645	99.3118605505116	5114.704	3006.786	864695.27
84.0519727584218	99.983260013392	5139.302	3050.211	882914.75
90.55893755285	99.999640000288	5428.597	3094.483	896746.26
