0.000449999640000288	0.00809999352000518	4.234	0.888	224.18
0.00205999835200132	0.0370799703360237	12.549	1.109	782.34
0.00325999739200209	0.0586799530560376	18.977	1.203	1261.64
0.00418999664800268	0.075059939952048	24.571	1.28	1516.03
0.0051499958800033	0.0923399261280591	52.603	1.584	2217
0.00770999383200493	0.138239889408088	45.188	1.75	3307.21
0.00862999309600552	0.155159875872099	49.178	1.752	3511.11
0.0164299868560105	0.294659764272189	99.394	3.289	6430.18
0.0199899840080128	0.357839713728229	124.349	3.102	7440.7
0.0412999669600264	0.737639409888472	238.153	5.649	15848.41
0.0570799543360365	1.00961919230465	358.749	7.33	21865.91
0.0900099279920576	1.561858750513	540.47	11.019	31096.09
0.0917799265760587	1.61081871134503	588.268	11.956	35845.8
0.209779832176134	3.58253713397029	1193.715	24.801	71552.69
0.3127497498002	5.20487583609933	1693.839	37.239	105102.27
0.473989620808303	7.63739389008489	2245.283	53.595	159376.21
0.642129486296411	9.69749224200621	2466.11	71.229	184493.71
1.05225915819267	14.8555681155455	3541.224	142.283	367220.61
1.57268874184901	19.8368841304927	4092.651	203.134	468424.73
2.24676820258544	23.7884209692632	2939.092	259.813	559632.98
3.5987371210103	32.0835343331725	3583.132	342.386	668462.1
5.38837568929945	37.6336498930801	3555.584	417.098	720124.37
8.06730354615716	42.4194860644111	3639.677	474.424	740329.78
12.1119103104718	47.7663817868946	3945.466	553.993	723952.42
17.7798357761314	49.2488606009115	3191.158	584.63	736501.17
27.2495682003454	62.9812296150163	4549.748	743.816	757291.28
37.2102802317758	72.5152819877744	4878.494	883.67	779634.41
47.1857522513982	82.1861342510926	5290.625	1003.766	801364.42
56.9201644638684	88.8383889292889	5293.872	1135.027	823291.03
65.5179275856579	91.0460871631303	5668.051	1186.406	841805.6
75.4292796565763	98.6338010929591	5061.384	3032.623	863456.23
84.0056727954618	99.97840001728	5140.929	3063.231	882218.38
90.56478754817	100.0	5181.791	3105.447	896928.59
