0.000829999336000531	0.0149399880480096	7.665	0.895	343.43
0.00207999833600133	0.037439970048024	17.798	1.081	849.3
0.003129997496002	0.0563399549280361	42.481	1.273	1198.94
0.00380999695200244	0.0683999452800438	35.506	1.377	1516.03
0.00613999508800393	0.11015991187207	47.455	1.471	2321.77
0.00877999297600562	0.157679873856101	66.178	1.727	3199.37
0.0128899896880083	0.230579815536148	133.951	2.235	5212.86
0.0185599851520119	0.333539733168213	149.33	2.907	7327.86
0.0246199803040158	0.438839648928281	200.326	3.407	9014.42
0.0382299694160245	0.678779456976434	325.641	5.056	14288.24
0.0643899484880412	1.13993908804873	729.995	7.739	24574.32
0.092209926232059	1.61945870443304	784.786	10.66	29590.12
0.14098988720809	2.46149803080158	1136.294	16.674	55313.53
0.207209834232133	3.54131716694627	1574.519	21.897	62640
0.308059753552197	5.1517758785793	2221.339	34.163	99072.8
0.378559697152242	6.02351518118785	2332.309	39.772	123817.36
0.646449482840414	9.75869219304625	3635.899	63.335	184493.71
0.744969404024477	10.2999517600386	3120.788	68.131	275876.42
1.43748885000892	15.1721878622497	3031.951	134.767	438333.55
1.58669873064102	20.0525239579808	5200.616	194.626	461092.6
3.5921371262903	32.0847943321645	4501.313	326.531	658073.26
5.16837586529931	34.317692545846	3297.64	349.766	716481.33
8.06291354966916	42.234806212155	4207.345	456.804	740462.84
11.8577605137916	44.2337046130363	3580.742	485.948	722784.36
17.4581360334912	46.858642513086	3452.428	529.695	735550.43
27.2728781816975	63.3811892950486	5461.262	728.881	757491.81
37.2549801960158	73.0677015458388	5887.026	883.142	779796.39
47.2769221784623	83.2292334166133	6304.965	1006.465	802019.54
57.0179943856045	89.7646681882654	6213.01	1105.065	823111.03
66.8728765016988	97.4735220211824	5759.988	2279.254	844623.99
75.6368194905444	99.0056807954554	5449.973	2220.92	863833.19
83.9562228350217	99.970840023328	5457.373	2212.406	882687.4
90.570577543538	100.0	5312.676	2235.332	896924.12
