0.000459999632000294	0.0082799933760053	5.206	1.168	224.18
0.00170999863200109	0.0307799753760197	14.343	1.436	703.48
0.00285999771200183	0.0514799588160329	27.351	1.796	1195.02
0.00331999734400212	0.0597599521920382	29.67	1.866	1437.76
0.00720999423200461	0.129239896608083	73.998	2.799	2770.89
0.00828999336800531	0.148859880912095	87.376	3.311	3052.88
0.0273499781200175	0.488699609040313	239.6	5.981	10198.71
0.0274399780480176	0.489239608608313	224.933	5.701	11029.16
0.0413699669040265	0.731879414496468	417.843	8.258	16309.6
0.20253983796813	3.46877722497822	1606.035	24.472	68443.15
0.223069821544143	3.70835703331437	1469.887	26.84	70230.07
0.452189638248289	7.26137419090065	3134.216	51.502	138056.07
0.674199460640431	10.2259718192225	3660.759	72.19	187181.7
2.17108826312939	18.5173051861559	2324.005	194.786	543121.92
2.3401481278815	25.0916199267041	4520.97	258.972	555293.71
7.32359414112469	34.7140522287582	2908.73	378.274	740684.72
12.1099303120558	47.6492018806385	4604.462	550.881	724233.57
37.0302603757917	69.9808840152928	4925.112	879.394	778794.81
57.1690142647886	91.7137066290347	6673.975	1189.1	823700.86
66.8076665538668	97.0870623303501	5994.559	1311.609	844520.75
75.9610292311766	99.5800603359517	5688.734	1376.623	864898.71
84.0833527333178	99.986860010512	5749.82	1423.081	882842.14
90.592347526122	99.999820000144	5608.963	1424.085	896883.63
