0.000909999272000582	0.0163799868960105	9.738	1.08	398.97
0.00153999876800099	0.0277199778240177	13.031	1.14	723.2
0.00243999804800156	0.0439199648640281	21.343	1.309	829.61
0.00401999678400257	0.0721799422560462	32.809	1.38	1371.27
0.00595999523200381	0.107279914176069	61.11	1.668	2329.53
0.00746999402400478	0.133919892864086	65.193	1.773	3095.3
0.0102199918240065	0.183239853408117	103.686	2.069	3338
0.0138099889520088	0.248039801568159	108.693	2.443	4839.65
0.0271399782880174	0.485819611344311	227.109	4.456	10655.08
0.0425099659920272	0.756719394624484	347.37	5.633	15797.53
0.0618999504800396	1.0933191253447	536.571	8.05	20232.52
0.0914699268240585	1.61279870976103	743.871	10.858	34987.68
0.134549892360086	2.33549813160149	1042.753	14.814	47438.18
0.206959834432132	3.54095716723427	1540.972	22.832	73574.25
0.310329751736199	5.17661585870731	2458.914	34.492	89936.24
0.450239639808288	7.24211420630864	2910.479	47.925	132861.72
0.712529429976456	10.877931297655	4015.799	72.471	302989.48
0.90572927541658	12.493790004968	3921.325	116.346	343648.96
1.58002873597701	20.0168839864928	5410.603	197.792	461926.02
2.33401813278549	24.9280000576	4212.99	255.106	559116.93
3.57681713854629	31.7949945640043	4397.888	326.283	664747.53
5.33543573165141	36.8288705369036	4098.256	398.486	719853.95
8.06638354689316	42.4194860644111	4409.499	466.374	740335.12
12.0942603245917	47.3703821036943	4708.402	533.173	723863.48
18.1823454541236	54.2575365939707	4959.123	642.6	737422.82
27.2856781714575	63.5163691869046	5413.403	761.396	757411.04
37.2874001700799	73.5616211507031	6173.655	928.635	779390.99
46.3992228806217	75.1029599176321	5077.89	966.86	799769.5
56.8760344991724	88.4486892410486	6033.037	1156.982	823183.65
63.7298090161528	86.3164109468712	5617.29	1154.98	837943.62
75.7109494312405	99.1423006861594	5486.362	2311.883	864496.21
83.9459928432057	99.969580024336	5518.101	2306.003	882653.47
90.583007533594	100.0	5715.923	2339.285	896915.87
