0.00198999840800127	0.0358199713440229	17.651	1.315	825.67
0.00288999768800185	0.0520199583840333	23.632	1.52	1081.25
0.00475999619200305	0.0856799314560548	42.794	2.186	2022.73
0.0169299864560108	0.302759757792194	131.295	4.218	6430.18
0.0255899795280164	0.456839634528292	202.176	5.464	9014.42
0.0404899676080259	0.721439422848462	350.124	7.991	14967.2
0.0918499265200588	1.61945870443304	762.242	13.039	32250.2
0.138689889048089	2.41541806766555	1023.272	18.685	49618.58
0.348419721264223	5.55281555774755	2135.737	40.563	100607.12
0.557999553600357	8.38025329579736	3116.642	59.347	157330.69
0.919119264704588	12.6721698622641	4051.387	123.063	338263.41
2.23022821581743	23.5889811288151	3735.394	224.239	561019.6
3.5863971308823	32.0824543340365	4390.826	341.77	653389.89
4.98576601138719	32.4390340487728	3060.51	343.382	711608.58
6.43308485353212	29.8317361346111	2564.181	332.292	734273.74
12.1091603126717	47.7136418290865	4653.976	536.801	724192.86
27.1605982715214	61.6306906954474	4914.53	728.383	757144.15
37.2559001952798	73.1323214941428	5762.046	870.639	779826.06
46.2417430066056	74.2380606095515	5015.486	923.395	799487.61
57.1487942809646	91.4937468050026	6401.391	1124.376	823678.29
66.7446566042747	96.6732426614059	5915.231	1218.871	844439.59
82.8911136871091	99.7094802324158	5599.427	1296.867	880061.21
90.567517545986	100.0	5778.499	1334.155	896928.35
