0.000979999216000627	0.0176399858880113	8.653	1.074	406.9
0.0018799984960012	0.0338399729280217	15.91	1.203	786.28
0.0028099977520018	0.0505799595360324	22.714	1.292	1140.11
0.0035899971280023	0.0642599485920411	28.706	1.444	1390.83
0.00571999542400366	0.102779917776066	81.409	1.728	2503.94
0.00701999438400449	0.126179899056081	64.247	1.754	2453.58
0.0128299897360082	0.230399815680147	133.249	2.405	5045.4
0.0130599895520084	0.23381981294415	98.546	2.365	4839.65
0.0270999783200173	0.48455961235231	218.631	3.916	10406.59
0.0413999668800265	0.737639409888472	362.581	5.989	15091.12
0.0621299502960398	1.0972791221767	510.394	7.501	22079.61
0.0930599255520596	1.63385869291305	769.838	11.077	37354.48
0.14072988741609	2.44475804419356	1140.73	15.945	49539.06
0.160539871568103	2.68199785440172	1185.614	18.145	55735.24
0.209359832512134	3.5866771306583	1538.503	23.519	70562.44
0.405329675736259	6.46505482795614	2607.386	42.661	130300.37
0.447379642096286	6.72929461656431	2489.236	43.597	133506.73
1.06211915030468	14.9977680017856	4791.794	136.238	393930.77
1.4100588719529	14.9270280583776	2900.062	138.569	433633.33
1.58622873101702	20.0870839303329	5944.42	197.469	458643.7
2.51740798607361	20.9586432330854	2307.885	209.61	568264.4
4.5316663746669	28.6061171151063	2674.057	302.202	698563.83
8.00059359952512	41.5335267731786	4103.505	461.354	740955.63
12.0002103998317	45.9782632173894	4105.156	506.568	723643.52
18.0399655680275	52.0644183484653	4235.073	598.327	736930.26
27.1119283104574	60.872171302263	13962.868	739.737	756935.63
37.2572001942398	73.0896615282708	5951.215	904.857	779801.83
47.2417522065982	82.824773740181	6354.646	1065.056	801210.2
54.709466232427	78.7097970321624	5319.856	1044.556	818089.85
66.8407365274108	97.2611221911022	5752.775	2325.255	844874.34
73.460461231631	95.1331638934689	5879.115	2387.267	859409.38
83.9122028702377	99.965620027504	5535.991	2289.448	882552.06
90.5520475583619	99.999640000288	5558.314	2335.882	896744.33
