0.000899999280000576	0.0161999870400104	8.262	1.105	367.24
0.00193999844800124	0.0349199720640224	16.046	1.399	727.15
0.0028199977440018	0.0507599593920325	35.56	1.659	1261.64
0.00365999707200234	0.0658799472960422	33.29	1.727	1371.27
0.00533999572800342	0.0959399232480614	52.665	2.182	1991.62
0.00695999443200445	0.12491990006408	61.477	2.525	3018.16
0.0128899896880083	0.231839814528148	107.11	3.778	5072.05
0.0191399846880123	0.34307972553622	164.109	4.615	7309.05
0.0276399778880177	0.494819604144317	238.228	5.602	11369.73
0.042199966240027	0.752579397936482	338.989	7.913	15506.6
0.0508499593200325	0.900719279424576	414.084	8.438	19996.04
0.0932299254160597	1.64321868542505	754.922	13.325	29590.12
0.0961299230960615	1.66985866411307	799.505	12.756	35066.66
0.167839865728107	2.87027770377784	1315.046	20.963	59025.56
0.314019748784201	5.24591580326736	2231.188	38.028	102111.17
0.387069690344248	6.17993505605196	2407.361	43.017	127166.42
0.60938951248839	9.14993268005386	3163.131	62.37	181473.64
0.885519291584567	11.0728711417031	2715.897	78.341	322926.88
1.06088915128868	15.0024479980416	4771.917	135.437	368036.51
2.13954828836137	22.3403221277423	3587.657	221.467	532656.96
3.57681713854629	31.7949945640043	4711.013	331.874	664747.53
4.08461673230661	25.7552793957765	2580.11	280.695	675464.34
7.55226395818883	36.3893108885513	3035.661	400.701	740908.01
9.55529235576611	32.5023939980848	2786.989	370.994	735209.04
18.1873154501476	54.4958564033149	5227.418	626.52	736735.96
27.2819981744015	63.5205091835927	6827.916	726.729	757396.39
37.0362503709997	70.0260639791488	5089.118	844.905	778780.41
46.7696225843019	77.5892979285617	5254.884	947.23	800680.47
56.1074651140279	83.5366731706615	5682.229	1073.963	821321.69
66.8654865076108	97.4085420731663	5692.189	1194.975	844657.69
73.5800711359431	95.347543721965	6060.821	1231	859680.7
83.9276428578857	99.96760002592	5555.83	1303.404	882598.82
90.58343753325	100.0	5547.768	1353.898	896915.02
