0.000979999216000627	0.0176399858880113	8.875	0.922	347.4
0.00176999858400113	0.0318599745120204	15.038	0.998	790.22
0.00328999736800211	0.0592199526240379	29.305	1.157	1273.39
0.0039099968720025	0.0701999438400449	74.686	1.276	1640.98
0.00443999644800284	0.079739936208051	37.609	1.29	1559
0.00508999592800326	0.0912599269920584	40.773	1.578	1929.37
0.0123499901200079	0.221399822880142	118.862	2.32	4828.21
0.0189499848400121	0.338759728992217	153.433	2.877	7324.1
0.0271099783120173	0.48419961264031	231.93	3.95	10677.32
0.0279999776000179	0.496799602560318	265.123	3.719	11029.16
0.0627199498240401	1.11257910993671	520.531	7.41	23231.75
0.0767799385760491	1.34747892201686	659.53	9.233	30282.76
0.128469897224082	2.1902382478094	1010.211	14.075	45320.88
0.137919889664088	2.38553809156953	1091.195	16.128	47078.35
0.317489746008203	5.28821576942738	2200.812	33.826	107475.91
0.467279626176299	7.51787398570081	2894.462	47.837	144866.73
0.698569441144447	10.6531114775108	3991.206	69.386	276370.62
1.00295919763264	12.3776900978479	3058.406	115.985	355012.66
1.06486914810468	15.0478079617536	4729.3	133.472	392393.17
1.97007842393726	20.320543743565	3160.352	196.656	533963.04
3.29086736730611	21.5825227339818	2268.434	214.565	638614.6
3.56742714605828	31.6731346614923	4479.839	323.701	655900.49
7.69843384125293	37.7267098186321	3164.497	404.213	741026.33
12.1218503025198	47.9330616535507	4718.413	530.599	723735.87
18.1537354770116	53.8230169415864	4581.299	608.978	737202.23
27.2928781656975	63.6495690803447	5471.607	726.448	757186.99
36.8886004891196	68.681465054828	4777.364	815.999	778584.73
46.936302450958	79.0886967290426	5403.549	962.502	801092.41
57.0025843979325	89.6210283031774	6253.248	1110.326	822959.44
66.0306571754743	92.9616456306835	6224.594	2318.877	842925.67
75.7523293981365	99.2261806190555	5481.569	2202.606	864244.55
83.5587631529895	99.9024400780479	5434.374	2215.751	881429.83
90.578347537322	100.0	5643.04	2295.052	896923.23
