0.000989999208000634	0.0178199857440114	37.051	1.398	387.07
0.00179999856000115	0.0323999740800207	16.258	1.486	758.69
0.00297999761600191	0.0536399570880343	25.91	1.78	1081.25
0.00314999748000202	0.0566999546400363	32.635	2.182	1355.61
0.00595999523200381	0.107099914320069	50.68	2.535	2662.63
0.00834999332000534	0.149939880048096	82.88	3.027	3183.95
0.0127699897840082	0.229139816688147	113.205	3.886	5687.97
0.0269199784640172	0.482219614224309	239.155	6.03	10202.43
0.0425099659920272	0.758159393472485	366.172	8.059	16683.47
0.0583299533360373	1.03157917473666	462.011	9.604	21865.91
0.0938499249200601	1.64879868096106	828.171	13.392	34987.68
0.114109908712073	1.97927841657727	910.658	15.118	42760.74
0.529889576088339	7.9667936265651	2773.527	55.41	144762.66
0.808749353000518	11.1680910655271	3378.099	78.55	282408.27
3.05464755628195	25.3423597261122	2792.605	268.54	629307.38
5.33185573451541	36.7824305740555	4254.229	406.413	719124.23
8.07612353910117	42.5287459770032	4500.825	477.707	740583.22
10.2105418315665	34.6643722685022	2809.544	401.559	729919.03
37.2889701688239	73.5515411587671	5962.982	944.613	779447.82
46.931132455094	79.0345167723866	5446.652	1023.108	801091.26
55.4146456682835	80.8303753356997	5377.257	1068.899	819491.27
75.9683892252886	99.6094003124797	5543.251	1352.11	864800.73
83.9700628239497	99.9730000216	5721.645	1402.888	882736.92
90.560217551826	100.0	5854.332	1462.181	896929.1
