0.00085999931200055	0.0154799876160099	8.683	1.099	406.9
0.00194999844000125	0.0349199720640224	15.983	1.235	691.64
0.00219999824000141	0.0394199684640252	18.184	1.197	786.28
0.00345999723200221	0.0622799501760399	26.919	1.702	1336.04
0.00425999659200273	0.076499938800049	34.556	1.399	1648.79
0.00817999345600524	0.146879882496094	67.413	1.906	3183.95
0.0128299897360082	0.229319816544147	137.395	2.417	5056.82
0.0191399846880123	0.342719725824219	148.148	3.147	7214.96
0.0279299776560179	0.50039959968032	245.458	4.24	11055.06
0.0413399669280265	0.737459410032472	353.047	5.628	14967.2
0.0554199556640355	0.976139219088625	460.576	6.669	20497.86
0.0741099407120474	1.28627897097682	646.605	8.865	27958.44
0.0926299258960593	1.62845869723304	741.991	10.896	34093.25
0.1556098755121	2.6537378770097	1267.276	17.819	48582.92
0.292429766056187	4.85981611214711	2043.769	34.203	96603.09
0.476899618480305	7.69229384616492	3081.381	49.031	142175.17
0.706419434864452	10.7796513762789	4110.005	71.556	272450.43
0.931899254480596	12.8843896924882	3925.092	118.385	332365.71
1.32509893992085	16.2071870342504	4013.584	143.456	438514.41
1.88435849251321	19.4250444599644	3347.051	194.781	500422.54
3.57226714218629	31.7123746301003	4395.65	326.093	655544.4
4.38482649213881	27.5608579513136	2487.674	287.297	692263.73
8.08145353483717	42.7776857778514	4534.179	468.604	740990.33
11.8303405357276	43.9525448379641	3444.088	497.806	722798.48
18.1825654539476	54.2551965958427	4991.283	630.006	737422.86
26.3683489053209	54.8365961307231	3900.876	674.5	755692.47
35.3013417589266	60.4200116639907	4225.138	787.012	774828.76
47.2670221863822	83.1534534772372	6431.582	1064.313	801693.89
57.1736042611166	91.7295466163627	6418.187	2430.641	823654.06
66.0357771713783	92.9794656164275	6314.188	2364.286	842933.97
75.5052495958003	98.7621409902872	5559.872	2327.827	863560.25
83.1492234806212	99.8027201578239	5533.847	2322.655	880601.28
90.595257523794	99.999820000144	5486.947	2354.639	896864.3
