0.000929999256000595	0.0167399866080107	8.909	1.185	387.07
0.00191999846400123	0.0345599723520221	16	1.34	790.22
0.0028099977520018	0.0505799595360324	23.262	1.569	1041.98
0.00284999772000182	0.0512999589600328	23.703	1.558	1006.63
0.00575999539200369	0.103499917200066	91.185	2.245	2368.31
0.0110999911200071	0.198899840880127	86.028	3.215	4438.86
0.0268799784960172	0.479339616528307	247.287	6.135	10198.71
0.0418499665200268	0.745379403696477	379.118	7.619	16810.27
0.263269789384169	4.23791660966671	1679.292	28.84	85299.76
0.302669757864194	5.03765596987522	2220.407	36.141	98162.75
0.667779465776427	9.25667259466193	2962.535	66.19	188228.55
0.707019434384452	10.8003513597189	4115.85	73.045	192977.02
1.50849879320097	18.80692495446	4919.369	188.345	459357.85
2.3419281264575	25.2743197805442	4531.587	263.845	552535.02
3.16466746826603	26.4826588138729	3068.155	272.186	628838.14
4.87296610162712	31.3766748986601	2927.838	334.492	709765.23
8.07319354144517	42.5440459647632	4487.831	465.831	740590.77
12.1109403112478	47.7546817962546	4705.464	533.872	723984.5
25.4340496527603	50.8369993304005	3730.959	620.905	753178.57
37.1683802652958	71.9630424295661	5493.812	875.458	779272.33
47.1373822900942	81.307194954244	5819.375	978.182	801171.06
57.1667942665646	91.6962466430027	6382.801	1142.17	823644.89
75.6338394929284	98.9986608010714	5705.323	1262.325	864341.61
84.0590827527338	99.986860010512	5653.881	1297.953	882372.36
90.580607535514	100.0	5799.512	1342.493	896921.98
