0.00100999919200065	0.0181799854560116	9.764	1.106	387.07
0.00203999836800131	0.0367199706240235	18.903	1.355	782.34
0.00205999835200132	0.0370799703360237	16.695	1.41	786.28
0.00375999699200241	0.0676799458560433	31.622	1.747	1488.68
0.0045299963760029	0.0815399347680522	36.189	1.921	1648.79
0.00826999338400529	0.148859880912095	78.07	2.843	3341.85
0.0107699913840069	0.193139845488124	125.925	3.129	4618.38
0.018759984992012	0.336239731008215	152.983	4.672	7139.66
0.0225699819440144	0.403199677440258	185.757	5.258	9145.06
0.0424099660720271	0.753659397072482	360.798	7.355	15797.53
0.0617199506240395	1.0931391254887	538.984	9.534	26077.04
0.0931799254560596	1.63889868888105	778.775	13.003	38013.24
0.138849888920089	2.41757806593755	1205.702	17.573	49459.51
0.194059844752124	3.31271734982612	1505.113	25.522	65132.99
0.3117997505602	5.21135583091533	2150.32	37.504	102111.17
0.470919623264301	7.57997393602085	3145.21	52.415	152382.43
0.705479435616452	10.7683113853509	3969.734	75.474	279503.86
1.06160915071268	15.0258479793216	4969.32	136.66	368874.35
1.58654873076102	20.0725039419968	5250.404	201.97	473814.3
2.38911808870553	26.0994391204487	4748.723	267.735	562546.52
3.56983714413028	31.6776346578923	4453.475	329.246	656104.68
5.38877568897945	37.5791099367121	4326.646	395.514	724251.53
8.08490353207717	42.6394458884433	4444.994	467	740519.95
10.5175915859267	35.8278913376869	2766.599	415.533	727201.3
15.2775877779298	38.5293291765367	3029.047	457.898	730271.42
25.4434896452083	50.8632793093766	3740.685	614.548	753201.74
37.2437502049998	72.9276616578707	5790.939	868.806	779732.2
47.2143722285022	82.5248939800848	6189.514	987.12	801823.53
57.1726042619166	91.6480066815947	6391.411	1133.268	823563.83
64.071048743161	87.1229903016078	6061.084	1115.145	837943.04
74.0908907272874	96.2180230255816	5740.09	1210.415	860673.26
84.0182527853978	99.980920015264	5736.808	1300.693	882250.68
90.595107523914	99.999820000144	5661.456	1322.942	896811.37
