0.000689999448000442	0.0124199900640079	6.973	1.093	224.18
0.0013999988800009	0.0251999798400161	33.891	1.256	557.35
0.00257999793600165	0.0464399628480297	43.676	1.346	1100.87
0.00268999784800172	0.048419961264031	22.358	1.289	1006.63
0.00595999523200381	0.107099914320069	47.372	1.826	2476.82
0.00880999295200564	0.158399873280101	127.989	1.959	3368.79
0.0133799892960086	0.240299807760154	126.173	2.434	4980.65
0.0185499851600119	0.332459734032213	156.589	3.525	6645.48
0.0248899800880159	0.444059644752284	247.372	3.838	9014.42
0.0430799655360276	0.764279388576489	400.224	5.77	17400.11
0.0627099498320401	1.11257910993671	567.055	7.835	26077.04
0.0799599360320512	1.4057988753609	638.452	9.763	30905.2
0.139059888752089	2.42279806176155	1166.674	16.93	49565.57
0.208189833448133	3.55427715657827	1690.506	22.773	77529.84
0.309679752256198	5.1632958693633	2273.183	34.323	102609.88
0.472789621768303	7.60895391283687	3109.645	49.13	144454.53
0.680599455520436	10.3341517326786	3637.661	68.953	192939.48
0.830149335880531	11.4584308332553	3518.655	74.969	292023.15
1.60474871620103	20.373823700941	5418.503	195.477	467602.39
2.38129809496152	25.8611193111046	4897.283	262.522	569742.75
3.54510716391427	31.3484149212681	4156.133	334.137	651789.95
5.38928568857145	37.6248299001361	4694.031	401.957	719935.14
8.00031359974912	41.4944668044266	4014.728	456.593	740977.63
12.0775503379597	47.1578022737582	4369.586	517.732	723913.03
18.0676455458836	52.4731980214416	4299.17	604.81	737145.68
27.2262882189694	62.7074498340401	5076.255	754.277	757451.05
37.1592402726078	71.7551425958859	5568.146	890.728	779184.06
47.1020823183341	80.8780752975398	5730.599	1035.213	801146.2
57.1648042681566	91.5182267854186	6380.284	1198.035	823474.89
63.9769488184409	86.9127504697996	6095.389	1181.624	837756.66
74.925780059376	97.6893418485265	5755.507	2334.16	862400.33
83.2761833790533	99.8335001331999	5540.973	2304.126	880962.85
90.590177527858	99.999820000144	5494.397	2333.195	896891.7
