0.00305999755200196	0.0550799559360352	7.697	1.786	1140.11
0.00397999681600255	0.0716399426880459	16.365	2.008	1586.34
0.00747999401600479	0.134459892432086	32.373	2.71	3222.48
0.0131499894800084	0.23435981251215	27.616	3.591	5094.89
0.0275599779520176	0.492479606016315	51.51	5.983	10677.32
0.0412199670240264	0.73439941248047	103.109	7.854	16683.47
0.0598499521200383	1.06037915169668	157.663	9.177	21159.19
0.0849599320320544	1.49471880422496	156.676	12.382	30814.92
0.0958499233200613	1.65545867563306	195.07	13.81	35066.66
1.34223892620886	14.2910885671291	714.346	137.577	424777.9
11.8249705400236	43.8949448840441	1178.06	507.95	722790.99
17.8189057448754	49.6598002721598	1346.356	592.758	736607.89
37.2109202312638	72.5230219815824	2108.473	961.169	779635.74
47.2191922246462	82.3445341243727	2455.415	1061.296	801003.49
56.5844047324762	86.1545910763271	2630.01	1131.313	821613.03
66.7424066060747	96.6556026755179	2976.671	1309.026	844438.73
83.5153331877334	99.8943400845279	3105.484	1421.003	881372.59
