0.000809999352000518	0.0145799883360093	3.353	1.144	355.33
0.00145999883200093	0.0262799789760168	4.651	1.206	652.17
0.00170999863200109	0.0305999755200196	5.007	1.186	683.75
0.00428999656800275	0.0768599385120492	10.01	1.428	1566.81
0.0057799953760037	0.104039916768067	13.006	1.698	2612.33
0.00870999303200557	0.1560598751521	19.096	1.979	3526.49
0.0130499895600084	0.23453981236815	29.066	2.27	5072.05
0.0152999877600098	0.273599781120175	30.752	2.373	6271.39
0.0159999872000102	0.286739770608184	42.896	2.661	5881.4
0.0398799680960255	0.710279431776455	75.279	5.029	13706.18
0.0633899492880406	1.12229910216072	136.609	7.921	22257.62
0.0963199229440617	1.69361864510508	212.765	11.125	37354.48
0.135959891232087	2.36609810712151	260.798	14.795	49565.57
0.206519834784132	3.53033717573026	360.447	22.384	71559
0.263319789344168	4.36481650814679	498.59	28.121	94334.55
0.433589653128278	6.94223444621244	696.741	46.43	135784.24
0.665019467984426	10.0799919360065	874.365	67.331	286597.3
1.06207915033668	15.0128879896896	1290.75	131.619	387336.05
1.58631873094502	20.0809639352289	1293.051	195.582	459078.2
2.35398811680951	25.4408196473443	1386.303	260.598	559594.04
3.55252715797827	31.4664948268041	1270.246	332.598	655200.49
5.11944590444328	33.7481730014616	1089.891	347.978	715089.64
8.08421353262917	42.6785058571953	1375.587	467.931	740536.14
11.7006206395035	42.6623058701553	1118.651	494.327	722413.06
15.4443376445299	38.9588088329529	1043.48	472.142	730520.19
26.9631584294733	59.2021326382939	1677.703	734.507	756643.74
36.6450906839274	66.6861666510667	1926.107	853.536	777990.17
47.2335022131982	82.7021938382449	2475.798	1051.827	801122.98
57.1565342747726	91.4197668641865	2773.476	1178.35	823448.8
66.6349666920267	95.9654832276134	2916.718	1555.994	844337.29
74.2141106287115	96.4408628473097	2986.254	1648.816	860939.18
83.6751930598456	99.926560058752	3081.066	1684.413	881600.15
90.5398075681539	99.999640000288	3151.327	1741.247	896737.55
