0.000989999208000634	0.0178199857440114	3.471	1.159	430.68
0.00184999852000118	0.0332999733600213	5.01	1.018	683.75
0.00220999823200141	0.0397799681760255	21.816	1.063	829.61
0.00289999768000186	0.0518399585280332	7.375	1.112	1041.98
0.00460999631200295	0.0829799336160531	11.354	1.346	1929.37
0.00563999548800361	0.101339918928065	11.839	1.476	2143.22
0.0123399901280079	0.221579822736142	27.578	1.97	5011.12
0.0168899864880108	0.303119757504194	48.262	2.619	6176.8
0.0275499779600176	0.491219607024314	51.493	3.376	10677.32
0.0394399684480252	0.70271943782445	87.796	4.829	16523.99
0.0526099579120337	0.928799256960594	100.871	6.641	19004.83
0.0637599489920408	1.13129909496072	118.689	7.078	24754.52
0.138459889232089	2.41091807126554	342.638	14.581	52599.04
0.170999863200109	2.91221767022586	297.746	18.96	61944.35
0.196729842616126	3.25619739504208	383.075	20.873	65612.89
0.463449629240297	7.43993404805276	687.309	46.907	127696.75
0.549039560768351	8.24615340307728	697.753	51.706	148969.37
1.06059915152068	14.9504280396576	1130.911	130.321	364955.72
1.41949886440091	17.4635860291312	1027.536	151.237	428834.44
2.12794829764136	18.2109454312437	790.42	189.337	537722.96
2.37626809898552	25.8328593337125	1361.911	258.912	561022.59
5.38716569026745	37.571369942904	1319.465	388.923	725004.65
8.07545353963717	42.5235259811792	1298.691	456.985	740573.39
9.65028227977418	32.794893764085	926.674	365.016	734574.63
18.1888054489556	54.4425764459388	1524.752	623.056	737018.39
26.8002185598252	57.801553758757	1603.196	679.64	756248.98
35.1775818579345	60.0308519753184	1681.995	729.258	774548.67
47.1835022531982	82.1668742665006	2375.524	992.768	801357.53
56.9451744438604	88.984548812361	2607.045	1102.441	822492.07
64.080698735441	87.1445902843278	2592.696	1119.632	837961.05
76.0001791998566	99.6581802734558	3022.494	1595.28	864996.41
83.8049229560616	99.94870004104	3045.938	1563.477	881840.77
90.592367526106	99.999820000144	3036.64	1644.343	896883.32
