0.000729999416000467	0.0131399894880084	3.101	0.915	343.43
0.00212999829600136	0.0383399693280245	6.938	1.06	884.73
0.00270999783200173	0.0487799609760312	6.892	1.152	1132.27
0.00364999708000234	0.0656999474400421	9.339	1.196	1390.83
0.00493999604800316	0.0887399290080568	13.444	1.362	2022.73
0.00641999486400411	0.115379907696074	46.668	1.477	2321.77
0.0116899906480075	0.209339832528134	24.283	2.036	4618.38
0.0191799846560123	0.34343972524822	36.576	2.716	7549.71
0.0214399828480137	0.382859693712245	70.424	3.408	7467.02
0.0361499710800231	0.642239486208411	76.751	5.153	14419.8
0.037579969936024	0.669059464752428	145.755	4.835	13347.02
0.0556999554400356	0.977579217936626	131.419	6.579	19440.01
0.137539889968088	2.39291808566553	252.239	15.97	50998.72
0.200609839512128	3.4300772559382	384.962	23.099	65376.19
0.313799748960201	5.23691581046735	543.181	33.441	113438.39
0.446049643160285	7.16345426923658	742.629	46.258	138760.12
0.704109436712451	10.7459914032069	1029.366	69.103	279932.24
1.05732915413668	14.9381880494496	1155.222	132.432	377685.93
1.59660872271302	20.282923773661	1411.581	193.216	464804.14
2.38026809578552	25.8315993347205	1308.869	256.378	569487.92
3.49067720745823	30.3056757554594	1111.582	312.14	647282.9
5.18088585529132	34.4973324021341	1124.301	356.478	716013.14
8.06793354565316	42.5093059925552	1334.571	456.71	740430.31
11.9561004351197	45.4172036662371	1208.557	494.827	723433.89
18.0279155776675	51.8905384875692	1390.648	577.049	736847.97
27.2826881738495	63.6306690954647	1770.251	728.911	757129.97
36.4735708211433	65.5037475970019	1862.997	787.824	777787.59
47.2636921890462	83.2083534333173	2453.139	999.733	802105.74
54.2966965626428	77.6517578785937	2294.672	971.419	817060.61
66.8404765276188	97.2899221680623	2901.132	1480.294	844586.6
74.5707103434317	97.0483623613101	2926.655	1514.766	861667.31
82.9449236440611	99.7310802151358	2974.991	1551.798	880179.66
90.588477529218	99.999820000144	3059.69	1637.35	896770.81
