0.000969999224000621	0.0174599860320112	3.402	1.081	351.37
0.001559998752001	0.028079977536018	4.718	1.25	557.35
0.00286999770400184	0.0516599586720331	7.145	1.658	1249.89
0.00379999696000243	0.0683999452800438	32.512	1.757	1488.68
0.00478999616800307	0.0862199310240552	10.332	2.071	2077.16
0.00865999307200554	0.1555198755841	17.595	2.606	3199.37
0.0123599901120079	0.221579822736142	24.473	3.262	4828.21
0.0195499843600125	0.349919720064224	63.09	4.868	7188.61
0.0267499786000171	0.478439617248306	52.04	5.196	10198.71
0.0382599693920245	0.680579455536436	74.056	7.274	14828.61
0.06257994993604	1.10897911281671	119.493	9.718	23281.42
0.0739499408400473	1.30337895729683	132.5	12.116	23997.3
0.13998988800809	2.43863804908956	312.131	17.254	48360.33
0.152409878072098	2.59847792121766	277.633	21.109	48582.92
0.287659769872184	4.59881632094694	455.504	31.724	94198.85
0.314909748072202	5.26805578555537	526.969	37.542	102307.15
0.709519432384454	10.8340113327909	960.695	75.842	275996.85
0.75018939984848	10.3591717126626	806.012	72.703	274571.18
1.43858884912892	15.1775878579297	728.362	138.851	438536.3
1.59655872275302	20.251243799005	1338.825	209.401	462541.92
3.5926371258903	32.1090943127246	1333.876	333.751	653018.93
5.38957568833945	37.6777498578001	1292.553	389.407	720219.45
7.90112367910106	39.9662680269856	1094.684	434.865	741091.25
10.0284919772064	34.0295127763898	940.841	386.87	731033.44
18.0715655427476	52.5550979559216	1397.228	598.105	737195.05
27.1727182618254	61.7943105645516	1750.511	718.173	757219.25
37.2828101737519	73.492321206143	2137.558	892.617	779634.44
47.2622821901742	83.0710135431892	2404.631	1011.854	801413.29
57.0587443530045	90.1941478446817	2653.566	1115.837	823459.33
66.8426965258428	97.2661621870703	2911.604	1204.809	844877.18
74.7625301899758	97.4515620387504	2930.702	1262.085	862158.4
84.0337627729898	99.980560015552	2984.797	1316.257	882911.31
90.567667545866	100.0	3057.187	1328.685	896928.33
