0.00101999918400065	0.0183599853120118	7.048	0.959	406.9
0.00147999881600095	0.0266399786880171	4.394	1.114	529.66
0.00236999810400152	0.0426599658720273	9.649	1.088	1022.34
0.00347999721600223	0.0626399498880401	13.233	1.177	1664.4
0.00463999628800297	0.0835199331840535	11.19	1.227	1648.79
0.0084299932560054	0.151559878752097	18.429	1.572	3472.66
0.010919991264007	0.195659843472125	21.913	1.799	4618.38
0.0188799848960121	0.338219729424216	36.223	2.635	6347.02
0.0287599769920184	0.513719589024329	54.557	3.641	10484.5
0.0416499666800267	0.743219405424476	86.237	4.926	15797.53
0.0512299590160328	0.90557927553658	96.912	6.167	19996.04
0.073429941256047	1.28645897083282	159.729	8.951	23997.3
0.117199906240075	2.0357983713613	215.649	12.58	45488.19
0.193399845280124	3.29975736019411	338.795	20.518	65132.99
0.278469777224178	4.62725629819496	473.676	30.465	87770
0.307629753896197	4.91417606865915	431.241	30.593	104690.63
0.690579447536442	10.4734716212227	893.886	68.258	192098.89
0.912739269808584	11.3758108993513	784.016	83.477	331138.29
1.04435916451267	14.7074282340574	1110.927	128.48	350676.24
2.35364811708151	25.4366796506563	1285.193	256.334	558837.01
2.70541783566573	22.3734421012463	747.084	217.352	578664.51
5.38975568819545	37.6107899113681	1274.896	391.161	721069.85
7.9670936263251	40.8858872912902	1339.733	426.046	741065.71
12.1309402952478	48.0230615815507	1519.36	526.696	723363.24
18.1652854677716	53.9045568763545	1465.25	619.974	737209.41
25.9363892508886	52.7399578080338	1436.68	612.415	754453.75
34.9092120726303	59.2465926027259	1722.952	729.903	773933
45.7705133835893	72.1268422985262	2100.061	890.198	798197.54
55.3670257063794	80.6692754645796	2402.055	1006.788	819372.13
64.8304781356175	88.9348688521049	2635.288	1139.903	840538.3
75.9303592557126	99.5213803828957	2955.588	1581.315	864841.03
84.0813927348858	99.986680010656	3022.883	1582.352	882849.24
90.5401975678419	100.0	3053.261	1594.594	896930.65
