0.000649999480000416	0.0116999906400075	4.099	1.097	283.85
0.00188999848800121	0.0340199727840218	5.842	1.458	786.28
0.00315999747200202	0.0568799544960364	7.632	1.605	1261.64
0.00591999526400379	0.106559914752068	12.368	2.135	2662.63
0.0085899931280055	0.154259876592099	18.001	2.656	3307.21
0.0146899882480094	0.263159789472168	30.864	3.537	6271.39
0.0346799722560222	0.614339508528393	63.286	5.969	12939.61
0.131639894688084	2.29535816371347	261.418	17.359	51748.5
0.317689745848203	5.29955576035539	534.959	37.843	111646.05
0.680599455520436	10.3235317411746	876.504	72.786	191813.05
1.57109874312101	19.7915241667807	1253.261	198.521	462617.24
2.39853808116953	26.1570390743687	1353.231	271.033	561882.44
4.58968632825094	29.0231767814586	853.002	299.225	701496.63
8.07592353926117	42.5519659584272	1360.527	473.851	740586.28
11.8974504820396	44.6410442871646	1207.419	503.198	722895.14
43.6032251174199	66.0847871321703	1920.663	823.533	793289.66
57.1383242893406	91.1481470814823	2686.831	1132.705	823757.13
65.2311878150498	90.1345678923457	3590.002	1149.283	841037.32
83.9042028766377	99.964540028368	3008.72	1321.403	882019.65
90.5337775729779	99.999820000144	3055.384	1342.877	896931.04
