0.00088999928800057	0.0160199871840103	3.532	1.284	430.68
0.001559998752001	0.028079977536018	4.788	1.452	703.48
0.0026599978720017	0.0478799616960306	6.805	1.706	1132.27
0.00386999690400248	0.0691199447040442	10.561	2.024	1547.28
0.00584999532000374	0.104939916048067	13.266	2.452	2259.7
0.00869999304000557	0.1562398750081	27.746	3.041	3730.09
0.0123299901360079	0.221579822736142	23.869	3.458	4828.21
0.0188899848880121	0.338579729136217	36.732	5.473	7188.61
0.0191199847040122	0.342179726256219	35.557	4.874	7440.7
0.0316799746560203	0.563399549280361	61.726	6.043	10484.5
0.0537999569600344	0.946439242848606	101.813	8.605	21166.33
0.0579699536240371	1.02941917646466	121.726	9.528	24344.52
0.130769895384084	2.26781818574545	235.108	17.095	51748.5
0.208189833448133	3.55337715729827	342.745	26.234	71774.53
0.309619752304198	5.1586158731073	522.843	38.261	105102.27
0.322689741848207	5.14871588102729	527.025	37.593	105320.74
0.601519518784385	8.4331732534614	666.412	59.176	172723.77
0.715889427288458	10.963971228823	1886.759	77.327	273528.94
1.52976877618498	19.0965447227642	1325.67	195.136	450821.87
2.35304811756151	25.4121996702403	1293.301	268.787	557723.31
3.57201714238629	31.7078746337003	1314.42	338.072	655529.19
5.35851571318743	25.6906594474724	768.107	290.025	715577.29
5.38689569048345	37.6667698665841	1326.999	414.146	721468.4
12.0793203365437	47.1725622619502	1422.485	528.22	723893.47
18.1903454477236	54.4382564493948	1634.891	639.242	736985.51
25.2406498074802	50.2159998272001	1417.836	635.475	752720.11
36.7791205767035	67.6421458862833	1954.189	876.463	778269.53
46.4378728497017	75.3362397310082	2236.153	987.457	799856.16
57.1589142728686	91.6037267170186	2767.936	1186.575	823556.8
64.6965482427614	88.6180691055447	2704.469	1220.03	839436.03
74.5149103880717	96.951342438926	3004.052	1338.973	861553.46
84.1066327146938	99.991180007056	3070.42	1406.008	882689.18
90.595507523594	99.999820000144	3174.158	1433.768	896857.87
