0.000519999584000333	0.00935999251200599	30.565	1.256	224.18
0.00180999855200116	0.0325799739360208	5.556	1.511	758.69
0.00222999821600143	0.0399599680320256	6.046	1.796	786.28
0.00431999654400277	0.0777599377920498	10.942	2.334	1559
0.00724999420000464	0.129779896176083	15.533	3.027	2453.58
0.0133099893520085	0.238859808912153	26.036	3.819	5045.4
0.0773299381360495	1.35917891265687	142.585	13.272	29959.24
0.316569746744203	5.29613576309139	552.89	38.084	101114.25
0.476029619176305	7.68959384832492	799.791	54.796	142175.17
0.710769431384455	10.878471297223	956.119	76.62	195196.66
0.957749233800613	11.8403905276876	758.518	117.213	342468.01
2.47251802198558	20.6238435009252	789.219	215.394	565209.55
5.38897568881945	37.578749937	1306.828	398.468	724263.99
9.72836221731023	33.0409535672371	994.908	380.1	733881.21
26.8067585545932	57.860593711525	1754.957	714.88	756274.28
35.2568917944866	60.2877117698306	1755.75	775.299	774740.64
47.2524721980222	82.9214336628531	2483.383	1182.382	801862.96
56.9953044037565	89.5274283780573	2738.203	1212.414	823418.82
66.4994068004746	95.1886038491169	2917.713	1288.53	844180.64
75.8721493022806	99.4445204443836	3042.687	1347.453	864519.31
84.0080927935258	99.978760016992	3111.813	1400.987	882226.12
90.586197531042	100.0	3096.533	1437.737	896907.5
