0.000669999464000429	0.0120599903520077	2.884	0.889	347.4
0.00205999835200132	0.0370799703360237	5.254	1.024	766.57
0.00229999816000147	0.0413999668800265	6.233	1.263	967.32
0.00255999795200164	0.0458999632800294	7.124	1.119	1081.25
0.00291999766400187	0.0525599579520336	7.645	1.177	1343.87
0.00851999318400545	0.152999877600098	18.81	1.626	3052.88
0.0115099907920074	0.206459834832132	24.655	1.973	5292.74
0.018789984968012	0.336599730720215	36.172	2.677	7188.61
0.0283699773040182	0.507239594208325	68.727	3.703	11775.93
0.0427099658320273	0.761759390592488	80.96	5.314	17710.83
0.0590699527440378	1.04669916264067	114.31	6.77	24344.52
0.0845899323280541	1.49057880753695	180.808	9.378	28825.82
0.107899913680069	1.8777584977932	206.067	12.711	35190.23
0.206399834880132	3.53105717515426	355.18	22.333	71774.53
0.308399753280197	5.14853588117129	555.781	33.624	97448.95
0.451929638456289	6.81011455190836	570.253	46.412	138280.7
0.470239623808301	7.56467394826084	713.951	47.768	157964.41
0.90599927520058	12.488570009144	958.418	115.599	343390.62
1.59877872097702	20.237023810381	1373.336	193.328	494808.1
2.39775808179353	26.0812591349927	1463.501	264.414	581888.36
2.99747760201792	24.7994801604159	894.661	255.276	627666.65
5.27101578318737	35.7542713965829	16599.404	379.913	715910.04
7.17176426258859	33.7091130327096	907.883	365.234	740508.24
12.1310602951518	48.0117215906227	1495.605	536.363	723364.05
18.1834054532756	54.4917164066269	1610.814	614.807	736751.09
27.2819081744735	63.5521891582487	1787.487	733.78	757224.13
37.2887401690079	73.5684611452311	2095.215	862.114	779359.87
47.1168323065342	81.0519551584359	2337.075	983.604	801156.09
56.8263445389244	87.9292096566323	3979.396	1095.87	822098.52
66.8657265074188	97.4171820662543	2868.56	1441.238	844626.17
74.3817704945836	96.7195026243979	2905.342	1499.072	861285.33
83.7593429925256	99.940060047952	2974.752	1614.713	881751.27
90.571227543018	99.999640000288	3052.062	1593.871	896754.02
