0.0029699976240019	0.0534599572320342	7.992	1.536	1191.1
0.00373999700800239	0.0673199461440431	13.612	1.725	1664.4
0.00629999496000403	0.112859909712072	13.184	2.234	2259.7
0.0116499906800075	0.208979832816134	28.473	3.13	4816.77
0.0262599789920168	0.4688996248803	50.007	5.134	10198.71
0.0328899736880211	0.583739533008374	62.489	5.951	13544.99
0.0822499342000526	1.42973885620892	172.607	12.188	31096.09
0.210669831464135	3.60935711251431	386.219	25.485	78327.63
0.310329751736199	5.17697585841931	519.59	37.769	97448.95
0.454249636600291	6.84539452368438	545.59	48.345	139555.77
0.470459623632301	7.56377394898084	719.493	51.888	157480.49
1.38139889488088	14.6424482860414	721.66	135.774	429753.49
7.62040390367688	36.9577504337997	1089.833	413.055	741019.54
12.0758703393037	47.1513222789422	1421.064	522.842	723921.22
18.1814054548756	54.2415166067867	1542.265	638.289	737427.47
27.2822381742095	63.5928691257047	1777.607	743.664	757089.78
57.0822443342045	90.4697276242179	2664.309	1117.927	823596.66
64.3029485576412	87.576589938728	2706.998	1108.458	839263.78
75.2864397708482	98.373341301327	2993.859	1262.593	863230.07
90.596417522866	99.999820000144	3104.192	1349.829	896832.82
