0.000599999520000384	0.0107999913600069	2.904	0.898	252.04
0.00178999856800115	0.0322199742240206	5.414	1.027	750.81
0.00262999789600168	0.0473399621280303	6.572	1.102	1034.13
0.00370999703200237	0.0667799465760427	10.091	1.185	1664.4
0.0057799953760037	0.104039916768067	12.747	1.443	2259.7
0.00846999322400542	0.152099878320097	17.362	1.613	3199.37
0.0130599895520084	0.23453981236815	26.435	2.442	5345.96
0.0180799855360116	0.323819740944207	34.039	2.506	6645.48
0.0270399783680173	0.483479613216309	51.179	3.395	9689.08
0.0279799776160179	0.498599601120319	54.608	3.983	11029.16
0.0623999500800399	1.10465911627271	124.271	6.911	25626.35
0.0775899379280497	1.35053891956886	160.705	9.034	27958.44
0.0923699261040591	1.62557869953704	190.439	10.611	33986.53
0.208899832880134	3.56867714505828	397.155	22.269	71774.53
0.283179773456181	4.70195623843501	468.856	31.322	91953.86
0.471829622536302	7.60355391715687	712.777	47.832	158211.55
0.700919439264449	10.6950514439588	945.812	68.868	280775.68
1.06394914884068	15.0877679297857	1175.619	135.729	366636.3
1.33415893267285	16.3096069523144	1057.744	143.545	439932.75
2.36071811142551	25.5347795721763	1379.741	256.216	565523.92
3.57779713776229	31.7841945726443	1281.09	325.011	662218.22
5.38991568806745	37.6791898566481	1386.797	393.356	720691.92
5.60459551632359	26.561498750801	786.389	278.788	721401.13
11.3559609152313	40.0278279777376	1048.146	437.193	721684.94
18.1868654505076	54.4940564047549	1554.997	616.513	736720.56
25.6365494907604	51.547458762033	1454.007	605.535	753662.21
37.2831501734799	73.494661204271	2122.626	869.102	779634.3
47.1969422424462	82.3157341474127	2392.247	981.928	801452.42
54.5272663781869	78.2290174167861	2280.612	977.43	817672.08
66.1474470820423	93.4552052358358	2773.604	1445.559	843142.29
75.2315298147762	98.2484214012629	2969.494	1521.409	863102.13
83.7391630086696	99.936640050688	3044.372	1579.95	881705.99
90.57918753665	99.999820000144	3072.971	1609.739	896761.8
