0.00112999909600072	0.020339983728013	4.719	1.019	398.97
0.00205999835200132	0.0370799703360237	5.365	1.112	900.47
0.00263999788800169	0.0475199619840304	6.462	1.154	1249.89
0.00382999693600245	0.0689399448480441	9.826	1.238	1637.08
0.00511999590400328	0.0919799264160589	13.084	1.697	1991.62
0.00854999316000547	0.153539877168098	17.263	1.611	3307.21
0.012489990008008	0.223919820864143	24.678	2.047	4828.21
0.0165899867280106	0.29663976268819	32.112	2.502	6566.19
0.0188399849280121	0.338039729568216	36.505	3.261	7188.61
0.0292799765760187	0.521459582832334	54.68	3.586	10484.5
0.0578899536880371	1.02689917848066	135.907	7.164	24344.52
0.0927199258240593	1.62953869636904	171.29	10.673	37354.48
0.115949907240074	2.01383838892929	203.934	12.791	42760.74
0.214409828472137	3.66443706845035	434.621	23.767	78327.63
0.311399750880199	5.21297582961934	582.788	34.091	107475.91
0.464289628568297	7.46603402717278	832.169	47.896	127696.75
0.598219521424383	8.99603280317376	758.589	59.398	186159.61
0.691889446488443	9.57077234338213	763.822	63.538	273525.49
1.568348745321	19.7571441942846	1277.035	194.33	458627.3
1.90445847643322	19.6138643089086	857.787	191.89	507160.52
3.00605759515392	24.8803000957599	850.536	258.942	628927.79
3.47133722293022	22.5098819920944	755.187	223.537	645052.09
6.21263502989198	28.8840368927705	968.625	301.569	732515.3
12.0199303840557	46.2993829604936	1288.405	506.652	723702.24
18.1831554534756	54.4562564349948	1523.449	620.671	736783.3
27.2071382342894	62.429890056088	1765.382	723.468	757330.13
33.6629730696215	56.19847504122	1586.689	682.102	771211.47
47.2592321926142	82.9936136051091	2404.897	1013.478	801219.7
56.9742644205885	89.3206085435132	2641.117	1101.027	822700.76
66.8644665084268	97.4072820741743	2912.799	1549.241	844667.78
73.491281206975	95.1902238478209	2885.064	1551.726	859473.07
83.5878931296855	99.9091000727199	3001.586	1674.053	881470.29
90.596597522722	99.999820000144	3053.338	1721.811	896833.14
