0.00115999907200074	0.0208799832960134	3.812	1.164	434.64
0.00150999879200097	0.0271799782560174	4.515	1.233	557.35
0.00224999820000144	0.0404999676000259	6.127	1.429	829.61
0.00287999769600184	0.0518399585280332	7.062	1.527	1100.87
0.00569999544000365	0.102599917920066	13.128	2.147	2376.06
0.0088999928800057	0.159479872416102	18.356	2.584	3538.02
0.0131299894960084	0.23453981236815	27.417	3.316	4980.65
0.0164399868480105	0.293939764848188	44.466	4.006	6430.18
0.0277599777920178	0.496799602560318	51.17	5.934	10406.59
0.0342499726000219	0.60911951270439	73.101	6.259	13702.52
0.0555299555760355	0.983339213328629	120.277	8.524	19702.02
0.0919299264560588	1.62125870299304	172.618	12.655	29590.12
0.132599893920085	2.30957815233748	273.409	18.286	45182.98
0.18747985001612	3.19751744198605	330.502	23.351	61088.65
0.316319746944202	5.27147578281937	500.6	38.152	100240.62
0.454859636112291	7.30493415605268	743.473	50.664	138859.84
0.673989460808431	10.2365918107266	880.455	71.494	185094.96
1.05643915484868	14.9156880674495	1191.729	136.422	363921.56
1.60535871571303	20.349883720093	1282.89	201.723	469417.09
2.38029809576152	25.8306993354405	1222.708	264.19	565572.36
3.5930871255303	32.1051343158925	1274.881	341.82	654058.04
5.38709569032345	37.6284298972561	1353.67	394.922	719671.75
5.55417555665955	26.3795188963849	792.056	286.914	720274.45
12.1145103083918	47.8121017503186	1461.164	532.838	723856.11
18.1642554685956	53.8987968809625	1497.248	627.476	737203.39
27.2880181695855	63.6054691156247	1784.609	739.89	757038.1
36.5437507649994	65.9668872264902	1902.764	806.212	777852.28
47.0971123223101	80.8028353577317	2375.629	984.543	801129.12
56.8723145021484	88.2766093787125	2590.891	1079.059	822186.69
64.4870084103933	88.0960695231444	2637.045	1126.274	838862.6
73.9476108419113	95.9973432021254	2926.36	1234.929	860455.66
83.0521435582852	99.7730201815839	3005.051	1310.672	880463.71
90.563347549322	100.0	3019.651	1336.505	896928.79
