0.000619999504000397	0.0111599910720071	2.754	0.904	283.85
0.001569998744001	0.0282599773920181	5.241	1.303	529.66
0.00308999752800198	0.0556199555040356	7.357	1.297	1041.98
0.00315999747200202	0.0568799544960364	7.886	1.133	1171.49
0.00350999719200225	0.0631799494560404	8.767	1.129	1449.58
0.0073499941200047	0.132119894304085	14.856	1.546	3018.16
0.0130299895760083	0.23363981308815	26.701	2.087	5687.97
0.0179299856560115	0.320579743536205	41.78	2.363	7669.94
0.0286299770960183	0.511019591184327	61.9	3.523	11284.69
0.0348799720960223	0.619559504352396	82.595	4.917	12939.61
0.0411199671040263	0.731699414640468	87.042	5.27	16273.31
0.0926199259040593	1.63133869492904	225.42	10.51	32509.52
0.10922991261607	1.88315849347321	244.336	11.914	35190.23
0.212379830096136	3.64463708429033	425.892	23.145	79635.46
0.242829805736155	4.03271677382658	460.005	26.996	73876.03
0.408669673064262	6.50429479656416	646.44	43.538	129166.58
0.653439477248418	9.0669527464378	689.012	60.99	185850.27
0.709419432464454	10.8356313314949	941.869	71.011	276014.96
1.46677882657694	18.1517254786196	1131.714	180.209	447464.65
2.28608817112946	24.3046605562716	1160.326	245.482	552837.78
3.2844573724341	27.7691177847058	1019.19	278.148	641977.96
3.4404772476182	22.3453621237103	798.43	222.591	644015.55
5.58533553173157	26.493458805233	839.827	282.465	720977.84
12.1282902973678	47.9762616189907	1500.539	543.711	723517.93
17.3809560952351	46.3699429040457	1212.205	515.734	735310.18
26.8757384994092	58.4257932593654	1607.879	674.415	756412.33
37.2889901688079	73.5511811590551	2086.334	882.508	779442.21
47.1538422769262	81.5730547415562	2362.015	962.721	801220.5
56.9361144511084	88.9647488282009	2623.411	1116.571	823320.27
64.8993780804975	89.120808703353	2690.688	1133.051	840690.48
75.9564392348486	99.5897803281757	2969.12	1632.941	864753.77
83.8708729033017	99.96040003168	3027.634	1642.588	881979.29
90.571807542554	99.999640000288	3030.726	1687.637	896754.33
