0.00103999916800067	0.018719985024012	3.556	1.118	367.24
0.00304999756000195	0.0548999560800351	10.254	1.599	1191.1
0.0042199966240027	0.0759599392320486	9.887	1.939	1691.7
0.00928999256800594	0.166859866512107	28.48	2.936	3637.92
0.0104899916080067	0.18773984980812	21.532	3.765	4025.39
0.028049977560018	0.501839598528321	53.714	5.498	10710.68
0.0326899738480209	0.581939534448372	85.761	5.849	12939.61
0.0933299253360597	1.63961868830505	181.131	12.809	33914.23
0.293059765552188	4.90301607758714	576.631	34.867	104176.19
0.294949764040189	4.69583624333101	453.405	32.738	94198.85
1.03800916959266	14.5952883237693	1050.414	134.115	364990.79
2.39569808344153	26.1190591047527	1330.953	262.279	565037.75
3.37893729685016	28.9396568482745	1075.552	293.499	648482.74
4.70231623814701	29.8801560958751	880.007	322	704666.42
7.80171375862899	38.7874489700408	1111.215	422.299	741095.63
11.6522706781835	42.257666193867	1092.27	486.62	722300.96
17.145226283819	45.0210239831808	1184.768	520.931	734690.08
27.1585482731614	61.6008107193514	1695.961	717.22	757129.22
37.2111802310558	72.5284219772624	2046.353	860.177	779641.68
45.5380435695651	71.2457430034056	2079.705	882.625	797553.34
66.7939565648347	96.9943624045101	2869.655	1189.257	844503.65
84.0978527217178	99.989920008064	3029.362	1320.99	882784.63
