0.00107999913600069	0.0194399844480124	3.96	1.328	406.9
0.00200999839200129	0.0361799710560232	5.976	1.582	825.67
0.00213999828800137	0.0385199691840247	6.077	1.73	786.28
0.00589999528000378	0.106019915184068	14.303	2.544	2217
0.0184899852080118	0.331919734464212	45.859	4.473	7214.96
0.0274199780640175	0.490499607600314	52.314	5.558	10562.38
0.0383499693200245	0.683639453088438	80.21	7.348	14288.24
0.120669903464077	2.08979832816134	209.567	15.66	45488.19
0.364399708480233	5.80751535398772	545.076	43.689	105660.04
0.496669602664318	7.46423402861278	609.023	53.073	144683.21
0.747279402176478	10.3319917344066	785.94	73.16	275377.48
2.36432810853751	25.5876995298404	1326.494	263.254	567628.62
3.02038758368993	25.001979998416	904.497	273.411	629681.4
5.38497569201945	37.535189971848	1345.045	407.286	724675.81
37.0803103357517	70.6317634945892	2043.637	887.415	778850.55
57.0910343271725	90.610307511754	2743.376	1185.034	823223.72
75.8992492806006	99.4934804052157	3134.801	1402.346	864590.62
