0.00103999916800067	0.018719985024012	3.964	1.151	406.9
0.00195999843200125	0.0352799717760226	15.408	1.375	802.04
0.00285999771200183	0.0514799588160329	7.137	1.58	1191.1
0.00347999721600223	0.06245995003204	9.052	1.692	1292.98
0.00413999668800265	0.0741599406720475	44.031	1.935	1559
0.00873999300800559	0.1569598744321	17.892	2.737	3307.21
0.0131899894480084	0.236519810784151	26.452	3.697	4377.7
0.0193899844880124	0.347939721648223	38.865	4.398	7188.61
0.0220699823440141	0.393119685504252	44.397	4.967	8734.28
0.0277199778240177	0.496079603136317	54.904	5.514	10406.59
0.0620899503280397	1.1012391190087	128.957	10.028	23231.75
0.0732099414320469	1.28213897428882	152.085	10.607	23997.3
0.105829915336068	1.83887852889718	220.63	14.168	35190.23
0.208159833472133	3.56363714909028	354.01	26.446	73574.25
0.211809830552136	3.51413718869025	436.194	27.26	73630.85
0.4693696245043	7.54883396093283	793.81	54.318	145729.93
0.694319444544444	10.5789515368388	918.07	73.393	178299
1.06347914921668	15.0812879349697	1206.042	136.471	359514.93
1.60537871569703	20.386423690861	1327.133	203.725	467269.01
2.15182827853738	22.4722620221904	1025.937	216.501	534217.96
2.28674817060146	19.2913045669563	758.754	199.992	555893.51
5.39220568623545	37.6597498722001	1233.632	395.392	719165.3
8.04353356517315	42.0488663609069	1199.462	463.472	740415.65
11.2027210378232	39.070408743673	1058.871	445.466	721394.67
17.9769856184115	51.2387590089928	1368.645	582.912	736573.21
25.7920693663445	52.1371382902894	1444.693	621.993	754034.4
35.938691249047	62.7898897680882	1764.276	761.645	776653.05
47.2790821767343	83.2288734169013	2457.841	1004.866	802121.27
54.4528364377309	78.03803756957	2284.26	982.489	817494.61
66.5350967719226	95.3866036907171	2862.674	1191.929	844216.13
75.9114792708166	99.5129203896637	2965.836	1272.279	864624.28
83.5167331866135	99.8941600846719	2991.409	1295.588	881318.06
90.591057527154	99.999820000144	3056.032	1343.448	896890.83
