0.00088999928800057	0.0160199871840103	3.575	1.14	387.07
0.0021899982480014	0.0392399686080251	15.26	1.229	802.04
0.00316999746400203	0.0570599543520365	7.879	1.691	1034.13
0.00423999660800271	0.0763199389440488	9.662	1.466	1637.08
0.00455999635200292	0.0815399347680522	29.01	1.447	1929.37
0.00556999554400356	0.100079919936064	11.976	1.525	2143.22
0.0127599897920082	0.228779816976146	39.632	2.154	5387.77
0.018739985008012	0.336059731152215	38.822	3.053	7214.96
0.0247999801600159	0.443159645472284	59.891	3.578	9651.86
0.035959971232023	0.639359488512409	105.98	4.93	13347.02
0.0628799496960402	1.11455910835271	144.495	7.443	22936.65
0.0889399288480569	1.54403876476899	173.818	10.412	31096.09
0.0923499261200591	1.62737869809704	197.786	10.471	29590.12
0.116459906832075	1.98647841081727	195.45	12.982	40819.14
0.270409783672173	4.49585640331488	451.967	29.549	91015.88
0.464929628056298	7.4941140047088	745.364	48.427	144866.73
0.620609503512397	9.34307252554198	763.678	64.266	176403.05
0.919779264176589	12.6874698500241	997.62	118.901	337803.02
1.52908877672898	19.1057247154202	1191.72	192.556	451558.08
2.39117808705753	26.0180791855367	1353.17	264.217	590038.77
3.23752740997807	27.2550381959694	997.68	273.331	632572.48
5.35808571353143	37.1458502833198	1272.479	394.699	722111.05
6.34448492441206	29.4387964489628	929.74	336.585	733645.19
11.2972209622232	39.6352482918014	1111.851	445.304	721573.18
17.4611460310832	46.874842500126	1235.887	557.086	735558.8
27.2556581954734	63.2098294321365	1836.618	770.778	757403.16
37.1198603041118	71.1298230961415	2071.334	899.313	778924.31
46.3873728901017	75.025559979552	2293.816	963.737	799750.91
56.9181444654844	88.8128289497368	2693.162	1177.914	823287.84
66.7684965852027	96.825882539294	2939.582	1673.726	844457
75.6485694811444	99.0254807796154	3079.992	1675.188	863866.43
84.0932127254298	99.987040010368	3094.027	1760.032	882824.07
90.557857553714	99.999640000288	3180.115	1791.768	896745.97
