0.000869999304000557	0.01565998747201	3.324	0.911	371.21
0.00173999860800111	0.0311399750880199	4.685	1.012	703.48
0.0028199977440018	0.0507599593920325	8.233	1.122	1195.02
0.00360999711200231	0.0649799480160416	8.319	1.189	1664.4
0.00615999507200394	0.110879911296071	13.103	1.414	2503.94
0.00785999371200503	0.14129988696009	15.859	1.657	2971.86
0.0108499913200069	0.194579844336125	25.117	1.977	4438.86
0.0191699846640123	0.34307972553622	50.579	2.757	7324.1
0.0278199777440178	0.497519601984318	56.169	3.617	10117
0.0386799690560248	0.689039448768441	97.169	4.663	14288.24
0.06250994999204	1.11023911180871	116.751	6.765	26077.04
0.0938899248880601	1.64879868096106	198.506	10.831	38013.24
0.129929896056083	2.26349818920145	234.487	14.366	51748.5
0.195219843824125	3.33863732909014	352.066	21.042	71812.4
0.309319752544198	5.1580758735393	497.682	34.247	89936.24
0.471039623168301	7.59689392248486	760.009	47.593	144675
0.70256943794445	10.7324914140069	924.049	69.73	196119.47
1.05418915664867	14.8955280835775	1184.376	129.556	360436.11
1.31657894673684	16.0693071445543	948.106	140.069	436460.39
1.47376882098494	15.4929476056419	798.431	137.424	447798.45
3.57108714313029	31.7071546342763	1279.408	323.419	655628.64
5.38968568825145	37.6291498966801	1305.012	393.688	719471.6
7.9735636211491	41.0882071294343	1219.235	430.149	741059.62
12.1043303165357	47.5959219232625	1530.96	526.945	724151.5
18.1898654481076	54.4969364024509	1528.237	614.568	736727.6
26.6758186593451	56.8282945373644	1607.807	663.542	755871.22
37.2888601689119	73.5850211319831	2158.053	873.179	779256.75
45.4904336076531	71.0646631482695	2047.945	877.136	797430.76
57.0240643807485	89.8213681429055	2659.713	1097.767	823385.55
66.8614765108188	97.4359020512784	2894.29	1524.736	844804.84
75.4098396721283	98.6010411191671	2905.163	1596.912	863430.58
84.0432727653818	99.984520012384	2957.736	1638.267	882317.52
90.595227523818	99.999820000144	3073.275	1691.924	896801.6
