0.00106999914400068	0.0192599845920123	4.577	0.923	367.24
0.00189999848000122	0.0341999726400219	9.358	1.002	723.2
0.00232999813600149	0.0419399664480268	6.817	1.055	1022.34
0.0040599967520026	0.0730799415360468	9.502	1.305	1504.31
0.00586999530400376	0.105479915616068	16.563	1.373	2259.7
0.00762999389600488	0.136439890848087	16.695	1.522	3099.16
0.00853999316800547	0.153359877312098	18.113	1.684	3438.05
0.0185799851360119	0.333359733312213	36.315	3.254	7324.1
0.0256399794880164	0.457739633808293	50.249	3.471	10020.39
0.0257199794240165	0.458279633376293	49.754	3.576	9741.18
0.0635199491840406	1.12409910072072	118.258	6.988	24574.32
0.0940399247680602	1.65779867376106	199.966	10.616	33986.53
0.138769888984089	2.41811806550555	264.1	15.882	49565.57
0.210449831640135	3.60791711366631	408.174	22.605	71410.56
0.287279770176184	4.77413618069106	483.882	32.801	93401.93
0.474549620360304	7.64207388634089	768.499	48.521	144344.88
0.708149433480453	10.8138513489189	922.416	70.877	274863.28
0.9366892506486	12.9686296250963	1011.77	117.674	330040.81
1.59664872268102	20.2006638394689	1397.298	195.825	494510.9
2.40037807969754	26.1555990755207	1253.287	266.251	578068.64
2.50868799304961	20.9028432777254	742.67	208.756	567756.56
5.13884588892329	33.9537328370137	960.534	345.596	715592.53
7.70429383656493	37.7895297683762	1010.97	403.969	741023.04
10.934381252495	37.6269898984081	1043.448	429.893	722191.37
18.1880454495636	54.3622965101628	1518.683	611.747	737426.87
27.2473582021134	62.9349696520243	1764.083	733.644	757313.67
37.2480902015278	73.0070415943667	2085.502	863.701	779793.53
47.2316422146862	82.5823139341489	2386.923	1000.349	801057.27
56.292894965684	84.4879724096221	2498.811	1045.232	821647.03
65.9724472220422	92.6722058622353	2761.004	1488.508	843481.56
75.9306392554886	99.5442403646077	3000.866	1615.363	864672.01
83.1852634517892	99.8056001555199	2977.63	1623.923	880735.22
90.5421675662659	99.999640000288	3080.368	1663.374	896738.19
