0.000959999232000614	0.0172799861760111	3.618	0.996	430.68
0.00185999851200119	0.0334799732160214	5.695	1.359	766.57
0.00276999778400177	0.0496799602560318	6.701	1.181	1081.25
0.00368999704800236	0.0662399470080424	8.407	1.223	1449.58
0.00410999671200263	0.0736199411040471	9.292	1.335	1640.98
0.00869999304000557	0.1562398750081	17.252	1.671	3368.79
0.010859991312007	0.194579844336125	21.71	1.835	4496.17
0.0130699895440084	0.23435981251215	27.31	2.146	5687.97
0.0185899851280119	0.332099734320213	40.311	2.573	7440.7
0.0386999690400248	0.689039448768441	71.131	4.958	14828.61
0.0629499496400403	1.11635910691271	117.475	7.404	23231.75
0.0817799345760523	1.42145886283291	167.556	9.353	31096.09
0.0935999251200599	1.64483868412905	200.555	10.569	33986.53
0.169449864440108	2.88197769441784	301.07	19.228	61944.35
0.199869840104128	3.31523734781012	321.855	21.572	66114.67
0.462009630392296	7.42247406202075	835.047	46.892	127696.75
0.709099432720454	10.8149313480549	984.344	70.673	291935.39
1.07120914303269	15.1901878478497	1126.034	131.11	365103.29
1.51512878789697	18.8917048866361	1230.124	188.208	456047.25
2.13364829308137	22.2800221759823	1018.162	211.147	532204.47
3.55949715240228	31.5701747438602	1243.594	321.935	654546.91
5.18773584981132	34.5581723534621	1021.622	346.455	715512.8
7.55815395347684	36.4544708364233	998.26	394.593	740922.89
11.7828405737275	43.4706852234518	1116.706	483.006	722736.28
17.4989660008272	47.1322422942062	1235.709	539.407	735696.45
25.1161299070961	49.8257601393919	1373.9	590.534	752455.11
37.1881602494718	72.2281822174542	2109.661	862.277	779320.02
46.901372478902	78.7792769765784	2322.715	959.684	801081.05
56.8126545498764	87.8266097387122	2596.327	1084.406	822095.89
64.006148795081	86.9716104227117	2624.622	1115.068	837813.84
73.8787608969913	95.8528033177573	2904.284	1549.197	860237
83.9782328174137	99.973720021024	3049.667	1726.367	882767.63
90.558197553442	99.999640000288	3062.381	1700.829	896746.08
