0.00104999916000067	0.0188999848800121	3.7	1.116	351.37
0.00183999852800118	0.0331199735040212	5.832	1.378	837.49
0.00290999767200186	0.0523799580960335	7.229	1.588	1175.41
0.00411999670400264	0.0741599406720475	9.439	1.807	1516.03
0.00565999547200362	0.101879918496065	14.248	2.114	2329.53
0.00618999504800396	0.111239911008071	13.099	2.247	2445.83
0.00920999263200589	0.165419867664106	18.797	3.351	3338
0.0180199855840115	0.323639741088207	42.829	4.406	6347.02
0.018719985024012	0.334799732160214	36.341	4.129	7440.7
0.0226799818560145	0.40571967542426	47.229	5.304	8734.28
0.0603399517280386	1.06991914406468	110.855	9.529	22250.5
0.0917799265760587	1.61891870486504	216.127	12.611	33986.53
0.102239918208065	1.77083858332913	197.037	13.482	33380.08
0.206119835104132	3.53159717472226	347.093	25.265	73574.25
0.249069800744159	3.98321681342655	397.104	27.899	85299.76
0.280439775648179	4.65659627472298	460.274	31.562	87770
0.483109613512309	7.27253418197265	605.14	50.49	148518.06
1.06374914900068	15.0332279734176	1189.229	134.899	396089.7
1.16156907074474	14.1924486460411	942.514	130.716	365940.4
1.8740785007372	19.3192045446364	883.684	191.739	496571.65
2.05773835380932	17.7197258242193	670.488	181.613	527906.84
3.76392698885841	23.9952408038074	863.832	267.188	655694.96
6.15602507517994	28.6394170884663	851.923	307.055	731771.04
12.0248603801117	46.4729028216777	1341.663	510.171	723718.71
17.9875056099955	51.4048988760809	1377.445	588.342	736631.82
26.3535789171369	54.745156203875	1496.419	658.301	755660.54
36.7890605687515	67.7483458013234	1933.35	819.792	778302.14
46.854032516774	78.3067773545781	2303.039	968.432	800969.2
55.4420956463235	80.9203752636998	2392.879	1019.312	819556.56
66.8706265034988	97.4735220211824	2903.718	1211.243	844720.79
75.9893392085286	99.6464802828158	2975.716	1279.44	864873.47
83.4079432736454	99.8684201052639	2997.285	1415.062	881189.22
90.591307526954	99.999820000144	3311.196	1340.297	896776.46
