0.00103001442020188	0.0185399851680119	8.062	1.271	430.68
0.00186002604036457	0.0334799732160214	15.035	1.364	746.86
0.00328004592064289	0.0588599529120377	20.182	1.683	1061.62
0.00401005614078597	0.0721799422560462	24.962	1.909	1672.2
0.0060300844211819	0.108539913168069	40.133	2.295	2282.98
0.00910012740178362	0.163799868960105	54.528	2.834	3434.2
0.0126901776624873	0.228059817552146	76.342	3.491	5132.96
0.0188902644637025	0.339839728128217	131.564	5.21	7094.46
0.0278603900454606	0.50057959953632	174.392	6.041	10336.08
0.0416505831081635	0.746459402832478	276.126	8.017	15295.46
0.064050896712554	1.14713908228873	362.923	10.504	23625.38
0.0933513069182969	1.66733866612907	571.585	13.981	33435.27
0.139661955267374	2.48363801308959	871.528	19.534	52055.04
0.208252915540818	3.68729705016236	1342.45	29.157	70581.42
0.315914422801919	5.53715557027554	1867.29	44.333	106662.99
0.476316668433358	8.23607341114127	2807.654	64.104	146311.99
0.714209998939985	12.1123703101038	4132.288	128.593	283992.83
1.06723494128918	17.5714059428752	5120.059	164.216	373658.82
1.59851237917331	25.1553398757281	7449.478	281.372	478630.22
2.3887734428282	35.3346917322466	8474.814	365.041	554279.15
3.60393045502637	48.3479613216309	10355.9	542.815	652066.94
5.39955559377831	63.1808494553204	10575.353	686.734	718481.16
8.09464332500655	78.092217526226	6018.541	874.012	740365.28
12.1493200904813	90.2729877816098	4963.757	1015.52	723515.41
18.1944247219461	97.2811021751183	5087.43	1117.106	737434.92
27.2881020334285	99.6817602545918	5090.966	1188.314	757390.63
37.2881620342685	99.980560015552	5017.684	1200.238	778826.38
47.2877020278284	99.999460000432	5260.035	1259.908	800643.63
57.2864820107482	100.0	5226.307	1286.2	823518.84
67.2883820373485	100.0	5224.383	1312.361	845587.73
77.3020222283112	100.0	5413.439	1315.3	867165.57
87.2885320394486	100.0	5845.619	1325.468	889512.05
97.3102123429728	100.0	5393.778	1348.176	911611.3
