0.000850011900166602	0.0152999877600098	7.455	1.078	450.49
0.00209002926040965	0.0376199699040241	14.05	1.204	853.24
0.00310004340060761	0.0557999553600357	19.808	1.39	1257.72
0.00415005810081341	0.0746999402400478	25.317	1.408	1547.28
0.00616008624120738	0.110879911296071	36.053	1.736	2108.25
0.00922012908180714	0.165779867376106	52.611	1.97	3434.2
0.0128601800425206	0.231299814960148	94.342	2.397	5326.96
0.0190602668437358	0.34307972553622	110.045	3.204	6875.62
0.0280603928454998	0.504179596656323	164.662	4.3	10836.64
0.0420705889882458	0.755459395632484	278.246	6.085	14919.8
0.0626808775322854	1.12445910043272	408.113	9.202	21798.18
0.0954913368787163	1.70639863488109	596.51	12.255	32810.12
0.140541967587546	2.4982180014256	891.442	18.526	45682.21
0.208782922960921	3.69089704728236	1256.813	26.339	64081.09
0.315964423501929	5.54975556019555	1879.802	40.288	99879.82
0.470826591572282	8.1242935005652	2538.938	57.828	137716.34
0.712609976539672	12.0693503445197	3849.721	123.984	196320.93
1.06419489872858	17.5076859938512	5310.578	164.487	366594.78
1.59870238183335	25.1834198532641	6930.117	266.555	446850.3
2.40393365507117	35.4455716435427	8750.864	372.837	558907.43
3.59531033434468	48.2685813851349	10398.983	522.095	662675.33
5.39612554575764	63.0967895225684	11351.129	686.347	724075.92
8.09595334334681	78.077457538034	5957.377	880.212	741050.73
12.1215797021158	90.1900078479937	5194.519	1010.139	722893.23
18.193864714106	97.2751621798703	4871.951	2838.407	736111.45
27.2869220169082	99.6823002541598	4966.556	2908.081	757367.48
37.285551997728	99.978220017424	5011.621	2935.211	778939.17
47.2879920318884	99.99910000072	5067.885	3001.649	800926.38
57.3057022798319	100.0	5099.48	3017.64	824147.88
67.2816919436872	100.0	5196.787	3070.137	845089.79
77.2927320982494	100.0	5334.883	3095.455	867725.01
87.3127623786733	100.0	5252.902	3143.21	889260.19
97.3106923496929	100.0	5249.986	3199.781	911765.46
