0.000860012040168562	0.0154799876160099	6.07	0.92	406.9
0.00197002758038613	0.0354599716320227	12.889	1.136	798.1
0.00313004382061349	0.0563399549280361	53.319	1.297	1257.72
0.00391005474076637	0.070379943696045	37.368	1.258	1547.28
0.00610008540119562	0.10979991216007	40.833	1.544	2232.53
0.00910012740178362	0.163799868960105	55.879	1.793	3399.58
0.0124701745824442	0.224099820720143	91.593	2.219	4893.01
0.0186802615236613	0.335699731440215	101.425	3.052	7718.77
0.0276003864054097	0.495539603568317	164.458	3.917	10336.08
0.0428205994883928	0.768959384832492	311.187	5.776	16621.86
0.0635908902724638	1.13939908848073	424.779	7.978	24032.69
0.0933913074783047	1.66841866526507	625.602	12.182	30296.67
0.141961987467825	2.52593797924962	950.822	17.858	52035.25
0.209912938781143	3.71915702467438	1251.027	25.153	69586.85
0.312964381501341	5.48207561433951	1855.938	39.433	99332.65
0.473896634552884	8.19179344656524	2640.26	60.088	144743.48
0.710079941119176	12.0556703554637	3653.823	123.1	297071.74
1.06296488150834	17.4958060033552	5343.933	160.449	368893.82
1.59811237357323	25.1474198820641	7156.027	269.037	454958.78
2.39627354782967	35.3647517081986	8871.478	370.142	552550.14
3.5964103497449	48.2858613713109	10484.149	534.007	656638.66
5.40735570297984	63.2659893872085	10530.954	667.204	718072.42
8.08645321034495	78.052257558194	5749.855	850.725	741073.82
12.1295198132774	90.2326678138657	4845.733	998.799	723312.98
18.1946147246061	97.2812821749743	4888.597	2809.559	737434.75
27.3174224439142	99.6657402674078	5304.69	2838.892	756408.62
37.2797919170868	99.977320018144	4961.788	2922.131	779317.31
47.2834219679076	99.99820000144	4996.797	2930.757	801088.79
57.2916420829892	100.0	5111.817	2973.975	823608.69
67.2986621812705	100.0	5136.539	3034.133	845323.66
77.3000722010108	100.0	5106.945	3014.808	867159.21
87.2884020376285	100.0	5162.456	3063.746	889542.58
97.3034022476315	100.0	5084.404	3070.87	911604.32
