0.0010500147002058	0.0188999848800121	7.726	1.292	391.04
0.00194002716038025	0.0349199720640224	22.556	1.737	845.36
0.00286004004056057	0.0514799588160329	17.646	1.794	1195.02
0.00402005628078793	0.0723599421120463	31.329	2.099	1410.39
0.00591008274115838	0.106379914896068	44.759	2.437	2170.41
0.00895012530175422	0.161099871120103	54.986	3.101	3411.12
0.0126301768224755	0.227159818272145	87.969	3.813	4873.96
0.0190702669837378	0.34307972553622	139.978	5.211	6879.4
0.0281703943855214	0.506699594640324	168.185	6.323	10399.17
0.043030602428434	0.772919381664495	252.438	8.298	16062.77
0.0635908902724638	1.14011908790473	406.879	10.607	24482.43
0.0922212910980754	1.64627868297705	522.568	14.458	37562.62
0.142381993347907	2.53709797032162	880.959	21.211	50271.49
0.213012982181751	3.77639697888242	1290.276	28.864	68926.02
0.318444458222415	5.58827552937958	1846.374	46.397	99347.57
0.474976649673095	8.21861342510926	2699.091	61.158	135200.52
0.710829951619323	12.0610703511437	3803.758	125.386	300935.77
1.05739480352725	17.4313660549072	5066.929	166.197	356497.23
1.60655249173488	25.2861997710402	7274.501	277.163	474813.33
2.40593368307156	35.4871516102787	9555.437	403.299	569929.92
3.60380045320635	48.3130413495669	10513.795	524.343	658120.02
5.40113561589862	63.1675294659764	10717.769	700.727	721918.88
8.09686335608698	78.134697492242	5736.085	865.142	741072.07
12.127309782337	90.2440078047938	4955.398	1029.133	723489.12
18.1941847185861	97.2827221738223	4962.408	1118.537	736419.51
27.2861620062681	99.6808602553118	5113.867	1209.506	757619.66
37.2746918456858	99.976240019008	5113.927	1259.659	778985.49
47.2841619782677	99.999280000576	5275.924	1331.963	801016.6
57.275421855906	100.0	5550.51	1335.486	822915.54
67.2882220351085	100.0	5596.124	1373.41	845605.72
77.2966621532701	100.0	5627.407	1411.371	867661.2
87.2911020754291	100.0	5627.04	1453.398	889372.53
97.3117623646731	100.0	5661.754	1489.576	911765.39
