0.000980013720192083	0.0176399858880113	6.777	1.189	406.9
0.00200002800039201	0.035999971200023	15.987	1.446	778.4
0.00321004494062917	0.057779953776037	19.811	2.037	1195.02
0.00416005824081537	0.0745199403840477	34.239	1.937	1566.81
0.00574008036112506	0.103139917488066	48.556	2.301	2232.53
0.00880012320172482	0.158219873424101	81.114	2.876	3399.58
0.0130901832625657	0.235259811792151	100.798	4.322	5056.82
0.0191202676837476	0.34343972524822	120.241	4.831	7324.1
0.0279003906054685	0.501119599104321	203.584	5.901	10721.79
0.0421005894082517	0.755279395776483	250.662	8.096	15862.95
0.0631508841123776	1.13093909524872	407.882	9.821	22677.29
0.0934213078983106	1.66931866454507	556.135	14.201	37685.42
0.140391965487517	2.4969580024336	871.906	22.265	49668.29
0.211752964541504	3.7468770024984	1367.178	32.029	69414.76
0.315704419861878	5.52455558035554	1866.908	44.458	103880.3
0.475076651073115	8.20043343965325	2677.218	61.359	142737.6
0.70744990429866	12.0151703878637	3794.019	122.707	191602.34
1.06452490334865	17.5157859873712	5473.289	171.384	357587.25
1.59355230973234	25.07289994168	9102.608	281.317	455039.87
2.39576354068957	35.3620517103586	9336.153	393.959	559662.7
3.59483032762459	48.2072014342389	10353.832	547.792	662724.02
5.38605540477567	63.0179495856403	11023.942	684.552	719601.39
8.08404317660447	78.069357544514	5854.015	867.648	741075.94
12.1495700939813	90.2483278013378	4769.3	983.834	723505.71
18.1904446662253	97.2942421646063	4997.75	1124.554	736662.54
27.3091523281326	99.6724002620798	5217.531	1187.088	756794.96
37.3168024352341	99.978220017424	5084.327	1224.503	778970.86
47.2695217733048	99.998020001584	5216.42	1257.471	800823.93
57.3046222647117	100.0	5442.775	1294.616	823715.17
67.290692069689	100.0	5279.26	1305.88	844809.43
77.2931021034294	100.0	5155.907	1330.412	867434.53
87.300852211931	100.0	5277.583	1386.883	889285.77
97.2998421977908	100.0	5698.368	1360.828	911596.92
