0.000960013440188163	0.0172799861760111	7.552	0.936	406.9
0.00187002618036653	0.0336599730720215	31.26	1.101	813.86
0.00314004396061545	0.0565199547840362	21.461	1.204	1234.21
0.00382005348074873	0.068759944992044	21.862	1.235	1457.4
0.00581008134113878	0.104579916336067	52.267	1.514	2445.83
0.00952013328186595	0.17117986305611	74.172	1.943	3414.96
0.0124601744424422	0.223919820864143	92.676	2.206	4637.46
0.0190502667037339	0.342539725968219	119.33	3.077	7086.93
0.0282403953655351	0.507419594064325	256.637	4.132	9986.94
0.0421805905282674	0.755819395344484	255.659	5.703	15178.92
0.0623708731922247	1.11491910806471	398.287	7.975	24032.69
0.0942113189584654	1.68353865316908	577.856	11.924	33907.34
0.140541967587546	2.4982180014256	913.599	18.118	52147.26
0.211372959221429	3.73859700912239	1266.096	25.372	69811.9
0.315784420981894	5.52905557675554	1912.907	38.98	97179.14
0.473736632312852	8.18405345275724	2756.129	56.672	150228.73
0.709419931879046	12.0117503905997	3772.738	121.412	188899.79
1.06935497096959	17.6162259070193	5181.524	162.911	378355.01
1.60784250979514	25.3113997508802	6868.037	267.47	461910.28
2.40124361741064	35.4894916084067	9143.406	385.835	559818.81
3.59929039006546	48.2948613641109	10326.335	536.346	657127.58
5.3882754358561	63.1119095104724	10452.645	683.399	721506.07
8.08503319046467	78.049197560642	6007.102	870.19	741072.16
12.1315698419778	90.2526477978818	4804.554	987.788	723330.64
18.1862146070045	97.2704821836142	4870.721	2803.824	737169.33
27.2946621252698	99.6612402710078	4954.581	2866.985	756414.93
37.2781718944065	99.97570001944	5011.813	2893.209	778689.04
47.275431856046	99.99820000144	4973.19	2946.67	800822.2
57.2758518619261	100.0	4996.548	2973.176	822917.05
67.2877320282484	100.0	5082.524	3051.013	845620.97
77.2970921592902	100.0	5075.615	3020.953	867158.74
87.3023722332113	100.0	5118.952	3061.251	889276.94
97.3100223403128	100.0	5170.322	3075.527	911620.06
