0.00102001428019992	0.0183599853120118	6.974	1.141	430.68
0.00193002702037829	0.0347399722080222	11.932	1.018	786.28
0.00276003864054097	0.0496799602560318	21.295	1.141	1116.57
0.00420005880082321	0.0755999395200484	34.873	1.317	1535.56
0.00590008260115642	0.106019915184068	34.08	1.683	2302.38
0.00912012768178755	0.163979868816105	90.953	2.08	3388.03
0.0125901762624677	0.226439818848145	76.368	2.327	4488.53
0.0194402721638103	0.349919720064224	115.081	3.205	7790.1
0.0279703915854822	0.502199598240321	184.875	3.903	11269.9
0.0422005908082713	0.757079394336485	252.11	5.743	16030.09
0.0628308796323148	1.12553909956872	398.508	8.344	22467.51
0.0947413263785693	1.69415864467308	556.773	12.813	33979.64
0.141301978227695	2.5068579945136	912.883	18.174	52055.04
0.209632934861088	3.70817703345837	1205.799	27.497	66079.52
0.315144412021768	5.52941557646754	1847.033	40.504	100353.87
0.474446642252992	8.19161344670924	2636.826	57.204	142392.54
0.709559933839074	12.0412703669837	3746.237	120.949	195136.85
1.06815495416936	17.5796859362513	5345.791	166.035	368035.04
1.59726236167306	25.1434598852321	7033.764	270.094	457893.52
2.40648369077167	35.4747316202147	9083.762	355.567	574815.86
3.58657021198297	48.2000014399989	10463.677	513.127	660435.1
5.3867154140158	63.0060695951443	10476.56	671.107	719214.49
8.09781336938717	78.197157442274	5732.013	843.169	740808.96
12.1434000076001	90.2767677785858	4778.855	978.115	723385.14
18.1923046922657	97.2717421826063	4953.404	2827.222	737412.12
27.3097223361127	99.6562002750398	4859.463	2861.465	756410.87
37.2701317818449	99.975880019296	4945.174	2916.444	779114.09
47.2823119523673	99.999280000576	5017.828	2958.433	801023.02
57.2829319610475	100.0	5070.733	3009.166	822859
67.2896420549888	100.0	4959.486	3031.17	844870.63
77.2923520929293	100.0	5125.585	3036.386	867496.87
87.3027822389514	100.0	5170.3	3063.571	889525.95
97.3126023764333	100.0	5196.702	3084.349	911727.73
