0.00128001792025088	0.0230399815680147	8.607	1.235	359.3
0.00216003024042337	0.0388799688960249	16.832	1.487	868.98
0.00313004382061349	0.0563399549280361	33.902	1.764	1120.5
0.00386005404075657	0.0694799444160445	23.877	2.043	1547.28
0.00637008918124854	0.114479908416073	37.299	2.502	2290.74
0.00837011718164054	0.150479879616096	60.79	2.94	3541.86
0.0128601800425206	0.231479814816148	80.112	3.933	5056.82
0.0196702753838554	0.353159717472226	119.691	4.822	7324.1
0.0284203978855704	0.509939592048326	207.593	6.076	10532.71
0.0401405619678675	0.71945942443246	344.625	7.85	15178.92
0.0633908874724246	1.13633909092873	421.619	10.311	22378.59
0.0957313402387633	1.70945863243309	618.107	14.423	32924.06
0.140631968847564	2.4971380022896	819.428	20.751	52812.89
0.213192984701786	3.76919698464241	1256.402	31.063	75192.67
0.31515441216177	5.53139557488354	1814.613	42.602	99332.65
0.472156610192543	8.16011347190922	2757.784	63.257	139713.41
0.714279999919999	12.1058903152877	3972.558	121.181	186240.73
1.07101499420992	17.6281058975153	5552.403	172.167	352621.07
1.60583248165474	25.2449798040162	7170.704	280.881	469988.33
2.39974359641035	35.4030916775267	9199.651	380.881	569041.84
3.59334030676429	48.2144014284789	10111.599	541.817	660737.59
5.39868558159814	63.2046094363125	10512.605	680.643	720014.12
8.08550319704476	78.0398375681299	5872.115	866.159	741067.8
12.1416099825398	90.2690277847778	4812.086	987.731	723335.64
18.2069248969486	97.3147621481903	4893.957	1094.142	736806.88
27.3012822179511	99.6716802626558	5113.665	1179.801	756868.7
37.2863720092081	99.976960018432	5112.317	1226.76	778978.21
47.2686917616847	99.998380001296	5202.666	1284.401	801113.08
57.3053222745118	100.0	5431.34	1281.231	824115.11
67.2922420913893	100.0	5439.532	1317.949	844887.81
77.2964321500501	100.0	5214.828	1333.107	867634.49
87.3020922292912	100.0	5354.707	1322.237	889504.96
97.3126523771333	100.0	5607.086	1364.702	911659.77
