0.000990013860194043	0.0178199857440114	7.83	1.32	363.27
0.00191002674037437	0.034379972496022	12.458	1.726	715.32
0.00305004270059781	0.0548999560800351	18.885	1.777	1210.7
0.00424005936083105	0.0763199389440488	25.634	2.067	1535.56
0.00538007532105449	0.096839922528062	38.052	2.434	2209.24
0.00928012992181891	0.166679866656107	56.87	3.257	3434.2
0.013270185782601	0.238499809200153	79.997	3.757	4873.96
0.0195702739838358	0.351719718624225	109.347	4.9	6720.97
0.0278603900454606	0.50003959996832	176.531	6.163	11244.02
0.0409605734480283	0.73421941262447	256.879	8.043	16030.09
0.0630008820123482	1.12805909755272	468.663	10.556	23277.87
0.0933713071983008	1.67039866368107	570.616	14.336	34058.84
0.140761970667589	2.5050579959536	1032.275	21.251	53404.53
0.20826291568082	3.68603705117036	1302.87	29.298	67519.65
0.316714434002076	5.55515555587556	1775.899	43.187	96307.81
0.47530665429316	8.22671341862926	2622.7	65.691	140543.53
0.705859882038348	11.9860104111917	3810.748	129.265	190285.47
1.06653493148904	17.5561059551152	5279.043	165.861	362085.96
1.59431232037249	25.1283398973281	7263.212	274.206	462817.03
2.4025736360309	35.4470116423907	8880.753	376.838	564915.12
3.60325044550624	48.3126813498549	10720.848	527.061	654734.9
5.39701555821781	63.1511494790804	10318.788	678.944	720662.17
8.09893338506739	78.153957476834	5772.078	850.105	741066.66
12.1279397911571	90.2171878262497	5786.638	1025.625	723802.34
18.1951047314662	97.2796621762703	4971.187	1133.555	736113.85
27.280561927867	99.6670002663998	5014.334	1182.991	756875.46
37.2693317706448	99.974260020592	5275.178	1256.135	779245.08
47.2777618886664	99.999460000432	5200.776	1303.432	800839.5
57.2819919478873	100.0	5200.034	1332.611	822916.48
67.2875420255884	100.0	5577.065	1387.813	844767.65
77.2944521223297	100.0	5412.137	1424.374	867425.97
87.301062214871	100.0	5424.353	1442.151	889316.76
97.310952353333	100.0	5513.583	1501.544	911708.38
