0.000960013440188163	0.0172799861760111	6.833	1.072	395
0.00189002646037045	0.0340199727840218	12.813	1.271	892.6
0.00298004172058409	0.0536399570880343	21.989	1.372	1175.41
0.00411005754080557	0.0739799408160473	23.404	1.768	1547.28
0.00609008526119366	0.10961991230407	37.783	1.694	2282.98
0.0088301236217307	0.158759872992102	68.207	2.012	3929.58
0.0131101835425696	0.235799811360151	82.138	2.542	4923.5
0.0187402623636731	0.335879731296215	129.365	3.166	7342.91
0.028270395785541	0.507239594208325	170.199	4.177	11417.77
0.0421405899682596	0.756359394912484	258.719	6.328	15790.26
0.0623708731922247	1.11671910662471	399.943	8.664	24032.69
0.0943013202184831	1.68371865302508	605.75	12.236	32924.06
0.13954195358735	2.48363801308959	828.246	18.341	54858.69
0.212452974341641	3.7542569965944	1392.39	26.021	73737.73
0.318734462282472	5.58935552851558	1873.31	43.098	105305.97
0.476286668013352	8.24435340451728	2686.804	58.302	141289.65
0.717680047520665	12.1634902692078	4006.681	121.422	287380
1.06899496592952	17.5975059219953	5539.049	158.924	361461.76
1.60126241767385	25.2023198381441	7020.645	272.316	473402.04
2.40044360621049	35.3964316828547	8793.331	364.411	556489.54
3.59816037424524	48.2874813700149	10447.107	533.221	660076.3
5.40633568869964	63.2607693913845	10585.021	671.625	717528.61
8.0908332716658	78.0369575704339	5796.446	854.041	741046.38
12.1210796951157	90.2497678001858	4884.79	1018.23	723851.56
18.1897246561452	97.2654421876462	5055.935	2840.111	736385.37
27.2893220505087	99.6720402623678	5053.19	2897.733	757529.76
37.2838019732276	99.980560015552	4964.309	2976.128	779245.98
47.2848819883478	99.998740001008	5045.853	3010.909	801170.23
57.275531857446	100.0	5066.666	3045.23	822939.25
67.2969121567702	100.0	5144.675	3069.9	845539.35
77.2932521055295	100.0	5170.587	3090.362	867480.04
87.2945721240097	100.0	5229.919	3157.924	889543.27
97.3001122015708	100.0	5332.332	3187.847	911590.04
