0.000770010780150922	0.0138599889120089	8.174	1.088	406.9
0.00193002702037829	0.0347399722080222	11.947	1.402	774.46
0.00283003962055469	0.0509399592480326	24.716	1.66	1061.62
0.00388005432076049	0.0698399441280447	31.309	1.905	1594.14
0.00622008708121914	0.111959910432072	36.183	2.407	2271.34
0.00859012026168366	0.154619876304099	67.465	2.964	3818.35
0.0130301824225539	0.23453981236815	105.352	3.806	5056.82
0.018760262643677	0.337139730288216	136.523	4.787	7928.95
0.0279303910254744	0.502019598384321	170.778	5.81	11417.77
0.0428405997683968	0.768239385408492	289.307	8.146	16313.23
0.0633708871924207	1.13651909078473	429.021	10.053	24482.43
0.0947613266585732	1.69127864697708	605.747	15.044	31969.93
0.139901958627421	2.4933580053136	825.21	20.55	48426.77
0.210732950261304	3.73067701545839	1455.521	29.112	71543.22
0.314854407961711	5.52671557862754	1822.589	42.261	99332.65
0.472766618732662	8.17775345779723	2724.52	62.738	151456.83
0.71449000286004	12.1035503171597	3736.138	125.129	275433.24
1.0637548925685	17.5215459827632	5168.631	170.875	357923.94
1.60046240647369	25.2014198388641	7056.796	276.087	453204.2
2.40066360929053	35.4124516700387	8889.624	382.034	571584.66
3.60681049534693	48.426441258847	12051.353	528.574	654054.14
5.38562539875558	63.0249695800243	10736.95	695.865	718760.78
8.09392331492641	78.145857483314	5838.745	878.868	740608.28
12.1516401229617	90.2704677836258	4878.099	1000.727	723514.41
18.2031948447278	97.2969421624463	4892.686	1094.637	736088.04
27.2850019900279	99.6760002591998	5072.385	1180.418	757294.92
37.2718418057853	99.976780018576	5090.979	1229.741	779178.05
47.2732218251056	99.999640000288	5289.244	1287.887	801063.01
57.3055822781519	100.0	5163.402	1273.915	824141.66
67.3029422411914	100.0	5160.088	1288.972	845315.32
77.29602214431	100.0	5433.921	1308.296	867088.85
87.2904920668889	100.0	5388.117	1335.392	889453.89
97.3119423671931	100.0	5353.999	1374.716	911670.49
