0.000880012320172482	0.0158399873280101	6.432	1.115	438.61
0.00201002814039397	0.0361799710560232	12.319	1.364	845.36
0.00312004368061153	0.0561599550720359	39.617	1.767	1195.02
0.00405005670079381	0.0728999416800467	27.536	1.872	1547.28
0.00575008050112702	0.103499917200066	34.825	2.293	2302.38
0.00945013230185223	0.169559864352109	71.831	3.243	3311.06
0.0133201864826108	0.239219808624153	79.817	4.494	5326.96
0.0191202676837476	0.34343972524822	109.019	4.738	7324.1
0.0281003934055077	0.504539596368323	203.241	5.835	10087.28
0.0427005978083693	0.767339386128491	238.879	7.781	16658.1
0.0632608856523991	1.13291909366473	381.616	10.35	23277.87
0.0937313122383713	1.67327866137707	592.08	14.258	32810.12
0.142201990827872	2.53061797550562	897.104	21.006	49449.57
0.214172998421978	3.79403696477043	1310.481	31.074	71543.22
0.313124383741372	5.48225561419551	1809.217	44.669	100437.29
0.46841655783181	8.09873352101318	2756.824	63.774	144163.94
0.712929981019734	12.0653903476877	3737.044	121.064	279155.08
1.06402489634855	17.5370259703792	5500.162	162.179	372111.79
1.60093241305378	25.2167198266241	6990.09	278.856	457517.75
2.38593340306764	35.2553117957506	8836.582	382.618	555615.04
3.60167042338593	48.3026013579189	11051.786	615.151	653494.74
5.39532553455748	63.1308094953524	10401.468	685.092	724586.26
8.09676335468697	78.16493746805	5894.284	847.507	741018.93
12.1278497898971	90.2177278258177	4757.229	995.004	723789.56
18.2038048532679	97.3021621582703	5091.058	1111.588	736990.39
27.2919720876092	99.6778002577598	4902.377	1157.402	757045.65
37.2812619376671	99.976960018432	5061.401	1245.546	779108.59
47.2685217593046	99.998380001296	5049.797	1242.836	801104.85
57.2761418659861	100.0	5440.454	1303.49	822769.29
67.2892220491087	100.0	5302.996	1301.701	845752.37
77.2951021314298	100.0	5334	1343.412	867528.5
87.2914520803291	100.0	5417.011	1343.703	889420.82
97.3108023512329	100.0	5376.455	1341.467	911693.61
