0.00113001582022148	0.020339983728013	8.11	0.945	406.9
0.00188002632036849	0.0338399729280217	11.358	1.026	746.86
0.00296004144058017	0.0532799573760341	26.726	1.181	1277.31
0.00393005502077029	0.0707399434080453	23.432	1.335	1562.91
0.00581008134113878	0.104579916336067	34.925	1.544	2360.55
0.00928012992181891	0.167039866368107	65.669	1.854	3722.41
0.0134201878826304	0.241019807184154	83.334	2.381	4748.12
0.0184602584436182	0.331919734464212	140.244	2.976	7064.33
0.0286304008256116	0.512639589888328	160.286	4.076	10610.58
0.042020588288236	0.754379396496483	245.065	5.644	16629.11
0.0617708647921071	1.10681911454471	408.302	8.299	24032.69
0.094061316858436	1.67849865720107	694.726	12.197	33979.64
0.141541981587742	2.51549798760161	892.221	18.372	48044.53
0.211312958381417	3.74147700681839	1385.096	25.853	75192.67
0.314854407961711	5.52473558021154	1824.042	43.027	102292.31
0.477026678373497	8.24633340293328	2884.073	56.033	150916.94
0.706609892538495	11.9993304005357	4192.333	120.035	282754.94
1.06444490222863	17.5422459662032	5192.426	164.409	390907.12
1.59811237357323	25.1531798774561	6892.233	263.898	459610.8
2.40191362679078	35.4637516289987	9040.906	363.682	563662.97
3.59612034568484	48.2354614116309	9950.368	522.897	645614.9
5.39076547071659	63.0726695418644	10317.511	679.74	716763.05
8.09366331128636	78.090057527954	5707.676	852.534	740368.48
12.1257097599366	90.2422078062338	4825.539	996.3	723722.78
18.1950247303462	97.2946021643183	4854.697	2792.633	736368.64
27.2991521881306	99.6576402738878	4936.729	2877.47	756384.85
37.2788119033666	99.978040017568	5024.896	2927.813	779323.44
47.2913120783691	99.999280000576	5255.483	3103.696	801643.99
57.2787119019666	100.0	5051.341	3015.482	823012.94
67.300912212771	100.0	5059.578	2995.338	846089.21
77.301192216691	100.0	5255.312	3049.473	867659.79
87.2901520621289	100.0	5210.643	3066.01	889454.97
97.3122923720932	100.0	5258.429	3129.291	911662.69
