0.000980013720192083	0.0176399858880113	7.066	1.156	371.21
0.00220003080043121	0.0395999683200253	20.805	1.242	774.46
0.00302004228059193	0.0543599565120348	19.284	1.369	1175.41
0.00387005418075853	0.0696599442720446	25.027	1.6	1578.53
0.00630008820123482	0.113399909280073	35.916	1.685	2627.81
0.00931013034182479	0.167579865936107	59.057	2.116	3753.12
0.0129201808825324	0.232199814240149	101.597	2.534	4923.5
0.0182202550835712	0.32777973777621	108.14	3.165	6720.97
0.0281003934055077	0.503459597232322	162.119	4.122	10436.27
0.0421105895482537	0.756179395056484	266.605	6.269	16629.11
0.0623708731922247	1.11707910633671	422.976	9.09	24482.43
0.0937113119583674	1.67507865993707	542.832	12.36	33104.11
0.141241977387683	2.5055979955216	834.625	18.726	47698.53
0.211572962021468	3.7463370029304	1343.233	25.669	75725.13
0.318934465082511	5.59241552606758	1873.878	41.593	103372.89
0.473066622932721	8.16677346658123	8733.134	58.217	139854.41
0.712919980879732	12.0922103262317	3852.888	120.356	192274.34
1.06927496984958	17.6016459186833	5258.613	159.342	378583.4
1.59916238827344	25.1880998495201	8509.489	269.552	462089.75
2.39814357401004	35.4156916674467	8784.71	369.692	568108.18
3.5974603644451	48.2824413740469	10357.652	533.694	655080.52
5.39790557067799	63.1146095083124	10609.455	675.38	719298.26
8.08198314776407	78.057117554306	5930.511	854.74	741007.96
12.1358999025986	90.2614677908258	5025.318	992.952	723289.02
18.2045748640481	97.2884821692143	4971.522	2814.78	737047.83
27.2862920080881	99.6785202571838	5032.162	2897.36	757424.64
37.2900520607288	99.977680017856	4876.092	2950.872	779557.92
47.290682069549	99.99910000072	5133.902	2982.821	801667.56
57.2792219091067	100.0	5151.659	3078.877	822828.93
67.3033822473515	100.0	5209.607	3077.578	846000.2
77.3041122575716	100.0	5068.899	3109.392	867778.26
87.3122023708332	100.0	5271.437	3141.871	889463.89
97.3120923692932	100.0	5222.977	3208.978	911742.07
