0.00102001428019992	0.0183599853120118	9.174	1.122	391.04
0.00201002814039397	0.0361799710560232	17.134	1.233	837.49
0.00293004102057429	0.0527399578080338	36.151	1.371	1175.41
0.00383005362075069	0.0689399448480441	30.125	1.425	1586.34
0.00606008484118778	0.10889991288007	64.045	1.776	2531.05
0.00864012096169346	0.1555198755841	73.362	1.962	3526.49
0.0127101779424912	0.228419817264146	126.254	2.41	4503.81
0.0188002632036849	0.338219729424216	168.809	3.208	6524.64
0.0279903918654861	0.502739597808322	245.147	4.42	11417.77
0.0411405759680636	0.736919410464472	354.705	5.376	14507.46
0.0618808663321287	1.10807911353671	567.616	7.507	24860.46
0.0933413067782949	1.66679866656107	862.044	11.115	34551.32
0.141001974027636	2.5057779953776	1236.595	16.705	50370.74
0.211282957961411	3.73769700984239	1765.452	23.837	71110.41
0.31729444212219	5.55713555429156	2622.642	36.447	107449.47
0.476056664793307	8.23301341358927	3860.173	52.529	144517.56
0.706339888758443	11.9685504251597	5144.482	112.673	273366.24
1.07033498468979	17.6129859096113	7460.682	149.509	379313.98
1.59365231113236	25.1328398937281	9627.912	252.498	453285.73
2.39559353830954	35.3618717105026	12017.322	348.056	564539.68
3.60058040812571	48.3386013291189	14024.926	509.523	658154.45
5.39294550123702	63.1669894664084	13623.987	645.115	721340.72
8.0913232785259	78.111297510962	8568.69	857.31	740977.86
12.1240297364163	90.1671478662817	5811.838	982.417	723015.34
18.2058048812683	97.3307821353743	5334.057	2065.968	736780.81
27.3034322480515	99.6677202658238	5418.247	2056.096	756689.34
37.3167224341141	99.977860017712	5267.858	2068.078	778968.11
47.2914420801891	99.999460000432	5301.058	2105.422	801564.01
57.2730918232855	100.0	5315.843	2145.678	822631.92
67.3032122449714	100.0	5383.25	2172.212	846000.33
77.2861920066881	100.0	5578.013	2267.115	867408.2
87.2910720750091	100.0	5568.222	2288.982	889504.87
97.3078823103523	100.0	5530.838	2321.956	911621.9
