0.000930013020182283	0.0167399866080107	9.352	0.938	395
0.00218003052042729	0.0392399686080251	18.354	1.203	888.66
0.00311004354060957	0.0559799552160358	23.419	1.163	1261.64
0.00431006034084477	0.0775799379360497	33.758	1.307	1488.68
0.0061300858212015	0.110339911728071	58.566	1.696	2407.07
0.00949013286186007	0.170639863488109	84.63	1.882	3234.04
0.0126501771024794	0.227519817984146	110.391	2.083	5338.36
0.0192502695037731	0.345779723376221	180.764	2.953	7309.05
0.027780388925445	0.499139600688319	271.155	3.678	10336.08
0.0422005908082713	0.756359394912484	400.871	5.4	15535.71
0.0636108905524677	1.13993908804873	526.244	7.359	22677.29
0.0930413025782361	1.66355866915306	830.771	10.874	31987.24
0.141701983827774	2.52017798385761	1250.627	15.294	46938.34
0.210522947321263	3.71879702496238	1700.546	23.489	71110.41
0.312664377301282	5.4770356183715	2851.908	35.849	100986.29
0.471076595072331	8.16317346946122	3777.291	52.12	136826.23
0.716170026380369	12.1363102909518	5556.696	112.717	285408.05
1.06524491342879	17.5242459806032	7465.161	146.042	375684.92
1.59879238309336	25.1940398447681	9800.782	250.218	480010.88
2.40092361293058	35.4234316612547	11929.027	346.55	554876.31
3.60747050458706	48.447861241711	13350.7	490.737	655687.3
5.39500553007742	63.1821094543124	13436.48	640.885	721358.77
8.0913332786659	78.104997516002	7618.413	814.128	740980.67
12.1397999571994	90.1747078602337	5722.536	951.261	723064.47
18.1881246337449	97.2874021700783	5319.822	2032.386	737062.34
27.3080923132924	99.6580002735998	5159.361	2007.407	756200.28
37.2737518325257	99.973540021168	5206.162	2031.588	779235.47
47.29580214123	99.999280000576	5222.461	2054.466	801611.07
57.2878020292284	100.0	5205.76	2078.884	823844.1
67.2880420325885	100.0	5395.961	2133.135	844807.13
77.306032284452	100.0	5252.239	2162.57	867588.51
87.2885920402886	100.0	5373.638	2193.702	889485.87
97.311122355713	100.0	5421.627	2191.969	911765.43
