0.000860012040168562	0.0154799876160099	8.771	1.271	406.9
0.00211002954041357	0.0379799696160243	17.205	1.551	774.46
0.00307004298060173	0.0552599557920354	40.757	1.815	1120.5
0.00412005768080753	0.0741599406720475	34.048	2	1406.48
0.0058300816211427	0.104759916192067	72.944	2.711	2282.98
0.0088301236217307	0.158759872992102	74.147	2.957	3776.15
0.0130401825625559	0.23453981236815	103.082	3.84	4637.46
0.0186402609636535	0.334619732304214	175.676	5.258	7357.96
0.0279103907454704	0.501659598672321	286.399	6.166	10610.58
0.0437106119485673	0.783179373456501	367.208	8.033	16658.1
0.0638908944725226	1.14353908516873	526.435	9.919	24719.2
0.095061330858632	1.69811864150509	827.301	13.668	32682.3
0.14219199068787	2.52719797824162	1174.265	19.748	54674.6
0.208852923940935	3.68909704872236	1908.934	26.631	70628.9
0.314114397601566	5.51465558827553	2583.029	39.988	103683.87
0.470566587932231	8.1206935034452	3717.876	55.38	136684.42
0.705699879798317	11.9597304322157	5302.969	115.964	273488.8
1.06089485252794	17.4911260070992	7965.024	154.543	353763.48
1.60775250853512	25.3065397547682	9806.871	256.901	475530.62
2.39096347348863	35.3231717414626	12219.96	341.583	580321.3
3.59465032510455	48.2516613986709	13604.574	516.41	658595.43
5.38541539581554	63.0651095479124	13288.407	667.257	717801.76
8.09288330036621	78.085557531554	7751.868	850.428	740350.19
12.1208796923157	90.2090878327297	5783.624	968.93	722762.57
18.2011248157474	97.2920821663343	5504.601	1087.629	736169.11
27.2791019074267	99.6745602603518	5455.421	1214.345	757311.28
37.2708517919251	99.975880019296	5408.305	1222.767	779092.4
47.2663017282242	99.99820000144	5544.985	1286.475	800991.21
57.2760218643061	100.0	5567.283	1330.693	822754.99
67.2895020530287	100.0	5610.807	1323.457	845596.52
77.2981821745504	100.0	5628.483	1374.53	867601.44
87.2967121539702	100.0	5648.786	1411.52	889553.16
97.3116923636931	100.0	5831.556	1446.599	911765.15
