0.00116001624022736	0.0208799832960134	10.502	1.138	359.3
0.00215003010042141	0.0386999690400248	18.904	1.212	892.6
0.00292004088057233	0.0525599579520336	24.41	1.348	1277.31
0.00404005656079185	0.0727199418240465	48.191	1.455	1562.91
0.00605008470118582	0.10889991288007	50.108	1.705	2364.43
0.0085801201216817	0.154439876448099	114.341	1.945	3718.57
0.0128101793425108	0.230579815536148	120.208	2.345	4984.46
0.0192402693637711	0.345779723376221	190.475	3.13	7342.91
0.0272303812253372	0.488879608896313	228.53	4.071	10031.54
0.0421105895482537	0.755999395200484	367.207	5.578	17562.72
0.0616708633920875	1.10501911598471	499.152	7.741	25149.9
0.0947813269385771	1.69235864611308	925.992	12.607	34479.13
0.141421979907719	2.51603798716961	1217.08	16.588	54858.69
0.211302958241415	3.72941701646639	1729.614	24.606	70628.9
0.316424429942019	5.54939556048355	2532.808	36.69	103683.87
0.47285661999268	8.17469346024523	3708.747	51.575	130864.16
0.710839951759325	12.0490103607917	6012.985	116.52	272322.82
1.06846495850942	17.5613259509392	7401.004	148.867	372151.61
1.60749250489507	25.2717997825602	9617.355	254.049	469117.65
2.40417365843122	35.4515116387907	11839.784	345.363	558606.63
3.58734022276312	48.2199814240149	13773.675	505.524	649832.34
5.40170562387873	63.1993894404884	13576.716	647.775	718066.56
8.07872310212343	78.0054575956339	7472.079	828.146	741064.74
12.1338798743182	90.2209678232257	5712.655	994.386	723177.28
18.2135349894899	97.3084621532303	5299.831	2035.338	736621.21
27.306082285152	99.6585402731678	5174.353	2039.593	756399.78
37.2770218783063	99.975520019584	5317.309	2082.665	779115.68
47.2700417805849	99.998020001584	5254.839	2109.988	800896.5
57.2821419499873	100.0	5278.435	2153.846	822860.06
67.2779118907665	100.0	5440.012	2213.766	845072.01
77.2950121301698	100.0	5399.588	2242.212	867641.21
87.2934521083295	100.0	5522.217	2296.015	889535.87
97.3102823439528	100.0	6243.185	2324.22	911765.75
