0.000920012880180323	0.0165599867520106	12.46	0.968	383.11
0.0018000252003528	0.0323999740800207	14.993	1.036	853.24
0.00310004340060761	0.0557999553600357	26.051	1.185	1155.8
0.00430006020084281	0.0773999380800495	36.113	1.289	1676.1
0.00620008680121522	0.111599910720071	53.534	1.762	2282.98
0.00942013188184635	0.169559864352109	96.154	1.854	3434.2
0.0129201808825324	0.232019814384148	110.991	2.17	5410.57
0.01852025928363	0.332999733600213	155.592	2.839	6720.97
0.0284203978855704	0.510479591616327	251.366	3.927	10655.06
0.042020588288236	0.753659397072482	378.399	5.338	14777.54
0.0649009086127206	1.16189907048074	582.918	7.695	24493.03
0.0922912920780891	1.64717868225705	791.388	10.66	34551.32
0.14219199068787	2.52179798256161	1357.509	16.356	47884.86
0.207562905880682	3.67055706355435	1750.425	22.867	71397.93
0.314714406001684	5.50979559216353	2742.64	35.483	100777.89
0.473306626292768	8.19089344728524	3689.394	51.595	158216.88
0.714650005100071	12.1271302982958	5244.768	111.689	191201.74
1.06367489144848	17.4956260034992	7333.515	148.323	365946.68
1.59375231253238	25.0937799249761	9750.131	253.428	456588.88
2.40076361069055	35.4810316151747	11720.894	364.929	560110.81
3.59938039132548	48.2572413942069	13702.529	495.961	655107.14
5.39300550207703	63.0901295278964	13134.087	653.448	718470.47
8.09419331870646	78.16223747021	7856.558	819.078	740807.38
12.1278597900371	90.2377078098338	5665.941	964.581	722956.76
18.1960947453264	97.2737221810223	5215.688	2027.732	736135.3
27.280511927167	99.6756402594878	5195.564	1993.446	756778.01
37.2874220239083	99.979840016128	5253.941	2034.047	778823.96
47.2903120643689	99.99910000072	5199.011	2061.894	801529.37
57.2986821815505	100.0	5241.024	2098.136	823964.57
67.3028422397914	100.0	5284.646	2144.653	845315.53
77.2963321486501	100.0	5457.153	2171.792	867636.36
87.3032622456714	100.0	5530.727	2223.306	889374.5
97.3101123415728	100.0	5524.015	2235.756	911646.14
