0.00102001428019992	0.0183599853120118	9.569	0.932	395
0.00202002828039593	0.0363599709120233	16.161	1.043	888.66
0.00278003892054489	0.050039959968032	21.183	1.118	1195.02
0.00378005292074089	0.0680399455680435	38.875	1.23	1566.81
0.00636008904124658	0.114479908416073	54.701	1.49	2302.38
0.00914012796179147	0.164339868528105	83.181	1.797	3399.58
0.013000182002548	0.23381981294415	106.658	2.171	4637.46
0.0183502569035967	0.329579736336211	190.84	2.887	7090.7
0.0284303980255724	0.510659591472327	262.081	3.754	10399.17
0.0430006020084281	0.770219383824493	395.051	5.425	15579.36
0.0628108793523109	1.12409910072072	527.409	7.554	23277.87
0.0950413305786281	1.69757864193709	834.274	10.958	33528.34
0.140501967027538	2.5003779996976	1203.796	15.328	49668.29
0.208992925900963	3.69647704281837	1865.475	23.001	67478.25
0.317674447442264	5.56289554968356	2608.168	36.055	92232.52
0.473736632312852	8.17415346067723	3753.54	53.897	142392.54
0.705369875178252	11.9615304307757	5241.962	112.17	189188.69
1.05828481598742	17.4452260438192	7074.157	148.338	366626.64
1.6010424145938	25.1889998488001	9881.589	247.028	473802.84
2.39711355958983	35.3764516988386	11678.855	338.725	562720.01
3.58749022486315	48.1780414575668	13394.597	495.003	656348.47
5.38402537635527	63.0130895895283	13163.645	652.998	719616.97
8.08092313292386	78.0052775957779	7821.353	815.068	741037.5
12.1427499985	90.2765877787298	5635.115	959.264	723360.71
18.1965747520465	97.2991021607183	5330.789	2052.461	737022.11
27.3000322004508	99.6709602632318	5230.954	1984.298	756851.18
37.2737918330857	99.97660001872	5144.323	2008.777	779164.52
47.2993021902307	99.999460000432	5234.045	2055.569	801935.09
57.2759818637461	100.0	5363.896	2106.939	822940.06
67.2881320338485	100.0	5237.613	2121.131	845453.14
77.2888920444886	100.0	5329.126	2145.823	867552.55
87.3047422663917	100.0	5491.121	2222.827	889271.11
97.3117423643931	100.0	5375.901	2248.29	911765.14
