0.00103001442020188	0.0185399851680119	9.377	1.258	379.14
0.00192002688037633	0.0345599723520221	18.044	1.788	802.04
0.00317004438062133	0.0570599543520365	25.138	1.851	1277.31
0.00411005754080557	0.0739799408160473	39.936	2.1	1547.28
0.00594008316116426	0.106739914608068	47.895	2.531	2220.88
0.00893012502175031	0.160739871408103	68.054	3.057	3753.12
0.0129301810225343	0.232559813952149	125.617	3.762	5056.82
0.0191702683837574	0.34397972481622	366.466	5.2	7718.77
0.0277403883654371	0.498239601408319	219.642	5.668	10336.08
0.0415705819881478	0.745199403840477	426.027	8.159	15862.95
0.0631808845323834	1.12913909668872	586.453	10.64	23277.87
0.0935913102783439	1.67201866238507	758.458	13.575	35066.66
0.141041974587644	2.50901799278561	1135.906	18.462	52055.04
0.208002912040769	3.67487706009835	1695.297	25.963	75725.13
0.317624446742254	5.56595554723556	2616.419	39.7	102265.58
0.473856633992876	8.19557344354125	3663.837	57.648	137585.87
0.714259999639995	12.1161503070798	5456.303	118.951	192461.26
1.06598492378893	17.5363059709552	7493.732	154.773	358639.17
1.60736250307504	25.3070797543362	9423.182	262.574	473030.64
2.39941359179029	35.4048916760867	11827.577	355.865	573439.69
3.5933603070443	48.2577813937749	14082.365	515.585	657270.92
5.39195548737682	63.0800495359604	13415.453	672.749	716517.33
8.09851337918731	78.14333748533	7433.556	815.685	740932.01
12.1533401467621	90.2665077867938	5800.474	982.695	723507.78
18.1977347682868	97.3054021556783	5307.506	1089.751	737021.69
27.29593214305	99.6634002692798	5386.769	1163.657	756812.68
37.2870520187283	99.977860017712	5405.48	1219.506	778839.3
47.2794719126068	99.998740001008	5367.766	1265.456	801097.59
57.2930421025894	100.0	5479.779	1333.712	823535.59
67.2880520327285	100.0	5579.557	1344.483	845717.61
77.2989921858906	100.0	6267.155	1350.739	867620.75
87.3094123317726	100.0	5682.74	1400.449	889356.87
97.2997621966708	100.0	5753.837	1424.512	911597.11
