0.00111001554021756	0.0199799840160128	9.454	0.931	383.11
0.0016500231003234	0.029699976240019	25.139	0.975	750.81
0.00304004256059585	0.054719956224035	31.065	1.169	1187.18
0.00449006286088005	0.0808199353440517	36.905	1.273	1594.14
0.00604008456118386	0.10871991302407	46.41	1.403	2627.81
0.00899012586176206	0.161639870688103	85.019	1.988	3580.3
0.0130701829825618	0.23507981193615	106.426	2.227	4488.53
0.0186202606836496	0.334439732448214	161.316	2.865	7790.1
0.028030392425494	0.502739597808322	251.158	3.823	10087.28
0.0420105881482341	0.753119397504482	335.875	5.299	16621.86
0.0624808747322462	1.11833910532872	596.362	8.22	22965.51
0.0933013062182871	1.66679866656107	795.464	10.842	35715.57
0.140771970807591	2.5023579981136	1167.211	16.422	46671.55
0.209552933741072	3.70475703619437	1806.182	23.424	69414.76
0.317024438342137	5.55803555357156	2538.227	36.703	105323.69
0.474326640572968	8.20601343518925	4812.375	51.565	150973.8
0.710119941679183	12.0551303558957	5247.371	113.031	288206.86
1.06883496368949	17.5679859456112	7295.516	148.594	348828.32
1.60209242929401	25.2294998164001	9708.869	247.638	451783.24
2.38796343148804	35.3071517542786	12882.962	340.549	553590.66
3.59672035408496	48.2892813685749	13339.739	490.228	662390.94
5.40522567315942	63.2398894080885	13466.826	644.216	717005.56
8.08751322518515	78.06233755013	7899.989	827.837	741084.55
12.1261897666567	90.2171878262497	5772.376	973.747	723965.3
18.1874046236647	97.2836221731023	5334.932	2045.599	737296.51
27.3083023162324	99.6574602740318	5135.72	1990.269	756322.11
37.2785418995866	99.97570001944	5203.489	2008.196	778898.03
47.2843319806477	99.998920000864	5250.473	2066.326	801162.24
57.280621928707	100.0	5352.897	2100.938	822795.62
67.2875420255884	100.0	5372.132	2139.068	845741.71
77.2948021272298	100.0	5312.504	2177.085	867521.55
87.3080023120324	100.0	5386.045	2196.277	889333.65
97.3042722598116	100.0	5567.275	2228.748	911612.94
