0.00104001456020384	0.018719985024012	12.797	1.149	395
0.00207002898040573	0.0372599701920238	19.324	1.697	805.98
0.00307004298060173	0.0552599557920354	24.306	1.675	1120.5
0.00384005376075265	0.0691199447040442	31.479	1.858	1547.28
0.00575008050112702	0.103499917200066	54.7	2.276	2531.05
0.00891012474174638	0.160199871840103	79.195	3.157	3434.2
0.0128801803225245	0.231659814672148	124.612	3.853	5053.01
0.0197202760838652	0.354239716608227	156.077	4.666	7094.46
0.0278303896254548	0.50003959996832	251.442	6.188	10024.11
0.0410605748480479	0.73475941219247	385.398	7.334	16062.77
0.0622108709521933	1.11527910777671	591.416	9.355	22965.51
0.0950013300186203	1.69433864452908	796.007	13.16	34120.79
0.139781956947397	2.48453801236959	1240.867	19.968	48908.95
0.20913292786099	3.70025703979437	1788.285	26.681	76122.56
0.315314414401802	5.51951558438753	2926.168	40.538	103683.87
0.471946607252502	8.16713346629323	3908.869	54.169	133959.74
0.709189928659001	12.0146303882957	5193.219	118.007	192624.05
1.06597492364893	17.5269459784432	7230.752	154.9	385197.75
1.59778236895317	25.1513798788961	9952.832	257.714	477979.84
2.392863500089	35.3291117367106	12112.176	346.816	571295.64
3.58861024054337	48.2057614353909	14257.264	513.919	662719.51
5.38599540393566	63.0152495878003	13208.137	656.319	719055.6
8.09328330596628	78.074397540482	7567.454	827.255	740444.82
12.1296598152374	90.2188078249537	5740.324	990.56	724005.07
18.1871946207247	97.2872221702223	5493.001	1090.682	737063.14
27.2859820037481	99.6806802554558	5233.269	1125.583	757061.68
37.290642068989	99.979660016272	5563.703	1203.432	779501.34
47.2816919436872	99.998560001152	5427.542	1230.562	800739.35
57.2792619096667	100.0	5494.253	1262.002	822979.91
67.2992121889706	100.0	5629.585	1305.684	845291.53
77.2963521489301	100.0	5601.804	1276.335	867088.83
87.2983021762305	100.0	5639.372	1285.235	889480.38
97.3124223739132	100.0	5750.989	1326.758	911726.06
