0.0010500147002058	0.0188999848800121	19.742	1.241	406.9
0.00183002562035869	0.0329399736480211	17.223	1.381	774.46
0.00278003892054489	0.050039959968032	23.227	1.63	1191.1
0.00400005600078401	0.0719999424000461	35.042	1.99	1531.66
0.0063300886212407	0.113939908848073	74.79	2.434	2627.81
0.0100201402819639	0.179999856000115	81.215	3.356	3580.3
0.013000182002548	0.23381981294415	138.952	3.58	4748.12
0.0188402637636927	0.338399729280217	229.388	4.681	7436.94
0.02852039928559	0.511199591040327	234.312	5.916	11247.71
0.0417405843681812	0.748439401248479	340.58	7.606	17562.72
0.0617708647921071	1.10735911411271	564.438	9.544	22542.21
0.0930113021582302	1.66085867131306	790.807	13.446	33528.34
0.141241977387683	2.51243799004961	1191.792	19.584	47617.96
0.209402931641043	3.69503704397036	1736.455	27.681	70628.9
0.314804407261702	5.51321558942753	2628.149	39.287	92992.95
0.475576658073213	8.22041342366926	3707.665	56.173	144811.95
0.715630018820263	12.1228103017518	5449.036	116.406	277036.33
1.06447490264864	17.5399059680752	7281.731	155.372	354105.49
1.59189228649201	25.1051199159041	9945.321	259.06	478445.32
2.4056336788715	35.4666316266947	11710.8	349.194	556699.06
3.59673035422496	48.2597613921909	13527.533	512.713	660235.03
5.39391551481721	63.1140695087444	13656.562	650.912	722144.45
8.08531319438472	78.0337175730259	7653.476	831.373	741094.52
12.1250797511165	90.2323078141537	5856.913	981.625	722935.33
18.204174858448	97.2901021679183	5498.433	1078.202	737078.83
27.3078723102123	99.6698802640958	5459.533	1149.264	756764.55
37.3116323628531	99.980920015264	5368.963	1171.362	778769.88
47.2940321164496	99.99910000072	5391.705	1216.27	801581.2
57.275731860246	100.0	5521.67	1275.702	823010.56
67.3020022280312	100.0	5620.082	1274.98	845962.51
77.2897020558288	100.0	5601.428	1273.912	867402.44
87.301042214591	100.0	5616.148	1302.142	889351.39
97.3107923510929	100.0	5765.997	1333.306	911693.56
