0.00102001428019992	0.0183599853120118	10.265	1.11	406.9
0.00192002688037633	0.0345599723520221	16.987	1.281	813.86
0.00303004242059389	0.0545399563680349	35.441	1.423	1210.7
0.00398005572078009	0.0716399426880459	32.549	1.387	1691.7
0.00577008078113094	0.103859916912066	53.219	1.595	2364.43
0.00867012138169934	0.1556998754401	76.682	1.919	3399.58
0.0126801775224853	0.227879817696146	111.177	2.386	4923.5
0.0193902714638005	0.348479721216223	170.01	3.21	7718.77
0.0278803903254646	0.500939599248321	243.296	4.037	11269.9
0.0412505775080851	0.739259408592473	382.345	5.856	16030.09
0.0636608912524775	1.14029908776073	541.713	7.485	24538.98
0.0941213176984478	1.68263865388908	1099.991	11.055	33435.27
0.143282005948083	2.55023795980963	1237.851	16.907	52147.26
0.211952967341543	3.7510169991864	1755.255	24.119	70628.9
0.318334456682394	5.58575553139557	2638.678	36.484	103165.46
0.475826661573262	8.23085341531727	3868.944	51.942	130819.16
0.712649977099679	12.0895103283917	5228.468	112.309	195136.85
1.06905496676953	17.6029059176753	7069.781	150.788	356583.84
1.60824251539522	25.3263397389282	9869.026	249.867	473380.22
2.39598354376961	35.3611517110786	11831.217	343.62	559598.11
3.59050026700374	48.2284414172469	14368.605	503.939	661548.82
5.38491538881544	63.1131695094644	14355.381	671.072	717495.42
8.08689321650503	78.0162575869939	7946.171	824.902	741005.17
12.1215497016958	90.2254678196257	5638.93	973.113	722765.19
18.1928546999658	97.3079221536623	5358.347	2066.069	737264.53
27.2818319456472	99.6702402638078	5234.635	2043.499	756691.31
37.2734418281856	99.97660001872	5221.533	2052.657	779163.92
47.2941921186897	99.999460000432	5356.101	2118.742	801892.06
57.2766018724262	100.0	5409.062	2169.612	822715.04
67.2836719714076	100.0	5356.391	2189.794	845015.69
77.2972921620903	100.0	5507.884	2253.242	867739.76
87.2901120615689	100.0	5591.96	2297.495	889286.65
97.3073623030722	100.0	5592.474	2356.919	911621.32
