0.0010500147002058	0.0188999848800121	10.583	1.308	450.49
0.00194002716038025	0.0349199720640224	23.921	1.635	790.22
0.00281003934055077	0.0505799595360324	33.278	1.834	1195.02
0.00378005292074089	0.0680399455680435	44.08	2.034	1457.4
0.00612008568119954	0.10997991201607	53.128	2.902	2302.38
0.00846011844165818	0.152099878320097	65.672	3.052	3722.41
0.0133101863426088	0.239399808480153	123.306	3.849	5634.63
0.0198702781838946	0.356219715024228	186.921	4.907	7324.1
0.0276403869654175	0.497519601984318	230.742	5.867	10298.96
0.0429206008884124	0.771479382816494	419.816	7.777	16658.1
0.0627608786523011	1.12409910072072	534.586	9.794	22559.98
0.0943913214785007	1.68677865057708	871.92	13.629	35066.66
0.141951987327823	2.52611797910562	1180.061	19.297	46701.57
0.211562961881466	3.73787700969839	1884.6	28.492	68926.02
0.316984437782129	5.53859556912354	2642.409	39.353	101030.94
0.471716604032456	8.16011347190922	3746.159	56.629	142973.99
0.707969911578762	12.0065303947757	5521.632	117.31	292653.1
1.06593492308892	17.5321659742672	7352.476	156.898	355623.25
1.59710235943303	25.1580398735681	21456.132	258.566	473721.95
2.40628368797163	35.5128915896867	11737.306	374.973	563100.92
3.59260029640415	48.2138614289109	13552.544	521.434	644356.13
5.39374551243717	63.1254094996724	13682.672	689.674	720960.02
8.09027326382569	78.093657525074	14044.936	831.545	740569.48
12.1282497954971	90.2270878183297	5752.306	986.271	723048.01
18.1966147526065	97.3088221529423	5425.82	1086.666	737182.94
27.280861932067	99.6733002613598	5372.923	1163.565	756805.33
37.2767718748063	99.976780018576	5287.842	1219.377	779076.84
47.2899020586288	99.99910000072	5429.933	1292.584	801669.13
57.3040322564516	100.0	5421.946	1305.901	824156
67.3004222059109	100.0	5693.839	1347.138	845865.55
77.29598214375	100.0	5819.794	1345.077	867439.77
87.3022222311112	100.0	5782.853	1401.252	889293.43
97.3002122029708	100.0	5861.859	1433.788	911589.89
