0.001000014000196	0.0179999856000115	9.756	0.929	359.3
0.00200002800039201	0.035999971200023	16.254	1.045	829.61
0.00315004410061741	0.0565199547840362	35.056	1.37	1116.57
0.00399005586078205	0.071819942544046	34.004	1.247	1562.91
0.00584008176114466	0.104939916048067	61.805	1.482	2100.48
0.00882012348172874	0.158759872992102	69.467	1.715	3411.12
0.0132801859226029	0.238499809200153	183.115	2.212	4488.53
0.0183802573236025	0.329939736048211	180.1	2.886	7790.1
0.0279403911654763	0.501299598960321	238.913	4.084	10399.17
0.0423905934683086	0.759419392464486	341.897	5.54	16784.91
0.0627208780922933	1.12229910216072	693.142	7.423	23377.19
0.0941313178384497	1.68155865475308	933.88	10.943	33435.27
0.141351978927705	2.51585798731361	1163.445	16.576	49555.63
0.209832937661127	3.71501702798638	1808.328	24.079	69389.37
0.319214469002566	5.59583552333158	2556.946	37.339	103064.68
0.478746702453834	8.2742333806133	3765.113	51.418	144976.25
0.710539947559266	12.0288503769197	5243.876	113.051	281912.63
1.06199486792815	17.5120059903952	7110.544	144.872	387425.16
1.60785250993514	25.2748597801122	9717.87	251.578	466220.37
2.39524353340947	35.3724917020066	12140.781	348.768	564650.25
3.58536019504273	48.2198014241589	13706.265	506.577	648088.13
5.39605554477763	63.1900294479764	13458.671	646.928	722068.32
8.08188314636405	78.0272375782099	7576.84	810.803	741066.81
12.1253897554566	90.2170078263937	5817.592	970.126	723966.38
18.1924946949257	97.2782221774223	5312.138	2023.982	736935.51
27.2852219931079	99.6788802568958	5243.264	2011.009	757053.69
37.285671999408	99.979120016704	5188.833	2043.765	779445.82
47.2845019830278	99.998560001152	5193.939	2082.291	801169
57.29591214277	100.0	5286.497	2097.277	823930.24
67.2878420297884	100.0	5395.222	2115.594	844840.19
77.2938521139296	100.0	5384.406	2169.669	867314.48
87.3123723732132	100.0	5512.001	2209.72	889520.56
97.3102523435328	100.0	5480.187	2224.144	911765.48
