0.00104001456020384	0.018719985024012	31.15	1.183	391.04
0.00187002618036653	0.0336599730720215	16.717	1.349	735.04
0.00285003990055861	0.0512999589600328	40.893	1.608	1175.41
0.00414005796081145	0.0745199403840477	53.456	2.058	1640.98
0.00597008358117014	0.107459914032069	50.286	2.384	2290.74
0.00891012474174638	0.160019871984102	82.788	2.945	3534.18
0.0133101863426088	0.239579808336153	167.62	3.822	4862.52
0.0192202690837672	0.344879724096221	226.255	5.163	7132.13
0.0274103837453724	0.491939606448315	224.452	5.528	10836.64
0.0418605860482047	0.74969940024048	351.968	7.584	14919.8
0.0624708745922443	1.11815910547272	549.011	9.889	23228.2
0.0953613350586908	1.69973864020909	813.553	13.369	35794.38
0.140211962967482	2.4928180057456	1191.851	19.271	49668.29
0.213862994081917	3.78251697398642	1832.162	26.244	75063.29
0.315144412021768	5.52041558366753	2540.895	39.149	100610.1
0.476116665633319	8.23463341229327	3845.902	56.088	151216
0.710819951479321	12.0441503646797	5179.904	117.72	279520.58
1.07044498622981	17.6156859074513	7205.351	153.041	351884.89
1.59926238967346	25.1870198503841	9661.035	256.157	461507.97
2.40442366193127	35.4507916393667	14211.367	351.172	560025.29
3.60578048092673	48.2925213659829	13945.462	508.579	655092.89
5.40921572902021	63.2843493725205	13479.476	657.518	719331.75
8.08210314944409	78.0097775921779	7684.705	841.544	741035.8
12.1320898492579	90.1703878636897	6041.711	974.535	722926.5
18.2211450960313	97.3333021333583	5515.751	1050.422	736749.5
27.2824219539074	99.6716802626558	5328.172	1129.197	756860.78
37.2727118179655	99.976060019152	5471.439	1218.124	778858.74
47.2776618872664	99.999280000576	5531.224	1226.982	801049.61
57.2761118655661	100.0	5583.192	1261.578	822914.03
67.3019022266312	100.0	5463.246	1258.991	845935.46
77.2911520761291	100.0	5455.59	1271.374	867643.56
87.3121123695732	100.0	5575.737	1314.038	889300.84
97.3032222451114	100.0	5774.538	1325.831	911606.05
