0.0011000154002156	0.0197999841600127	3.746	0.908	430.68
0.00188002632036849	0.0338399729280217	11.665	1.042	802.04
0.00279003906054685	0.0502199598240321	6.847	1.1	1116.57
0.00376005264073697	0.0676799458560433	8.476	1.201	1535.56
0.00626008764122698	0.112319910144072	25.495	1.383	2364.43
0.00881012334172678	0.158399873280101	18.77	1.612	3722.41
0.0137001918026852	0.246239803008158	27.197	2.023	5056.82
0.0191602682437554	0.34397972481622	38.348	2.717	7718.77
0.0276003864054097	0.494639604288317	60.044	3.579	10721.79
0.0419505873082223	0.752579397936482	80.268	4.988	15862.95
0.0637008918124854	1.14245908603273	119.184	7.362	20791.17
0.0948413277785889	1.69415864467308	186.346	11.204	31969.93
0.141241977387683	2.51603798716961	285.714	17.181	50284.75
0.210632948861284	3.72365702107438	382.202	23.493	71521.12
0.314444402221631	5.50943559245153	601.041	38.182	98696.22
0.47372663217285	8.18693345045324	1096.245	50.097	157758.59
0.711319958479419	12.0364103708717	1209.449	113.01	185006.03
1.06266487730828	17.5100259919792	1785.23	148.804	379777.05
1.59497232961261	25.1344598924321	2295.072	246.781	463520.63
2.40243363407088	35.4466516426787	2791.555	339.945	565006.5
3.59576034064477	48.2567013946389	3161.763	495.581	646671.62
5.39447552265732	63.1605094715924	3395.034	636.156	721776.1
8.09203328846604	78.083217533426	2625.787	824.428	740369.09
12.1577702087829	90.3732477014018	2612.505	953.016	723722.5
18.1957747408464	97.2913621669103	2638.431	1347.897	736299.88
27.3076923076923	99.6713202629438	2683.368	1384.846	756673.75
37.2842119789677	99.977680017856	2761.247	1449.103	779357.61
47.2821119495673	99.999280000576	2806.671	1462.746	801024.29
57.305882282352	100.0	2853.734	1480.471	824163.57
67.2886020404286	100.0	2884.774	1504.413	844978.82
77.2999321990508	100.0	2927.68	1584.51	867714.62
87.3033622470715	100.0	2956.294	1572.982	889301.26
97.3141923986936	100.0	3103.571	1612.881	911764.4
