0.000940013160184243	0.0169199864640108	3.53	1.096	434.64
0.00190002660037241	0.0341999726400219	5.175	1.385	845.36
0.00287004018056253	0.0516599586720331	6.894	1.552	1195.02
0.00405005670079381	0.0728999416800467	10.143	1.894	1457.4
0.00564007896110546	0.101519918784065	12.944	2.15	2500.06
0.00893012502175031	0.160559871552103	18.075	2.856	3526.49
0.0134001876026264	0.241019807184154	28.546	3.648	4984.46
0.0189102647437064	0.339659728272217	44.804	4.357	7086.93
0.0271903806653293	0.488699609040313	63.429	5.319	9986.94
0.0417005838081733	0.747719401824478	83.659	7.651	14846.85
0.0628508799123188	1.12445910043272	137.241	9.409	24326.83
0.0930413025782361	1.66067867145706	174.425	13.458	31276.47
0.142001988027832	2.53079797536162	278.942	19.511	49539.06
0.210462946481251	3.72725701819439	405.403	26.116	71499
0.317874450242303	5.56487554809956	621.089	39.185	102517.89
0.469916578832104	8.1287934969652	891.495	56.628	152937.02
0.718130053820753	12.1667302666158	1212.49	116.767	278813.8
1.06958497418964	17.6047059162353	1781.211	153.668	372722.62
1.60232243251406	25.2233798212961	2239.345	262.977	451588.09
2.40035360495047	35.3827516937986	2784.376	343.532	572771.69
3.60270043780613	48.3008013593589	3708.948	506.842	656640.52
5.40176562471875	63.2116294306965	3442.403	656.554	718874.53
8.08967325542558	78.10733751413	2532.289	833.776	740655.2
12.1271897806569	90.2285278171777	2648.98	975.679	722966.23
18.1883046362649	97.2757021794383	2641.314	1062.485	737385.53
27.3043022602316	99.6704202636638	2674.109	1117.877	756689.08
37.3187224621145	99.97660001872	2749.227	1199.975	779084.61
47.2839019746276	99.998380001296	2806.665	1235.197	801120.4
57.2941621182697	100.0	2851.261	1250.116	823558.62
67.3026122365713	100.0	2884.577	1251.482	845806.24
77.3065922922921	100.0	2975.866	1290.26	867594.43
87.3122523715332	100.0	3016.447	1302.459	889316.14
97.3019922278912	100.0	3052.666	1332.842	911603.19
