0.000900012600176402	0.0161999870400104	3.754	1.078	398.97
0.00193002702037829	0.0347399722080222	5.59	1.168	790.22
0.00308004312060369	0.0554399556480355	7.974	1.299	1163.65
0.00392005488076833	0.0705599435520452	8.812	1.423	1594.14
0.0058300816211427	0.104939916048067	12.66	1.566	2271.34
0.00881012334172678	0.158579873136102	19.444	1.988	3311.06
0.0136001904026656	0.244439804448156	26.462	2.442	5611.86
0.0198302776238867	0.356219715024228	39.685	3.053	7033.93
0.0274603844453822	0.492119606304315	53.75	3.855	10031.54
0.0419505873082223	0.753659397072482	81.07	5.172	15757.55
0.0628108793523109	1.12175910259272	160.25	7.876	24493.03
0.0956813395387535	1.70783863372909	180.749	11.547	35066.66
0.139711955967384	2.48687801049759	274.333	16.699	48908.95
0.214943009202129	3.80141695886643	398.455	24.071	69414.76
0.316614432602056	5.55785555371556	621.173	37.244	96307.81
0.473706631892847	8.19233344613324	869.52	51.71	141902.6
0.711969967579546	12.0634103492717	1240.571	113.481	182409.17
1.07219501073015	17.6425058859953	1689.712	148.789	379263.55
1.60751250517507	25.2829597736322	2287.194	249.532	465233.25
2.3908034712486	35.2562117950306	2990.83	341.999	555098.69
3.59370031180437	48.2657013874389	3205.758	518.872	659107.51
5.40058560819852	63.1729294616564	3355.36	651.86	721817.95
8.0999933999076	78.155577475538	2650.488	822.869	741070.64
12.1356298988186	90.2225878219297	2639.004	964.574	723095.03
18.1896146546052	97.2728221817423	2673.899	1317.337	737331.68
27.2839119747676	99.6781602574718	2729.255	1385.76	757272.27
37.2776518871264	99.976060019152	2784.258	1470.516	778550.1
47.2868520159282	99.999280000576	2870.289	1520.79	800934.89
57.29585214193	100.0	2911.629	1558.654	823527.17
67.300762210671	100.0	3000.777	1610.648	845178.33
77.2926820975494	100.0	3042.506	1646.74	867490.16
87.2923620930693	100.0	3080.378	1787.486	889447.36
97.3067422943921	100.0	3159.881	1716.207	911620.43
