0.00104001456020384	0.018719985024012	3.549	0.954	383.11
0.00192002688037633	0.0345599723520221	9.632	1.046	786.28
0.00311004354060957	0.0559799552160358	7.876	1.172	1198.94
0.00399005586078205	0.071819942544046	22.542	1.24	1539.47
0.00634008876124266	0.113759908992073	13.313	1.416	2170.41
0.00902012628176794	0.162359870112104	19.013	1.751	3411.12
0.0139001946027244	0.25019979984016	28.712	2.137	4488.53
0.0190002660037241	0.341819726544219	60.985	2.821	6720.97
0.0278603900454606	0.49949960040032	57.549	3.45	11247.71
0.0421005894082517	0.753299397360482	78.252	5.208	15579.36
0.0624808747322462	1.11941910446472	116.281	6.975	25770.76
0.0944913228785203	1.68641865086508	214.561	10.497	33969.31
0.140621968707562	2.5045179963856	276.262	15.625	48310.46
0.209802937241121	3.71213703029038	446.485	22.864	67478.25
0.318124453742352	5.57477554017957	585.876	36.077	96693.12
0.470426585972204	8.14067348746121	874.56	50.404	137577.55
0.708969925578958	11.9977104018317	1372.129	109.983	188334.59
1.06964497502965	17.5813059349553	1781.038	146.386	343690.57
1.60290244063417	25.2372398102082	2217.977	248.243	460337.22
2.39819357471005	35.3879716896226	2898.298	341.108	552698.97
3.60834051676723	48.450021239983	3364.684	497.357	655877.66
5.40908572720018	63.2643693885045	3545.846	633.986	720827.67
8.07941311178356	78.0144575884339	2594.269	833.703	741065.94
12.1303398247575	90.1694878644097	2640.983	952.212	722917.78
18.1921946907257	97.2924421660463	2644.378	1356.128	736747.77
27.2890820471487	99.6742002606398	2696.587	1350.146	756955.69
37.2747118459658	99.977680017856	2731.591	1450.308	779097.41
47.2712717978052	99.999460000432	2827.606	1464.468	801144.19
57.2822319512473	100.0	2836.07	1490.623	822914.71
67.2913120783691	100.0	2927.899	1525.095	845686.59
77.2992421893907	100.0	2960.185	1609.891	867618.7
87.2885320394486	100.0	3004.269	1602.224	889485.91
97.3091623282726	100.0	3032.17	1653.963	911677.48
