0.000940013160184243	0.0169199864640108	4.499	1.126	359.3
0.00203002842039789	0.0365399707680234	6.926	1.338	813.86
0.00309004326060565	0.0556199555040356	7.717	1.73	1061.62
0.00372005208072913	0.0669599464320429	8.315	1.729	1722.9
0.00557007798109174	0.0998999200800639	11.957	2.125	2108.25
0.00902012628176794	0.162179870256104	33.456	2.843	3311.06
0.0129401811625363	0.232559813952149	29.684	3.709	4854.9
0.0190802671237397	0.34325972539222	46.014	4.824	7132.13
0.0275903862654077	0.495359603712317	69.146	6.425	10858.86
0.041030574428042	0.736019411184471	76.463	7.257	14777.54
0.0630908832723658	1.12931909654472	134.913	9.926	21798.18
0.092821299498193	1.65743867404906	178.469	13.322	34058.84
0.142581996147946	2.53511797190562	260.459	19.995	53368.4
0.211642963001482	3.7447170042264	441.711	27.017	67487.81
0.316924436942117	5.56055555155556	702.848	39.026	100765.99
0.471236597312362	8.14607348314121	832.305	60.527	154473.75
0.717000038000532	12.1490902807278	1355.513	116.872	284925.51
1.06903496648953	17.5931859254513	1664.599	154.139	358030.48
1.59563233885274	25.1650598679521	2342.123	259.799	456111.89
2.39310350344905	35.3598917120866	2903.951	345.009	555499.27
3.5954003356047	48.2261014191189	3303.521	502.704	655342.12
5.39194548723682	63.0717695425844	3440.742	649.124	717584.47
8.09298330176622	78.156117475106	2671.039	812.295	740869.57
12.1418899864598	90.2071078343137	2631.613	968.096	723070.42
18.1912946781255	97.3019821584143	2652.615	1058.887	737250.6
27.3144324020536	99.6617802705758	2685.131	1149.715	756361.39
37.2759218629061	99.975340019728	2766.154	1183.302	778727.23
47.2846119845678	99.998560001152	2805.239	1264.682	801182.82
57.2821819505473	100.0	2848.025	1252.726	823028.52
67.2968521559302	100.0	2878.269	1245.302	845146.77
77.2934521083295	100.0	2947.044	1275.883	867488.62
87.3016622232711	100.0	2980.083	1280.742	889316.03
97.3040322564516	100.0	3030.048	1370.563	911613
