0.00103001442020188	0.0185399851680119	7.335	0.916	454.45
0.00206002884040377	0.0370799703360237	6.133	1.248	802.04
0.00296004144058017	0.0532799573760341	7.171	1.118	1191.1
0.00397005558077813	0.0714599428320457	8.935	1.188	1410.39
0.00622008708121914	0.111959910432072	15.084	1.361	2372.19
0.00926012964181499	0.166499866800107	19.012	1.662	3714.73
0.0130301824225539	0.23453981236815	40.535	2.086	5144.37
0.0192402693637711	0.345419723664221	40.557	2.792	7342.91
0.0283003962055469	0.508319593344325	54.277	3.498	10721.79
0.0420705889882458	0.755279395776483	79.443	5.103	17078.2
0.0626108765522717	1.12157910273672	121.332	7.272	24032.69
0.0932513055182773	1.66535866771307	177.339	10.436	33121.36
0.141001974027636	2.5054179956656	295.555	15.386	52055.04
0.210022940321165	3.72005702395438	442.922	23.101	68353.32
0.314804407261702	5.51429558856353	641.975	35.666	92799.42
0.472216611032554	8.16461346830923	930.008	50.939	154473.75
0.713259985639799	12.0941903246477	1243.406	114.774	195990.08
1.06297488164834	17.5235259811792	1700.581	146.131	388869.07
1.60336244707426	25.2618997904802	2141.78	251.999	459140.25
2.38501339018746	35.2630517895586	2783.652	332.74	552377.61
3.5959103427448	48.2514813988149	3564.749	500.894	659887.64
5.38752542535596	63.0204695836243	3304.015	642.227	719397.47
8.08749322490515	78.058197553442	2546.887	823.279	741085.04
12.1386399409592	90.2596677922658	2616.736	969.56	723989.33
18.1950647309062	97.2767821785743	2667.141	1316.917	737432.97
27.3026222367113	99.6702402638078	2679.205	1384.55	756859.16
37.2861220057081	99.97930001656	2746.389	1489.651	779227.77
47.2715918022852	99.998020001584	2785.473	1506.288	800880.19
57.2776718874064	100.0	2871.758	1522.255	822632.6
67.2827519585274	100.0	2906.744	1527.405	845114.62
77.3025722360113	100.0	2918.296	1634.915	867206.23
87.3127123779733	100.0	3030.586	1592.747	889267.68
97.3007322102509	100.0	3008.75	1720.647	911590.78
