0.001250017500245	0.0224999820000144	4.289	1.205	426.72
0.00213002982041749	0.0383399693280245	5.684	1.451	888.66
0.00305004270059781	0.0548999560800351	7.576	1.617	1292.98
0.00409005726080165	0.0736199411040471	14.062	1.905	1676.1
0.0058300816211427	0.104759916192067	12.602	2.12	2271.34
0.0090801271217797	0.163439869248105	18.223	2.762	3311.06
0.0134101877426284	0.240839807328154	27.441	4.826	4923.5
0.0189802657237201	0.341099727120218	47.483	5.237	7357.96
0.0274803847253862	0.493919604864316	58.218	5.22	10503.04
0.0427605986483811	0.766799386560491	78.931	7.363	15793.9
0.0625108751522521	1.11977910417672	130.462	9.258	23228.2
0.0948013272185811	1.69271864582508	206.087	12.9	33766.11
0.139311950367305	2.47679801856159	263.777	17.929	46671.55
0.208472918620861	3.68621705102636	435.252	26.037	71397.93
0.313404387661427	5.49809560152352	597.211	39.317	96714.15
0.474486642812999	8.20727343418125	840.259	56.652	158216.88
0.712369973179624	12.0711503430797	1194.619	118.972	276710.45
1.06711493960915	17.5444059644752	1701.452	152.32	362058.87
1.60142241991388	25.1936798450561	2203.531	254.622	451358.79
2.39669355370975	35.3661917070466	3017.278	349.584	568661.87
3.5989603854454	48.3045813563349	3170.509	511.492	655250.82
5.4055956783395	63.1934494452404	3615.868	655.329	719385.34
8.09175328454598	78.110577511538	2532.779	822.732	740978.53
12.1288698041773	90.2209678232257	2632.132	972.537	723814.16
18.188814643405	97.2749821800143	2666.309	1099.648	737362.23
27.3154524163338	99.6583602733118	2684.305	1103.494	756342.67
37.2871520201283	99.978760016992	2758.308	1201.631	779541.79
47.2913620790691	99.999460000432	2791.238	1195.169	801878.63
57.2865220113082	100.0	2856.009	1238.493	822946.34
67.3085523197325	100.0	2929.801	1270.017	845952.91
77.2970621588702	100.0	2948.835	1279.932	867136.83
87.3026322368513	100.0	2983.556	1299.14	889291.59
97.3127423783933	100.0	3018.243	1308.906	911659.33
