0.000980013720192083	0.0176399858880113	3.545	1.112	379.14
0.00244003416047825	0.0439199648640281	6.22	1.446	750.81
0.00317004438062133	0.0570599543520365	8.27	1.606	1155.8
0.00402005628078793	0.0723599421120463	9.37	1.881	1406.48
0.0055800781210937	0.100439919648064	12.11	2.1	2108.25
0.00871012194170718	0.1564198748641	18.303	2.774	3718.57
0.0128701801825226	0.231299814960148	26.026	3.333	4854.9
0.0188402637636927	0.338219729424216	36.769	5.096	7132.13
0.028530399425592	0.512099590320328	108.688	5.562	10699.56
0.0408005712079969	0.732599413920469	74.9	7.034	15793.9
0.0627108779522913	1.12193910244872	137.787	10.178	24032.69
0.0954913368787163	1.70567863545709	200.363	13.509	34551.32
0.143922014908209	2.56247795001764	271.966	19.841	52055.04
0.210502947041259	3.72149702280238	439.569	29.028	71110.41
0.316464430502027	5.55065555947555	649.985	39.338	98669.3
0.474636644913029	8.20331343734925	894.628	56.492	146123.51
0.712559975839662	12.0887903289677	1284.421	117.33	276038.8
1.06932497054959	17.6012859189713	1733.746	154.416	366896.58
1.60806251287518	25.3095997523202	2245.911	256.686	475728.95
2.40281363939095	35.4367516505987	2989.015	359.624	562562.64
3.60278043892614	48.3380613295509	3419.033	510.083	657474.23
5.38902544635625	63.0870695303444	3574.79	661.738	717997.88
8.09129327810589	78.057117554306	2535.295	812.941	741049.77
12.1362399073587	90.2481478014818	2644.416	960.503	723287.53
18.1862546075645	97.2692221846223	2659.41	1086.952	737177.78
27.2768718762063	99.6720402623678	2738.688	1132.537	756947.42
37.2739418351857	99.976780018576	2883.076	1209.684	778616.45
47.2878820303484	99.999280000576	2805.282	1244.612	801757.22
57.3031322438514	100.0	2872.634	1246.373	824091.95
67.3035322494515	100.0	2908.556	1276.859	846001.52
77.2969421571902	100.0	2972.107	1283.73	867578.07
87.3125023750332	100.0	3006.391	1308.031	889438.32
97.3091923286926	100.0	3074.07	1318.708	911683.62
