0.000930013020182283	0.0167399866080107	3.293	0.899	398.97
0.00184002576036065	0.0331199735040212	4.953	1.019	888.66
0.00293004102057429	0.0527399578080338	7.272	1.188	1120.5
0.00401005614078597	0.0721799422560462	9.233	1.21	1406.48
0.00625008750122502	0.112319910144072	15.951	1.39	2360.55
0.00891012474174638	0.160379871696103	20.136	1.686	3541.86
0.012750178502499	0.229139816688147	25.042	1.984	4873.96
0.0192802699237789	0.346859722512222	39.264	2.666	7094.46
0.0280803931255038	0.504719596224323	55.432	3.945	10298.96
0.0423105923482929	0.757979393616485	100.284	5.089	16621.86
0.0616408629720816	1.10537911569671	125.503	6.934	22542.21
0.0944913228785203	1.68893864884908	185.382	10.782	31276.47
0.13959195428736	2.48543801164959	299.413	16.181	46494.68
0.211662963281486	3.7457970033624	427.271	23.07	75505.97
0.313324386541412	5.49215560627551	658.817	35.587	107152.5
0.47433664071297	8.20889343288525	876.403	51.831	137266.53
0.71387999431992	12.0976103219117	1299.043	111.727	274316.54
1.0652949141288	17.5476459618832	1864.846	149.359	362083.34
1.59814237399324	25.1528198777441	2320.537	247.641	466160.03
2.40197362763079	35.5085715931427	3061.087	359.681	560809.04
3.60931053034742	48.438321249343	3221.655	497.224	649622.51
5.38152534135478	62.9803296157363	3479.574	643.985	719505.66
8.09499332990662	78.125877499298	3144.333	811.98	740958.15
12.1427499985	90.2841477726818	2609.849	964.079	723959.08
18.2015348214875	97.2879421696463	2636.142	1322.795	735966.36
27.2802619236669	99.6675402659678	2687.145	1337.852	756868.94
37.2885820401486	99.977680017856	2749.215	1408.76	778792.39
47.2921820905493	99.999280000576	2793.551	1465.036	801851.71
57.3052422733918	100.0	2840.277	1486.016	824027.61
67.3000522007308	100.0	2889.803	1511.312	846074.45
77.2935021090295	100.0	2916.277	1603.822	867416.38
87.2948621280698	100.0	3017.578	1607.406	889447.79
97.3103023442328	100.0	3036.517	1601.408	911606.2
