0.00109001526021364	0.0196199843040126	6.805	1.128	430.68
0.00199002786039005	0.0358199713440229	9.6	1.198	774.46
0.00313004382061349	0.0563399549280361	8.044	1.297	1257.72
0.00368005152072129	0.0662399470080424	8.522	1.459	1410.39
0.00580008120113682	0.104399916480067	12.631	1.608	2325.65
0.00930013020182283	0.167219866224107	23.565	1.908	3587.98
0.013020182282552	0.23435981251215	36.091	2.16	5326.96
0.0190402665637319	0.341999726400219	36.446	2.792	8153.94
0.0282903960655449	0.507779593776325	54.017	3.813	10858.86
0.0426605972483615	0.76589938728049	83.782	5.306	15862.95
0.0625808761322659	1.11941910446472	127.676	7.161	20723.21
0.0922012908180714	1.64573868340905	233.447	10.98	32920.61
0.139211948967286	2.47787801769759	259.448	16.417	45936.26
0.209172928420998	3.70313703749037	424.74	23.316	78994.41
0.316714434002076	5.53661557070754	640.228	35.958	101030.94
0.471716604032456	8.16389346888523	972.349	54.87	136884.61
0.713149984099777	12.0713303429357	1297.256	112.419	194471.97
1.06094485322795	17.4540460367632	1814.19	150.838	352718.63
1.60709249929499	25.3014997588002	2301.505	252.46	466897.19
2.39908358717022	35.4029116776707	2968.171	347.504	553722.53
3.60200042800599	48.3301413358869	3199.913	497.047	650907.63
5.38362537075519	63.0120095903923	3399.039	632.112	719607.84
8.07952311332359	78.0133775892979	2656.592	833.842	741070.1
12.1285297994172	90.2272678181858	2636.901	974.19	723095.89
18.1910446746254	97.2758821792943	2675.63	1495.003	737392.98
27.3051122715718	99.6680802655358	2738.695	1382.13	756756.51
37.3132923860934	99.980920015264	2762.717	1427.101	778784.78
47.2814919408872	99.998740001008	2843.247	1562.198	800821.63
57.2877720288084	100.0	2885.685	1552.062	822982.13
67.305932283052	100.0	2973.914	1579.31	846120.56
77.2971221597102	100.0	3021.955	1640.212	867547.67
87.2982121749704	100.0	3070.591	1634.184	889309.52
97.3124523743332	100.0	3100.656	1670.444	911757.47
