0.000920012880180323	0.0165599867520106	3.672	1.141	395
0.00199002786039005	0.0358199713440229	5.5	1.357	711.37
0.00311004354060957	0.0559799552160358	8.079	1.945	1120.5
0.00396005544077617	0.0712799429760456	8.924	1.704	1672.2
0.00614008596120346	0.110339911728071	12.54	2.24	2519.43
0.00902012628176794	0.162179870256104	18.589	3.224	3311.06
0.0137901930627029	0.248039801568159	28.589	3.801	5056.82
0.0186902616636633	0.335519731584215	36.359	4.152	7090.7
0.0271703803853254	0.487979609616312	51.699	5.371	10721.79
0.0422105909482733	0.758519393184485	80.586	7.625	15790.26
0.0632708857924011	1.13093909524872	127.596	9.214	22467.51
0.0935813101383419	1.67021866382507	190.026	13.667	32920.61
0.141701983827774	2.51675798659361	306.961	19.574	46701.57
0.209352930941033	3.69809704152237	459.868	27.094	72692.13
0.313344386821416	5.49521560382752	640.259	40.205	99332.65
0.473306626292768	8.17847345722123	858.96	54.585	141620.4
0.709879938319136	12.0365903707277	1240.363	116.622	293254.58
1.06814495402936	17.5993059205553	1728.951	153.984	377702.76
1.59809237329323	25.1706398634881	2310.384	253.89	461327.98
2.40170362385073	35.4243316605347	4551.55	351.626	555135.44
3.60653049142688	48.3368013305589	3296.122	502.008	649962.19
5.41059574834048	63.2827293738165	3390.127	644.967	719254.14
8.1010334144678	78.2311774150581	2559.731	811.527	740720.4
12.1211996967958	90.2240278207777	2613.43	957.432	722756.9
18.2089049246689	97.3090021527983	2649.903	1067.902	736685.98
27.3025222353113	99.6695202643838	2684.445	1115.469	756859.35
37.275611858566	99.976420018864	2739.018	1184.245	779066.59
47.2971221597102	99.999460000432	2800.871	1252.003	800991.36
57.2779118907665	100.0	2854.34	1262.123	822965.59
67.2932621056695	100.0	2933.937	1252.898	845540.28
77.3036922516915	100.0	2941.748	1315.864	867657.53
87.2914120797691	100.0	3070.669	1328.32	889374.63
97.3127223781133	100.0	3109.893	1324.675	911759.82
