0.00113001582022148	0.020339983728013	4.116	0.93	398.97
0.00186002604036457	0.0334799732160214	6.041	0.979	829.61
0.00304004256059585	0.054719956224035	7.443	1.228	1198.94
0.00408005712079969	0.073439941248047	9.614	1.196	1640.98
0.00534007476104665	0.0959399232480614	12.926	1.387	2302.38
0.00876012264171698	0.157319874144101	18.572	1.554	3414.96
0.0127201780824932	0.228959816832147	27.779	2.12	4893.01
0.0188002632036849	0.337679729856216	42.189	2.68	7275.18
0.0278903904654665	0.501119599104321	58.852	3.699	10031.54
0.0418505859082027	0.74951940038448	81.703	5.105	15535.71
0.0626008764122698	1.12031910374472	133.583	7.018	21880.16
0.0956013384187379	1.70783863372909	177.92	11.678	34058.84
0.140791971087595	2.5054179956656	279.15	16.054	46601.47
0.209922938921145	3.71501702798638	471.255	23.258	67519.65
0.31372439214149	5.49953560037152	595.078	36.167	96289.77
0.473146624052737	8.18513345189324	890.118	53.537	149091.65
0.71551001714024	12.1237103010318	1206.162	110.276	276809.03
1.05957483404768	17.4504460396432	1734.265	147.702	353871.4
1.6005124071737	25.2174398260481	2262.536	251.083	472557.71
2.3974735646299	35.3924716860227	3062.017	340.803	572304.24
3.59867038138534	48.2918013665589	3424.602	500.781	656070.64
5.39308550319705	63.1322494942004	3278.999	650.137	721351.77
8.0984833787673	78.183117453506	2555.629	808.134	740917.07
12.1241197376763	90.1804678556257	2607.517	949.65	722973.14
18.1953747352463	97.2967621625903	2655.342	1360.781	737436.46
27.2810119341671	99.6736602610718	2696.782	1454.023	756805.58
37.2737418323857	99.977140018288	2754.472	1404.565	778849.78
47.290652069129	99.99910000072	2836.619	1461.826	801667.42
57.2830519627275	100.0	2895.45	1485.91	823003.66
67.2820019480273	100.0	2909.63	1528.608	845252.87
77.2917520845292	100.0	2933.705	1586.553	867384.72
87.311172356413	100.0	3023.647	1638.717	889276.19
97.3081223137124	100.0	3044.921	1582.225	911622.05
