0.00121001694023716	0.0217799825760139	3.985	1.341	395
0.00187002618036653	0.0336599730720215	5.389	1.481	750.81
0.00307004298060173	0.0552599557920354	7.855	1.873	1261.64
0.00388005432076049	0.0698399441280447	9.252	1.953	1492.58
0.00585008190114662	0.105299915760067	19.165	2.486	2302.38
0.00871012194170718	0.1567798745761	17.56	3.147	3818.35
0.0123701731824246	0.221939822448142	25.005	3.61	4488.53
0.0192402693637711	0.345959723232221	65.704	5.177	7324.1
0.0282203950855312	0.507599593920325	67.586	5.858	10258.13
0.0414105797481165	0.741779406576475	134.998	7.431	15862.95
0.0622208710921953	1.11455910835271	141.081	9.49	25770.76
0.0925912962781479	1.65275867779306	188.49	13.139	36256.74
0.141141975987664	2.50847799321761	368.786	19.921	50271.49
0.211262957681408	3.73319701344239	436.089	26.714	66079.52
0.314364401101615	5.50907559273953	633.98	40.239	106783.67
0.47183660571248	8.15849347320522	858.076	57.048	144210.55
0.709819937479125	12.0274103780717	1142.82	116.474	289136.33
1.07199500793011	17.6592458726033	1771.116	158.995	379975.25
1.60170242383393	25.2129398296481	2312.209	264.612	473016.84
2.39172348412878	35.3537717169826	2819.861	351.492	555066.7
3.59606034484483	48.2198014241589	3219.184	512.946	663970.88
5.38474538643541	63.0841895326484	4984.514	664.232	716766.75
8.09880338324736	78.167997465602	2597.839	834.664	740945.5
12.1293198104773	90.2312278150177	2663.121	988.584	722990.62
18.1877246281448	97.2771421782863	2693.441	1102.07	737303.63
27.2813519389271	99.6718602625118	2765.583	1167.864	756884.93
37.2905720680089	99.979660016272	2789.272	1240.194	779478.64
47.2831619642675	99.998560001152	2850.939	1276.427	801041.32
57.2920920892892	100.0	2915.969	1314.843	823545.7
67.2911720764091	100.0	2952.215	1362.656	845596.58
77.2935421095895	100.0	3036.977	1397.354	867691.04
87.3043422607917	100.0	3081.855	1390	889431.76
97.3123523729332	100.0	3144.053	1415.798	911718.47
