0.000920012880180323	0.0165599867520106	3.464	1.134	391.04
0.00223003122043709	0.0401399678880257	5.953	1.308	802.04
0.00313004382061349	0.0563399549280361	8.002	1.346	1175.41
0.00428005992083889	0.0770399383680493	9.554	1.471	1492.58
0.00589008246115446	0.106019915184068	23.182	1.789	2302.38
0.00887012418173854	0.159479872416102	19.268	1.937	3311.06
0.0130601828425598	0.23507981193615	26.634	2.293	5611.86
0.0186202606836496	0.335159731872214	35.603	3.265	6720.97
0.0273803833253666	0.491939606448315	60.51	3.945	11244.02
0.0415805821281498	0.745559403552477	97.291	5.698	14846.85
0.0638108933525069	1.14119908704073	129.021	7.975	22705.72
0.0942713197984772	1.68389865288108	177.496	10.977	32167.19
0.140421965907523	2.4971380022896	289.867	16.936	54858.69
0.21117295642139	3.73103701517039	385.874	23.431	71704.24
0.312154370161182	5.48171561462751	609.721	36.393	96714.15
0.475676659473233	8.23247341402127	916.206	51.349	150973.8
0.71254997569966	12.0745703403437	1302.959	111.902	286496.74
1.07411503761053	17.6552858757713	1734.813	147.488	370365.59
1.59760236643313	25.1846798522561	2211.79	245.84	461464.91
2.40071360999054	35.4218116625507	2838.106	345.928	573368.55
3.59110027540386	48.2531013975189	3143.289	495.238	660425.01
5.38581540141562	63.0638495489204	3387.66	660.563	717850.55
8.08836323708532	78.07853753717	2724.155	820.291	741082.75
12.1343198804783	90.2485078011938	2604.556	977.093	723280.61
18.2033648471079	97.3073821540943	2711.894	1337.8	736748.15
27.3122723718132	99.6567402746078	2716.276	1381.564	756311.29
37.2778118893665	99.974980020016	2798.714	1476.095	778976.36
47.2848919884878	99.998560001152	2860.131	1605.438	801182.88
57.2963921494901	100.0	2936.349	1554.501	823527.64
67.3023722332113	100.0	2972.397	1631.378	845991.73
77.2940421165896	100.0	3030.755	1731.436	867249.41
87.2911620762691	100.0	3080.926	1724.277	889448.22
97.3137423923935	100.0	3122.927	1727.073	911766.71
