0.00108001512021168	0.0194399844480124	3.422	0.969	406.9
0.00208002912040769	0.037439970048024	5.486	1.065	715.32
0.00323004522063309	0.0581399534880372	7.761	1.171	1057.69
0.00377005278073893	0.0676799458560433	10.369	1.196	1566.81
0.00557007798109174	0.100259919792064	12.684	1.387	2220.88
0.00870012180170522	0.1565998747201	19.119	1.618	3311.06
0.0124101737424324	0.223199821440143	24.194	1.965	4854.9
0.0192102689437652	0.345239723808221	43.475	2.654	7790.1
0.0281703943855214	0.505439595648324	57.642	3.653	10399.17
0.0426405969683576	0.76499938800049	98.899	5.331	14043.28
0.0634108877524285	1.13489909208073	154.117	7.577	21880.16
0.0934413081783145	1.66877866497707	183.766	10.7	32810.12
0.142431994047917	2.52989797608162	311.077	16.823	52035.25
0.211202956841396	3.73193701445039	381.56	22.672	64292.78
0.313324386541412	5.49215560627551	673.051	36.219	94718.36
0.474296640152962	8.20331343734925	985.421	51.104	141747.11
0.706169886378409	11.9728704217037	1211.226	111.33	187721.81
1.06318488458838	17.5040859967312	1799.907	149.199	363311.66
1.59360231043235	25.1322998941601	2248.939	246.989	472868.3
2.39653355146972	35.3787916969666	2830.576	344.516	564594.3
3.59411031754445	48.2169214264629	3280.184	500.277	647223.91
5.39072547015658	63.1029095176724	3455.416	658.769	723454.97
8.09114327600586	78.0416375666899	2678.513	826.072	741047.96
12.1233597270362	90.1714678628257	2626.116	960.446	723006.89
18.2097349362891	97.2857821713743	2650.352	1326.73	736602.71
27.285852001928	99.6724002620798	2736.316	1348.762	756988.85
37.3189324650545	99.979840016128	2734.968	1393.99	778863.83
47.2821219497073	99.998920000864	2796.546	1450.719	801029.62
57.3069822977522	100.0	2863.373	1535.165	824166.31
67.2883320366485	100.0	2875.684	1525.037	844838.15
77.2935421095895	100.0	2929.237	1559.581	867322.3
87.3083923174924	100.0	2992.034	1585.137	889356.22
97.3152824139538	100.0	3059.258	1601.281	911759.45
