0.00102001428019992	0.0183599853120118	3.293	0.936	371.21
0.00212002968041553	0.0381599694720244	5.482	1.079	802.04
0.00284003976055665	0.0511199591040327	6.841	1.109	1057.69
0.00426005964083497	0.0766799386560491	10.851	1.245	1765.79
0.00615008610120542	0.110699911440071	19.287	1.432	2364.43
0.00943013202184831	0.169379864496108	19.715	1.746	3580.3
0.0130601828425598	0.23471981222415	25.683	1.984	5068.24
0.0182002548035672	0.326699738640209	36.287	2.613	7835.14
0.0282003948055273	0.506699594640324	61.661	3.814	10031.54
0.042270591788285	0.757619393904485	80.549	5.24	15692.1
0.0642108989525853	1.14947908041674	181.182	7.303	23334.63
0.0931013034182478	1.66337866929706	192.805	10.828	32920.61
0.141161976267668	2.51351798918561	317.57	16.701	52035.25
0.213442988201835	3.77495698003442	397.816	23.582	71543.22
0.317234441282178	5.55767555385956	651.732	36.426	102259.64
0.472676617472645	8.18909344872524	907.04	50.586	147164.72
0.710879952319332	12.0490103607917	1267.903	112.148	280126.9
1.07311502361033	17.6356658914673	1645.32	148.835	370500.11
1.59427231981248	25.1076399138881	2251.692	245.686	469265.38
2.39855357975012	35.3739317008546	2831.935	340.683	574705.34
3.58753022542316	48.1785814571348	3252.668	496.904	656355.05
5.39306550291704	63.1540294767764	3405.202	634.187	722015.52
8.07890310464347	78.0002375998099	2640.628	826.83	741062.51
12.1221897106559	90.1777678577857	2660.132	951.028	723007.81
18.1994647925071	97.2789421768463	2658.542	1286.388	736031.3
27.2814619404672	99.6718602625118	2703.696	1407.162	756861.52
37.2729418211855	99.976420018864	2737.433	1447.407	779018.19
47.2946021244297	99.999460000432	2776.661	1486.301	801918.03
57.280861932067	100.0	2835.495	1562.643	823029.19
67.2901120615689	100.0	2889.558	1581.765	845607.01
77.2979921718904	100.0	2959.502	1610.121	867617.97
87.2936621112696	100.0	2980.814	1615.679	889436.63
97.3125023750332	100.0	3054.023	1604.593	911766.3
