0.00112001568021952	0.0201599838720129	3.934	1.34	426.72
0.00208002912040769	0.037439970048024	5.949	1.768	711.37
0.00297004158058213	0.0534599572320342	7.398	1.888	1198.94
0.00378005292074089	0.0680399455680435	9.104	1.967	1406.48
0.0059300830211623	0.106559914752068	14.676	2.402	2232.53
0.00921012894180519	0.165779867376106	24.31	3.136	3411.12
0.0128201794825128	0.230759815392148	25.803	3.569	5053.01
0.0191802685237593	0.344519724384221	44.249	4.819	7094.46
0.0279703915854822	0.502739597808322	55.631	6.167	10673.62
0.0412505775080851	0.738179409456472	89.958	7.937	14507.46
0.0627508785122992	1.12319910144072	155.872	9.541	21401.91
0.0950813311386359	1.69883864092909	181.702	13.493	31096.09
0.14015196212747	2.4956980034416	347.375	19.311	48044.53
0.212502975041651	3.7565969947224	449.67	27.476	71704.24
0.314664405301674	5.51519558784353	675.745	40.233	99332.65
0.473336626712774	8.18387345290124	828.776	57.441	145554.93
0.715190012660177	12.1260502991598	1288.223	118.996	276038.8
1.06646493050903	17.5337859729712	1777.163	153.849	367532.07
1.60227243181405	25.2194198244641	2304.412	259.508	478686.74
2.39281349938899	35.3343317325346	3005.073	352.288	557748.77
3.58797023158324	48.1850614519508	3156.56	512.071	662519.04
5.39617554645765	63.1315294947764	3342.581	668.425	724491.98
8.08243315406416	78.0124775900179	2683.377	839.407	741035.6
12.1410799751197	90.2573277941378	2637.804	995.945	723964.93
18.1870146182047	97.2796621762703	2767.142	1101.202	737289.54
27.2870820191483	99.6754602596318	2697.969	1161.197	757047.47
37.2745118431658	99.976780018576	2804.536	1240.607	779113.77
47.2793519109268	99.998740001008	2838.906	1260.653	800774.18
57.2780618928665	100.0	2955.58	1341.536	822965.86
67.2925820961493	100.0	2963.991	1334.151	844896.52
77.2921320898493	100.0	3029.774	1373.798	867693.35
87.3028122393713	100.0	3121.273	1423.964	889520.42
97.3115323614531	100.0	3158.647	1424.261	911766.03
