0.000910012740178362	0.0163799868960105	3.168	0.966	406.9
0.00206002884040377	0.0370799703360237	5.531	1.181	790.22
0.00277003878054293	0.0498599601120319	6.676	1.206	1175.41
0.00416005824081537	0.0748799400960479	9.21	1.259	1722.9
0.00561007854109957	0.100979919216065	12.717	1.382	2282.98
0.00872012208170914	0.1569598744321	18.058	1.791	3587.98
0.0133501869026166	0.239939808048154	25.967	2.064	5144.37
0.0186402609636535	0.335159731872214	40.586	2.67	7203.67
0.0280603928454998	0.503999596800323	97.623	3.5	10399.17
0.0421505901082615	0.755279395776483	118.457	5.254	15692.1
0.0634408881724344	1.13651909078473	172.091	7.296	22011.96
0.0958913424787947	1.71071863142509	269.888	11.152	30296.67
0.143232005248073	2.54789796168163	283.264	16.619	46938.34
0.211702963841494	3.7474170020664	402.859	23.719	69811.9
0.318284455982384	5.58755552995558	600.817	39.296	102250.74
0.474256639592954	8.20529343576525	940.38	51.689	136353.39
0.711339958759423	12.0628703497037	1262.11	110.924	193831.21
1.06643493008902	17.5600659519472	1811.948	149.676	365225.11
1.59560233843274	25.1760398591681	2169.582	245.541	462105.98
2.40897372563216	35.5220715823427	2850.968	360.894	567410.75
3.58652021128296	48.2010814391348	3237.126	490.622	660213.92
5.3989655855182	63.1610494711604	3340.582	648.517	722068.32
8.09585334194679	78.118677505058	2564.22	828.439	740621.3
12.1260597648367	90.2159278272577	2616.084	965.966	723965.82
18.2064148898085	97.3264621388303	2648.483	1381.357	736787.93
27.2784018976266	99.6725802619358	2686.419	1474.091	756947.15
37.2729618214655	99.975160019872	2735.425	1472.708	779016.73
47.2844119817677	99.998380001296	2775.896	1531.082	801135.22
57.2797719168068	100.0	2867.974	1553.315	823035.15
67.2901020614289	100.0	2916.44	1613.13	845363.26
77.3030722430114	100.0	2936.855	1643.537	867625.79
87.2998221975108	100.0	3011.022	1675.718	889512.65
97.311392359493	100.0	3054.007	1703.866	911671.27
