0.001000014000196	0.0179999856000115	3.822	1.139	418.79
0.00196002744038417	0.0352799717760226	6.795	1.188	868.98
0.00276003864054097	0.0496799602560318	8.5	1.271	1328.21
0.00367005138071933	0.0660599471520423	11.511	1.6	1676.1
0.00570007980111722	0.102599917920066	14.118	1.615	2639.42
0.00906012684177578	0.162899869680104	18.627	1.828	3399.58
0.012760178642501	0.229499816400147	34.996	2.172	4744.31
0.0192402693637711	0.345779723376221	37.037	2.904	7132.13
0.0274603844453822	0.493199605440316	53.368	3.832	10343.5
0.0424705945883242	0.761039391168487	89.661	5.178	16784.91
0.0637608926524971	1.14263908588873	149.313	7.282	22378.59
0.0921712903980656	1.64627868297705	221.085	10.762	30296.67
0.140591968287556	2.5041579966736	319.909	15.836	52526.65
0.210302944241219	3.72023702381038	402.133	23.832	76957.88
0.317134439882158	5.55263555789155	660.737	36.716	107111.32
0.471896606552492	8.16137347090122	850.089	51.063	142723.86
0.713589990259864	12.0862703309837	1291.448	114.407	280008.27
1.05791481080735	17.4387460490032	1613.286	149.483	366680.5
1.60416245827442	25.2503797996962	2321.473	257.006	450133.32
2.39910358745022	35.3814916948066	2984.085	347.004	575588.9
3.58643021002294	48.1060415151668	3278.888	508.323	651788.06
5.38452538335537	63.0242495806003	3367.483	647.974	718933.47
8.09621334698686	78.177177458258	2650.492	818.839	740892.13
12.1243097403364	90.2337478130018	2658.282	973.228	722981.9
18.2068248955485	97.3149421480463	2661.434	1375.996	736804.84
27.2818719462072	99.6729402616478	2751.283	1471.436	756925.34
37.2844619824678	99.979840016128	2821.384	1512.341	779309.4
47.2722918120854	99.999640000288	2853.077	1612.306	801129.18
57.2822819519473	100.0	3587.672	1633.941	822865.8
67.2912920780891	100.0	2954.837	1698.371	845678.03
77.3007722108109	100.0	3040.436	1777.136	867184.06
87.3121423699932	100.0	3118.252	1773.761	889275.5
97.3132523855334	100.0	3108.897	1828.787	911764.58
