0.000860012040168562	0.0154799876160099	3.585	1.372	430.68
0.00203002842039789	0.0365399707680234	5.622	1.569	746.86
0.00293004102057429	0.0523799580960335	8.248	1.937	1155.8
0.00409005726080165	0.0732599413920469	9.644	2.023	1613.66
0.0061800865212113	0.111239911008071	14.722	2.506	2519.43
0.00927012978181694	0.166499866800107	19.614	3.318	3518.8
0.0129901818625461	0.233279813376149	50.145	3.652	4774.82
0.020010280143922	0.35927971257623	55.646	5.005	6720.97
0.0273503829053607	0.491219607024314	67.116	5.686	10655.06
0.0430906032684458	0.770759383392493	85.701	8.213	15382.84
0.0630708829923619	1.12949909640072	121.355	9.875	24482.43
0.0918612860580048	1.63997868801705	168.494	13.256	33117.91
0.139331950647309	2.47661801870558	258.645	18.733	52055.04
0.209822937521125	3.71339702928238	398.418	26.988	69405.25
0.313994395921543	5.49665560267552	590.572	40.364	100553.51
0.477356682993562	8.25461339630928	918.278	59.05	144976.25
0.716800035200493	12.1328902936878	1221.159	115.685	277036.33
1.05935483096763	17.4556660354672	1643.138	153.812	353802.47
1.59207228901205	25.1016999186401	2316.696	250.976	462211.94
2.39523353326947	35.3399117280706	2876.411	357.184	571598.94
3.59687035618499	48.2469814024149	3298.336	510.945	647959.64
5.38433538069533	63.0993095205524	3522.377	674.806	717502.21
8.10493346906857	78.2536773970581	2699.418	848.482	740801.32
12.1366699133788	90.2438278049378	2645.34	984.187	723044.97
18.2088049232689	97.3068421545263	2651.006	1086.932	736652.39
27.2882320352485	99.6774402580478	2729.385	1195.065	756931.63
37.2737918330857	99.976420018864	2805.001	1243.705	779218.71
47.2953521349299	99.99910000072	2860.438	1290.388	801594.15
57.2784518983266	100.0	2904.601	1309.284	823019.38
67.2935921102895	100.0	2938.128	1352.183	845511.15
77.2966421529901	100.0	3059.326	1380.495	867617.45
87.290982073749	100.0	3107.269	1391.082	889445.56
97.3064322900521	100.0	3449.961	1415.536	911620.81
