0.000900012600176402	0.0161999870400104	3.492	1.174	371.21
0.00190002660037241	0.0341999726400219	6.911	1.06	750.81
0.00303004242059389	0.0545399563680349	7.999	1.206	1175.41
0.00410005740080361	0.0737999409600472	11.589	1.264	1539.47
0.0058300816211427	0.104939916048067	15.417	1.462	2364.43
0.00905012670177383	0.162539869968104	19.518	1.706	3311.06
0.0132101849425892	0.237779809776152	26.625	2.048	5079.67
0.0183802573236025	0.330479735616212	35.56	2.664	6879.4
0.027030378425298	0.485639611488311	54.103	3.359	10699.56
0.0423505929083007	0.759959392032486	90.106	5.217	14846.85
0.0637608926524971	1.14137908689673	130.722	7.196	21798.18
0.094311320358485	1.68191865446508	179.756	10.847	36256.74
0.141031974447642	2.51171799062561	296.589	17.938	52526.65
0.210972953621351	3.71825702539438	411.23	23.45	70628.9
0.316604432462054	5.55101555918755	651.151	35.89	98669.3
0.476826675573458	8.23571341142927	911.129	54.772	153714.67
0.711599962399474	12.0700703439437	1276.434	111.259	194947.41
1.06504491062875	17.4979660016272	1750.495	151.138	364620.27
1.59738236335309	25.1641598686721	2237.285	250.362	473336.94
2.39942359193029	35.4335116531907	2900.29	342.018	568401.74
3.5887802429234	48.2318614145109	3206.377	514.325	660224.04
5.41037574526043	63.2987493610005	3285.221	634.658	720223.84
8.09372331212637	78.130017495986	2573.566	816.415	740965.42
12.1195396735554	90.2357278114177	2623.9	965.682	722853.65
18.1977147680068	97.3048621561103	2664.693	1356.994	737014.36
27.285541997588	99.6803202557438	2718.984	1434.23	756997.37
37.270331784645	99.976240019008	2718.731	1470.693	779097.33
47.2892020488287	99.999280000576	2802.591	1535.058	801831.36
57.2950721310098	100.0	2851.593	1574.499	823922.79
67.2921920906893	100.0	2932.16	1604.627	845523.69
77.2924020936293	100.0	2924.268	1636.067	867529.82
87.3108123513729	100.0	3033.146	1671.366	889275.67
97.3125123751733	100.0	3035.225	1717.014	911661.41
