0.00112001568021952	0.0201599838720129	4.033	1.357	391.04
0.00215003010042141	0.0386999690400248	5.93	1.611	868.98
0.00283003962055469	0.0509399592480326	7.202	1.759	1195.02
0.00397005558077813	0.0712799429760456	9.255	1.99	1617.57
0.00607008498118974	0.10925991259207	16.505	2.426	2220.88
0.00926012964181499	0.166499866800107	19.867	3.096	3411.12
0.0124101737424324	0.223199821440143	25.438	3.465	4973.03
0.0191502681037535	0.34415972467222	36.943	4.671	7324.1
0.0279003906054685	0.500759599392321	52.932	5.65	9517.82
0.041280577928091	0.740159407872474	80.451	7.327	15295.46
0.0637208920924893	1.14011908790473	122.007	9.667	20791.17
0.095311334358681	1.70423863660909	183.057	13.473	33969.31
0.141821985507797	2.52431798054562	317.221	19.677	48044.53
0.211542961601462	3.74075700739439	395.936	26.773	73193.61
0.318274455842382	5.57351554118757	702.713	41.038	97179.14
0.472596616352629	8.16983346413323	1004.495	55.806	140062.93
0.708329916618833	12.0369503704397	1209.206	115.848	284866.31
1.06444490222863	17.5193859844912	1664.794	158.72	358247.07
1.60241243377407	25.2150998279201	2529.065	266.14	449081.28
2.39973359627035	35.4002116798307	2805.405	349.522	552989.1
3.60385045390635	48.3521013183189	3332.711	502.487	651948.4
5.38874544243619	63.0431495654803	3376.491	650.997	718364.99
8.09637334922689	78.161697470642	2498.373	841.003	740898.33
12.1331298638181	90.1687678649857	2641.881	984.485	722975.05
18.1959247429464	97.2818221745423	2694.204	1073.374	736257.83
27.3079523113324	99.6580002735998	2724.287	1155.857	756320.84
37.2826719574074	99.979660016272	2825.457	1219.022	779390.39
47.2788319036466	99.998380001296	2858.985	1285.709	801070.74
57.2862620076681	100.0	2957.542	1334.163	822915.3
67.280401925627	100.0	2953.639	1346.654	845066.85
77.2935721100095	100.0	3066.049	1380.009	867669.08
87.3089723256126	100.0	3098.118	1407.267	889277.73
97.3100823411528	100.0	3146.472	1461.993	911614.45
