0.0010500147002058	0.0188999848800121	3.939	1.13	426.72
0.00214002996041945	0.0385199691840247	5.821	1.201	888.66
0.00294004116057625	0.0529199576640339	6.948	1.339	1257.72
0.00402005628078793	0.0723599421120463	9.448	1.423	1410.39
0.00621008694121718	0.111779910576072	29.166	1.906	2376.06
0.00876012264171698	0.157679873856101	18.349	1.991	3714.73
0.0132801859226029	0.238859808912153	28.656	2.35	5132.96
0.0186602612436574	0.335519731584215	39.655	2.923	6917.1
0.0274503843053803	0.493919604864316	63.577	3.649	11882.91
0.0421705903882654	0.755999395200484	85.911	5.386	14043.28
0.061300858212015	1.0979991216007	115.814	7.35	22011.96
0.0943913214785007	1.68497865201708	243.241	11.5	36058.17
0.140371965207513	2.5010979991216	287.725	16.046	48313.81
0.210682949561294	3.72095702323438	492.38	23.11	78742.49
0.315514417201841	5.53643557085154	607.212	38.037	99332.65
0.470506587092219	8.13473349221321	952.225	52.498	136826.23
0.71050994713926	12.0578303537357	1193.954	113.03	192841.88
1.06137485924803	17.4877060098352	1686.32	149.446	369573.77
1.59375231253238	25.1132199094241	2279.573	255.425	467919.73
2.3918434858088	35.3373917300866	3002.474	342.502	574659.99
3.59632034848488	48.2376214099029	3263.56	499.923	658886.74
5.39636554911769	63.0784295372564	3393.942	658.09	719320.47
8.11045354634965	78.2612373910101	2509.871	878.659	740888.55
12.1403899654595	90.2440078047938	2646.375	986.559	723999.11
18.1959347430864	97.2994621604303	2677.142	1397.473	736944.14
27.280721930107	99.6756402594878	2736.793	1460.254	756764.69
37.2792719098067	99.97480002016	2782.589	1517.105	779026.61
47.2770018780263	99.998920000864	2866.758	1629.678	801040.22
57.2999221989108	100.0	2943.017	1626.263	824011.85
67.2794219119068	100.0	2966.86	1674.98	845338.79
77.2974321640503	100.0	3033.582	1723.794	867628.9
87.3026322368513	100.0	3072.711	1753.38	889291.59
97.3002222031108	100.0	3131.092	1800.436	911590.59
