0.000880012320172482	0.0158399873280101	3.341	1.148	395
0.00238003332046649	0.0426599658720273	6.142	1.361	813.86
0.00304004256059585	0.054719956224035	7.655	1.346	1214.62
0.00437006118085653	0.0784799372160502	12.615	1.415	1547.28
0.00627008778122894	0.112859909712072	13.265	1.647	2329.53
0.00907012698177775	0.163079869536104	18.272	2.021	3468.81
0.0128101793425108	0.230399815680147	35.942	2.284	5410.57
0.0183502569035967	0.330299735760211	37.116	2.875	8127.71
0.0287004018056253	0.514799588160329	88.035	3.798	9484.29
0.0410905752680538	0.737279410176472	90.385	5.451	16879.1
0.0620108681521541	1.10897911281671	114.553	7.43	23671.44
0.0948613280585928	1.69073864740908	204.264	10.909	32810.12
0.140751970527587	2.5046979962416	286.736	16.581	49555.63
0.21076295068131	3.72761701790639	450.092	23.635	72550.34
0.318414457802409	5.58107553513957	578.478	37.021	105323.69
0.473426627972792	8.19575344339725	892.204	51.793	144268.13
0.713899994599924	12.1076903138477	1259.639	111.131	275529.85
1.05827481584742	17.4648460281232	1767.873	147.189	353755.44
1.60279243909415	25.2638797888962	2258.971	250.836	465554.65
2.39044346620853	35.3404517276386	2726.792	344.028	562056.29
3.58793023102323	48.2198014241589	3134.502	496.659	660191
5.38935545097631	63.0822095342324	3506.431	659.045	719096.78
8.08864324100537	78.094917524066	2666.115	826.835	740877.43
12.1201796825156	90.2459878032098	2633.707	1001.587	723853.25
18.2099849397892	97.3093621525103	2684.236	1386.921	736653.38
27.3168324356541	99.6569202744638	2751.351	1480.308	756329.39
37.2770218783063	99.975520019584	2804.933	1562.871	778648.97
47.2996021944307	99.999280000576	2897.925	1638.137	801902.91
57.2947921270898	100.0	3538.277	1624.288	823892.12
67.3003622050709	100.0	2991.91	1680.981	845177.07
77.3032922460914	100.0	3981.528	1719.773	867626.11
87.2951321318498	100.0	3074.969	1787.766	889454.64
97.3122223711132	100.0	3160.429	1825.525	911766.48
