0.000840011760164642	0.0151199879040097	3.558	1.203	406.9
0.00214002996041945	0.0385199691840247	13.835	1.495	888.66
0.00321004494062917	0.057779953776037	8.012	1.684	1163.65
0.00378005292074089	0.0680399455680435	8.796	2.01	1535.56
0.00589008246115446	0.106019915184068	12.415	2.241	2364.43
0.0090801271217797	0.163259869392104	18.614	2.945	3399.58
0.0135801901226617	0.244439804448156	27.56	3.623	4873.96
0.0191102675437456	0.34325972539222	43.327	4.304	6845.46
0.0269603774452842	0.48455961235231	57.253	6.144	10298.96
0.0428606000484007	0.769139384688492	80.809	7.567	16621.86
0.0612008568119954	1.0952991237607	142.86	9.406	21798.18
0.0936013104183459	1.67237866209707	184.174	12.983	33528.34
0.140171962407474	2.48903800876959	266.86	19.289	48908.95
0.212212970981594	3.7506569994744	418.466	27.245	74975.51
0.317384443382207	5.55695555443556	629.98	40.35	99030.96
0.472526615372615	8.17235346211723	868.241	54.398	140455.17
0.708239915358815	11.9987904009677	1245.264	116.264	196700.29
1.06267487744828	17.5109259912592	2133.266	150.761	382115.74
1.60739250349505	25.2685597851522	2212.383	253.427	466762.25
2.39812357373003	35.4185716651427	2781.986	345.992	565282.81
3.58457018398258	48.2005414395668	3339.927	528.668	647483.84
5.39465552517735	63.1695094643924	3382.648	627.973	721902.73
8.09679335510697	78.135597491522	2559.245	816.456	740973.36
12.1290698069773	90.2337478130018	2647.098	980.811	723746.35
18.2013248185475	97.2928021657583	2692.274	1068.614	735976.15
27.2800819211469	99.6695202643838	4172.853	1131.939	756692.42
37.3189824657545	99.977140018288	2803.346	1182.1	779044.56
47.2789419051867	99.998920000864	2822.858	1207.77	800710.99
57.3040322564516	100.0	2862.866	1234.142	823969.86
67.3030922432914	100.0	2895.104	1252.518	845994.27
77.2934021076295	100.0	2965.625	1263.272	867723.07
87.290962073469	100.0	3008.7	1301.428	889471.4
97.3088623240725	100.0	3395.036	1482.514	911678.22
