0.000990013860194043	0.0178199857440114	3.527	0.956	434.64
0.00209002926040965	0.0376199699040241	5.531	1.077	715.32
0.00297004158058213	0.0534599572320342	8.769	1.276	1328.21
0.00388005432076049	0.0696599442720446	8.849	1.288	1492.58
0.00594008316116426	0.106739914608068	13.661	1.428	2364.43
0.00940013160184243	0.168839864928108	18.978	1.774	3411.12
0.0121201696823756	0.21815982547214	28.679	2.059	5410.57
0.0189002646037045	0.339659728272217	47.374	2.788	7324.1
0.0287504025056351	0.516779586576331	54.845	3.468	10298.96
0.0416205826881576	0.746819402544478	85.393	5.55	15790.26
0.06204086857216	1.11113911108871	119.104	6.939	23377.19
0.0949013286186007	1.69253864596908	177.525	11.03	33528.34
0.141491980887732	2.51405798875361	303.576	16.936	50370.74
0.211002954041357	3.73229701416239	443.85	23.403	69970.35
0.313194384721386	5.48891560886751	635.362	35.119	96891.2
0.476576672073409	8.24111340710927	872.356	52.244	151216
0.717880050320704	12.1633102693518	1293.352	112.191	285899.93
1.06753494548924	17.5508859592912	3250.239	151.308	344911.9
1.59523233325267	25.1528198777441	2282.676	249.253	463731.96
2.39534353480949	35.3633117093506	2902.48	340.735	568071.89
3.59110027540386	48.2286214171029	3278.476	499.233	658945.36
5.38634540883572	63.0258695793043	3473.569	644.019	719090.18
8.09765336714714	78.15953747237	2591.845	814.018	741024.39
12.1525801361219	90.2735277811778	2633.995	953.446	723513.89
18.193804713266	97.3140421487663	2656.044	1412.54	737274.64
27.280721930107	99.6752802597758	2700.25	1428.768	757176.6
37.2926320968494	99.977320018144	2743.335	1494.097	779471.59
47.2801819225469	99.998560001152	2775.6	1529.164	800756.57
57.2793919114868	100.0	2856.153	1601.877	823061.46
67.2915020810291	100.0	2902.995	1645.109	845591.7
77.2975621658703	100.0	2921.928	1658.929	867617.27
87.3058122813719	100.0	3013.233	1707.44	889270.32
97.3121923706932	100.0	3030.133	1727.108	911766.93
