0.000940013160184243	0.0169199864640108	3.512	1.109	426.72
0.00197002758038613	0.0354599716320227	5.414	1.05	750.81
0.00300004200058801	0.0539999568000346	7.091	1.145	1332.13
0.00391005474076637	0.070379943696045	9.14	1.192	1562.91
0.00619008666121326	0.111419910864071	16.334	1.463	2348.92
0.00882012348172874	0.158219873424101	17.449	1.622	3434.2
0.0134001876026264	0.241019807184154	26.678	2.151	5053.01
0.0191402679637515	0.34397972481622	39.385	2.757	7033.93
0.0272003808053313	0.489239608608313	54.623	3.388	11842.34
0.0411905766680734	0.739259408592473	95.667	4.919	15790.26
0.0643809013326187	1.15145907883274	141.554	7.448	22542.21
0.0926912976781675	1.65473867620906	216.604	10.84	35066.66
0.142321992507895	2.53133797492962	283.908	16.744	48313.81
0.211872966221527	3.7450770039384	409.523	23.576	69414.76
0.314044396621553	5.49611560310752	599.881	35.75	102517.89
0.474096637352923	8.19737344210125	924.486	51.194	150973.8
0.708639920958893	12.0092303926157	1311.972	113.291	271826.21
1.06585492196891	17.5361259710992	1750.154	146.558	361218.01
1.59853237945331	25.1673998660801	2300.02	252.308	467949.89
2.39676355468977	35.3449517240386	2820.665	342.962	554722.07
3.58500019000266	48.2100814319349	3242.013	502.524	648010.52
5.38962545475637	63.0528695577044	3352.916	642.65	718331.1
8.11167356342989	78.2561973950421	2581.275	807.476	740892.79
12.1351398919585	90.2603877916898	2631.15	951.115	723298.52
18.204014856208	97.3333021333583	2667.866	1372.098	736757.74
27.3084523183325	99.6576402738878	2715.767	1392.291	756409.27
37.3201224817147	99.97840001728	2781.267	1469.916	778914.12
47.2851819925479	99.998560001152	2826.707	1538.573	801119.13
57.280561927867	100.0	2821.979	1555.831	822988.45
67.3063922894921	100.0	2863.259	1609.618	846131.33
77.2967721548102	100.0	2977.786	1616.405	867739.61
87.306352288932	100.0	2978.21	1671.576	889383.92
97.3079623114724	100.0	3057.395	1689.873	911622.06
