0.0011000154002156	0.0197999841600127	3.662	0.972	395
0.00192002688037633	0.0345599723520221	5.037	1.06	805.98
0.00281003934055077	0.0505799595360324	6.74	1.188	1163.65
0.00392005488076833	0.0705599435520452	9.054	1.302	1769.68
0.00611008554119758	0.10997991201607	13.095	1.46	2492.32
0.00880012320172482	0.158039873568101	18.856	1.679	3526.49
0.0128901804625265	0.231839814528148	25.14	2.007	4774.82
0.0201602822439514	0.362519709984232	40.222	2.757	7357.96
0.0276803875254254	0.497519601984318	60.005	3.699	11354.92
0.0409105727480185	0.733499413200469	81.216	5.64	15178.92
0.0633208864924109	1.13543909164873	151.678	7.16	22542.21
0.0934513083183165	1.67129866296107	179.828	10.554	34058.84
0.138591940287164	2.46509802792158	294.662	16.104	52812.89
0.211142956001384	3.73013701589039	468.681	22.915	71704.24
0.317234441282178	5.56415554867556	590.592	35.847	105867.51
0.473106623492729	8.19557344354125	909.13	51.827	148637.72
0.708639920958893	11.9948304041357	1253.95	111.044	188032.58
1.06650493106903	17.5417059666352	1760.287	144.477	369372.23
1.59301230217223	25.1205999035201	2285.186	254.271	489009.93
2.39468352556936	35.3177717457826	2959.959	338.894	561129.92
3.6076305068271	48.427881257695	3313.132	504.912	649996.65
5.40800571207997	63.2443894044885	3366.166	641.15	719460.93
8.09550333704672	78.090957527234	2570.852	826.397	740357.62
12.1338998745982	90.2450878039298	2629.963	956.414	723278.44
18.1883846373849	97.2818221745423	2649.023	1337.823	737088.52
27.311382359353	99.6589002728798	2702.945	1448.031	756287.95
37.2890920472887	99.97930001656	2801.645	1510.054	779486.01
47.2945521237297	99.999460000432	2766.353	1532.323	801927.63
57.3039722556116	100.0	2866.863	1556.422	823890.89
67.3047222661117	100.0	2918.798	1626.158	846018.1
77.2898720582088	100.0	2927.901	1634.771	867642.64
87.2921720904093	100.0	2979.927	1700.38	889529.3
97.3108823523529	100.0	3032.395	1664.386	911621.73
