0.000960013440188163	0.0172799861760111	3.492	0.929	395
0.00223003122043709	0.0401399678880257	5.813	1.036	778.4
0.00281003934055077	0.0505799595360324	8.436	1.104	1214.62
0.00428005992083889	0.0768599385120492	10.196	1.417	1539.47
0.00622008708121914	0.111959910432072	12.801	1.405	2364.43
0.00895012530175422	0.161099871120103	58.163	1.687	3311.06
0.0126301768224755	0.227339818128145	27.217	1.935	4984.46
0.0189202648837084	0.340019727984218	54.031	2.745	7436.94
0.0288704041856586	0.517859585712331	75.651	3.602	10336.08
0.041520581288138	0.744839404128477	97.797	5.04	14967.2
0.0626708773922835	1.12265910187272	119.43	6.975	22801.66
0.0923712931981048	1.64915868067306	179.774	10.744	31987.24
0.139731956247387	2.48777800977759	340.614	15.855	46624.83
0.209442932201051	3.70529703576237	421.652	23.669	67478.25
0.31617442644197	5.54363556509155	596.163	35.604	105323.69
0.472026608372517	8.16785346571723	837.462	50.595	141543.24
0.712729978219695	12.0828503337197	1294.534	111.573	274051.44
1.061244857428	17.4850060119952	1726.644	144.721	360472.84
1.60042240591368	25.2417398066082	2362.534	246.192	458897.43
2.40553367747148	35.4731116215107	2881.865	344.494	557079.26
3.59783036962517	48.2792013766389	3268.672	491.008	656198.28
5.39563553889754	63.1507894793684	3629.011	654.962	720533.93
8.08496318948465	78.0304775756179	2543.635	811.357	741030.67
12.1298598180375	90.2146678282657	2609.716	969.74	724023.42
18.1841745784441	97.2940621647503	2626.765	1398.992	737041.04
27.2932921060895	99.6619602704318	2691.946	1428.597	756608.55
37.2771618802663	99.97570001944	2724.061	1482.005	778729.12
47.2911120755691	99.999640000288	2786.469	1536.305	801853.34
57.280621928707	100.0	2851.728	1605.949	822704.97
67.2920720890093	100.0	2871.772	1640.416	845338.37
77.2848419877878	100.0	2955.814	1606.058	867415.45
87.3089623254725	100.0	3018.657	1673.123	889495.71
97.3123523729332	100.0	3073.743	1703.267	911735.08
