0.000920012880180323	0.0165599867520106	3.731	1.309	406.9
0.00191002674037437	0.034379972496022	5.285	1.514	735.04
0.00301004214058997	0.0541799566560347	7.202	1.799	1234.21
0.00388005432076049	0.0698399441280447	11.435	1.945	1457.4
0.00561007854109957	0.100799919360065	30.82	2.459	2492.32
0.00892012488174834	0.160559871552103	17.946	2.755	3414.96
0.0127401783624971	0.228959816832147	25.81	4.38	4893.01
0.0199102787439024	0.357839713728229	39.72	4.583	7132.13
0.027520385285394	0.493739605008316	53.797	6.315	9517.82
0.0425505957083399	0.763379389296489	113.724	7.404	16062.77
0.0635908902724638	1.13903908876873	165.707	9.754	22542.21
0.0921112895580538	1.64519868384105	181.737	13.199	32153.35
0.140771970807591	2.5063179949456	292.514	19.943	49452.89
0.211712963981496	3.73661701070639	804.728	26.789	70628.9
0.319194468722562	5.58953552837158	596.257	41.334	102689.97
0.475006650093101	8.22023342381326	930.114	56.405	145206.21
0.710619948679281	12.0279503776397	1251.968	117.276	272852.23
1.06420489886858	17.5516059587152	1692.26	154.063	359123.8
1.59813237385323	25.1488598809121	2495.373	259.532	460486.92
2.40911372759219	35.5073115941507	2878.322	385.093	564089.9
3.58697021758305	48.1863214509428	3245.827	571.847	648318.92
5.39598554379761	63.1722094622324	3421.858	669.509	721863.39
8.09318330456626	78.081777534578	2663.461	840.075	740341.74
12.1239197348763	90.2157478274017	2615.405	978.831	723044.94
18.1898846583852	97.3014421588463	2703.738	1098.244	737119.15
27.285892002488	99.6814002548798	2795.548	1185.824	757076.1
37.2825319554474	99.977140018288	2804.052	1262.297	778865.58
47.2686917616847	99.998380001296	2842.156	1301.783	801105.96
57.306042284592	100.0	2956.514	1329.105	824190.76
67.3024122337713	100.0	3011.258	1335.397	845806.93
77.3007522105309	100.0	3027.187	1381.784	867593.62
87.3072423013922	100.0	3126.468	1398.04	889277.74
97.2992121889706	100.0	3164.79	1501.661	911588.9
