0.000980013720192083	0.0176399858880113	4.436	1.237	426.72
0.00204002856039985	0.0367199706240235	5.542	1.195	750.81
0.00278003892054489	0.050039959968032	6.925	1.328	1120.5
0.00346004844067817	0.0622799501760399	8.277	1.358	1523.84
0.00586008204114858	0.105479915616068	12.321	1.595	2290.74
0.0091801285217993	0.164879868096106	20.118	2.061	3929.58
0.0128901804625265	0.231659814672148	25.953	2.161	4503.81
0.0189102647437064	0.340199727840218	36.186	2.784	6720.97
0.0282403953655351	0.506879594496324	55.837	3.996	10258.13
0.0417405843681812	0.74933940052848	120.09	5.663	16629.11
0.0630808831323638	1.12841909726472	117.5	7.252	24860.46
0.0933913074783047	1.66607866713707	194.594	10.737	31276.47
0.140461966467531	2.4978580017136	269.798	16.729	48074.46
0.209072927020978	3.69737704209837	458.022	22.919	64292.78
0.318104453462348	5.57153554277157	604.04	36.44	103710.53
0.475376655273174	8.22383342093326	904.39	52.457	150916.94
0.705689879658315	11.9719704224237	1280.508	110.544	285620.82
1.07124499742996	17.6543858764913	1700.852	152.818	380333.57
1.59242229391211	25.1385998891201	2237.226	256.743	473159.02
2.38490338864744	35.1768318585345	2847.505	340.466	556075.25
3.59728036192507	48.2520213983829	3354.165	520.751	646061.03
5.39825557557806	63.0942695245844	3275.756	660.167	719305.2
8.08479318710462	78.0351575718739	2588.051	827.932	741073.41
12.1403199644795	90.2809077752738	2640.095	974.359	724007.73
18.2101549421692	97.3091821526543	2679.255	1454.754	736653.45
27.2873920234883	99.6758202593438	2734.203	1438.43	757051.93
37.2770218783063	99.977500018	2787.989	1562.888	779122.83
47.270211782965	99.998020001584	2847.776	1593.077	800863.59
57.2780918932865	100.0	2915.74	1647.238	823078.91
67.3028622400714	100.0	2963.984	1708.276	845991.46
77.2920320884492	100.0	3017.066	1744.477	867643.04
87.2969321570502	100.0	3121.637	1740.829	889559.13
97.3145224033136	100.0	3200.433	1787.107	911759.37
