0.00100999919200065	0.00125999899200081	1.664	0.82	442.57
0.00200999839200129	0.00215999827200138	1.719	0.829	750.81
0.00300999759200193	0.00323999740800207	1.621	0.853	1151.88
0.00399999680000256	0.00431999654400277	1.733	0.85	1559
0.00600999519200385	0.00629999496000403	1.957	0.884	2286.86
0.00900999279200577	0.00917999265600588	2.113	1.002	3299.51
0.0130099895920083	0.0131399894880084	2.51	0.963	5387.77
0.0190099847920122	0.0192599845920123	2.767	1.028	7241.31
0.0279999776000179	0.028079977536018	3.375	1.184	10836.64
0.0420099663920269	0.042119966304027	3.918	1.357	14799.43
0.0630099495920403	0.0631799494560404	5.127	1.535	21951.41
0.0940099247920602	0.0943199245440604	6.581	1.977	32872.28
0.14099988720009	0.14111988710409	9.598	2.585	48287.2
0.211009831192135	0.211139831088135	13.111	3.549	68976.83
0.316009747192202	0.316079747136202	18.899	4.733	93104.8
0.473989620808303	0.474119620704303	36.064	6.672	140145.8
0.711009431192455	0.711179431056455	59.983	10.185	195358.64
1.06599914720068	1.06613914708868	60	14.308	361476.76
1.59900872079302	1.59911872070502	90.02	21.979	473938.56
2.39800808159353	2.39813808148954	123.55	31.458	574636.28
3.5969971224023	3.5972971221623	189.225	48.76	658943.57
5.39500568399545	5.39513568389145	293.988	73.365	718271.02
8.09200352639718	8.09207352634118	506.215	110.014	741095.05
12.1380002895998	12.1381102895118	675.593	166.193	724175.82
18.2069954344037	18.2071654342677	1022.065	247.732	737695.73
27.3099881520095	27.3101181519055	1534.053	372.714	757805.8
37.3099701520239	37.3100101519919	2051.128	502.991	779827.87
47.3099621520303	47.3100821519343	2640.306	651.462	801978.83
57.3099641520287	57.3101541518767	3029.584	770.978	824006.14
67.3099561520351	67.3100461519631	3715.96	906.677	845566.81
77.3099481520415	77.3101181519055	4192.033	1041.593	867389.65
87.3099401520479	87.3101901518479	4648	1167.416	890362.23
97.3099321520543	97.3100821519343	5087.773	3051.663	911899.51
