0.00100999919200065	0.00107999913600069	1.578	0.979	363.27
0.00200999839200129	0.00215999827200138	1.618	0.996	833.55
0.00299999760000192	0.00305999755200196	1.828	1.008	1159.72
0.00400999679200257	0.00431999654400277	2.011	1.141	1457.4
0.00599999520000384	0.00611999510400392	2.073	1.138	2302.38
0.00900999279200577	0.00917999265600588	20.134	1.128	3488.04
0.0130099895920083	0.0131399894880084	2.538	1.341	5247.1
0.0190099847920122	0.0192599845920123	2.932	1.258	6592.62
0.0280099775920179	0.028079977536018	3.535	1.33	9920.02
0.0419999664000269	0.042119966304027	4.341	1.616	15502.96
0.0630099495920403	0.0631799494560404	5.597	1.845	25195.75
0.0939999248000602	0.0941399246880602	7.681	2.356	36013.66
0.14100988719209	0.14129988696009	9.85	2.817	52592.46
0.211009831192135	0.211139831088135	15.065	4.008	79728.61
0.316009747192202	0.316259746992202	21.283	5.412	100733.22
0.474009620792303	0.474299620560304	31.265	7.383	137485.92
0.710999431200455	0.710999431200455	43.407	11.082	196146.82
1.06600914719268	1.06613914708868	64.398	16.132	367602.68
1.59900872079302	1.59911872070502	116.833	23.647	457091.38
2.39800808159353	2.39813808148954	142.793	35.42	567524.97
3.5969971224023	3.5971171223063	203.765	53.269	649277.05
5.39500568399545	5.39513568389145	292.628	80.404	722968.31
8.09200352639718	8.09225352619718	438.547	116.863	741070.91
12.1380002895998	12.1381102895118	737.059	181.875	724032.87
18.2069954344037	18.2071654342677	1024.955	274.947	736269.66
27.3099881520095	27.3101181519055	1586.497	404.33	757662.59
37.3099801520159	37.3101901518479	2029.062	551.488	779382.38
47.3099721520223	47.3100821519343	2617.707	687.609	801800.72
57.3099641520287	57.3101541518767	3111.745	832.42	823942.77
67.3099561520351	67.3100461519631	3651.151	987.062	846552.43
77.3099481520415	77.3101181519055	4278.312	1128.669	868156.09
87.3099401520479	87.3101901518479	4815.472	1272.471	889740.28
97.3099221520623	97.3100821519343	5264.695	3116.546	911760.97
