0.00100999919200065	0.00125999899200081	1.4	0.824	398.97
0.00200999839200129	0.00215999827200138	1.716	0.812	849.3
0.00299999760000192	0.00323999740800207	4.165	0.86	1026.27
0.00400999679200257	0.00413999668800265	1.718	0.869	1484.77
0.00600999519200385	0.00629999496000403	14.331	0.908	2379.94
0.00900999279200577	0.00917999265600588	1.956	0.961	3591.82
0.0129999896000083	0.0131399894880084	2.888	1.26	4969.22
0.0190099847920122	0.0192599845920123	2.721	1.15	7324.1
0.0280099775920179	0.028079977536018	3.306	1.186	11151.56
0.0420099663920269	0.042119966304027	4.717	1.556	14525.71
0.0630099495920403	0.0631799494560404	5.254	1.67	23405.56
0.0940099247920602	0.0941399246880602	7.749	2.091	31636.94
0.14100988719209	0.14111988710409	9.792	2.494	51639.68
0.211009831192135	0.211139831088135	13.346	3.273	69468.66
0.316009747192202	0.316079747136202	23.493	5.216	95733.75
0.474009620792303	0.474119620704303	27.364	6.743	132025.18
0.710999431200455	0.711179431056455	40.249	9.899	276025.23
1.06600914719268	1.06613914708868	78.399	14.664	376029.42
1.59899872080102	1.59911872070502	92.417	23.14	457878.77
2.39800808159353	2.39813808148954	128.263	32.092	559926.64
3.5970071223943	3.5972971221623	201.43	48.262	645982.33
5.39500568399545	5.39513568389145	329.802	73.93	722343.82
8.09199352640518	8.09225352619718	459.285	110.091	740804.41
12.1380002895998	12.1382902893678	675.258	167.294	722853.92
18.2069954344037	18.2071654342677	1002.274	249.068	737002.58
27.3099881520095	27.3101181519055	1491.179	376.17	757919.19
37.3099801520159	37.3101901518479	2004.599	503.339	779027.76
47.3099721520223	47.3102621517903	2635.909	637.215	801815.07
57.3099641520287	57.3101541518767	3119.154	768.145	824392.25
67.3099561520351	67.3102261518191	4089.271	905.027	846336.44
77.3099481520415	77.3101181519055	4115.409	1066.816	867839.4
87.3099401520479	87.3101901518479	4642.981	1169.536	890128.16
97.3099321520543	97.3100821519343	5088.524	3010.507	911714.61
