0.00100999919200065	0.00107999913600069	1.636	1.067	402.94
0.00200999839200129	0.0023399981280015	1.759	1.166	774.46
0.00299999760000192	0.00323999740800207	1.784	1.115	1253.8
0.00400999679200257	0.00431999654400277	2.001	1.122	1640.98
0.00599999520000384	0.00629999496000403	4.598	1.354	2364.43
0.00900999279200577	0.00917999265600588	2.385	1.239	3037.45
0.0130099895920083	0.0133199893440085	2.789	1.297	5132.96
0.0189999848000122	0.0190799847360122	3.138	1.414	6788.88
0.0280099775920179	0.028079977536018	13.213	1.661	10343.5
0.0420099663920269	0.042119966304027	4.588	2.007	15528.43
0.0629999496000403	0.0631799494560404	6.03	2.468	23182.07
0.0940099247920602	0.0941399246880602	8.082	3.041	29422.87
0.14100988719209	0.14111988710409	19.273	3.972	49074.85
0.210999831200135	0.211139831088135	15.522	5.404	72547.19
0.316009747192202	0.316259746992202	20.662	6.989	105243.99
0.474009620792303	0.474119620704303	32.288	10.369	150467.27
0.711009431192455	0.711179431056455	43.853	13.281	284494.79
1.06600914719268	1.06613914708868	66.405	17.812	367791.55
1.59899872080102	1.59929872056102	98.585	27.272	471726.84
2.39800808159353	2.39813808148954	137.387	38.161	561690.68
3.5970071223943	3.5972971221623	251.546	53.874	650333.51
5.39500568399545	5.39531568374745	338.151	83.97	716209.22
8.09200352639718	8.09225352619718	476.782	124.942	741081.95
12.1380002895998	12.1381102895118	712.124	183.979	723733
18.2069954344037	18.2071654342677	1007.682	272.591	737283.12
27.3099881520095	27.3101181519055	1537.194	404.795	757588.1
37.3099801520159	37.3100101519919	2053.549	557.725	779698.72
47.3099721520223	47.3100821519343	2768.766	699.768	801204.83
57.3099641520287	57.3101541518767	3113.106	841.118	823320.17
67.3099561520351	67.3100461519631	3807.833	1061.98	845382.8
77.3099481520415	77.3101181519055	4331.155	1139.513	868913.38
87.3099401520479	87.3100101519919	4797.494	1301.291	889715.82
97.3099321520543	97.3100821519343	5443.237	1410.109	911834.38
