0.00100999919200065	0.00125999899200081	1.652	0.886	458.41
0.00200999839200129	0.00215999827200138	1.662	0.922	813.86
0.00300999759200193	0.00305999755200196	1.745	0.954	1171.49
0.00400999679200257	0.00413999668800265	1.872	0.947	1570.72
0.00599999520000384	0.00629999496000403	2.293	1.127	2484.57
0.00900999279200577	0.00917999265600588	2.187	1.064	3641.77
0.0129999896000083	0.0133199893440085	2.759	1.268	4732.86
0.0190099847920122	0.0190799847360122	2.88	1.255	7801.36
0.0279999776000179	0.0282599773920181	3.712	1.576	10951.43
0.0419999664000269	0.042119966304027	4.416	1.735	15375.56
0.0630099495920403	0.0631799494560404	5.972	2.571	20505.02
0.0940099247920602	0.0943199245440604	8.109	2.753	30814.92
0.14100988719209	0.14111988710409	10.229	3.47	48081.1
0.211009831192135	0.211139831088135	15.349	4.634	71540.06
0.316009747192202	0.316079747136202	21.578	6.346	99419.22
0.473999620800303	0.474299620560304	31.781	8.935	127053.17
0.711009431192455	0.711179431056455	40.822	11.976	273011.76
1.06600914719268	1.06613914708868	61.575	16.825	357596.62
1.59900872079302	1.59911872070502	92.497	25.204	471839.92
2.39799808160153	2.39831808134553	125.967	34.091	552484.27
3.5970071223943	3.5972971221623	202.335	50.773	661595.28
5.39499568400345	5.39513568389145	286.631	76.525	722865.94
8.09200352639718	8.09225352619718	456.19	112.779	740767.95
12.1380002895998	12.1382902893678	616.162	170.169	722687.7
18.2069954344037	18.2071654342677	1018.395	254.782	736846.67
27.3099881520095	27.3101181519055	1503.133	387.327	757603.88
37.3099801520159	37.3101901518479	2061.4	525.385	779971.49
47.3099721520223	47.3100821519343	2593.448	646.925	802209.94
57.3099641520287	57.3101541518767	3001.01	776.247	823869.62
67.3099561520351	67.3102261518191	3598.318	914.062	846473.42
77.3099481520415	77.3101181519055	4319.115	1050.386	868515.18
87.3099401520479	87.3100101519919	4639.657	1190.235	889770.61
97.3099321520543	97.3100821519343	5315.953	1343.514	911719.62
