0.00100999919200065	0.00107999913600069	1.494	0.902	395
0.00200999839200129	0.00215999827200138	2.06	1.027	809.92
0.00300999759200193	0.00323999740800207	1.802	0.957	1026.27
0.00400999679200257	0.00413999668800265	1.854	1.068	1648.79
0.00600999519200385	0.00611999510400392	6.593	1.026	2341.16
0.00899999280000576	0.00917999265600588	2.333	1.083	3580.3
0.0130099895920083	0.0131399894880084	2.708	1.154	4732.86
0.0190099847920122	0.0190799847360122	2.9	1.272	7748.81
0.0280099775920179	0.028079977536018	3.631	1.68	9998.09
0.0420099663920269	0.042119966304027	4.24	1.74	15517.52
0.0630099495920403	0.0631799494560404	5.598	2.081	24750.99
0.0940099247920602	0.0941399246880602	7.754	2.714	33979.64
0.14100988719209	0.14129988696009	21.184	3.609	47344.91
0.211009831192135	0.211139831088135	14.346	4.885	69303.74
0.316009747192202	0.316259746992202	21.061	6.306	103307.69
0.474009620792303	0.474119620704303	37.12	8.608	152042.07
0.711009431192455	0.711179431056455	41.617	14.348	278232.92
1.06600914719268	1.06613914708868	84.271	16.737	345542.3
1.59900872079302	1.59911872070502	92.162	24.511	463548.95
2.39800808159353	2.39813808148954	150.67	34.342	585055.29
3.5970071223943	3.5972971221623	210.058	50.938	648711.94
5.39499568400345	5.39531568374745	319.028	75.858	718092.82
8.09200352639718	8.09225352619718	443.878	109.415	741073.67
12.1380002895998	12.1382902893678	659.532	171.513	722701.27
18.2069954344037	18.2071654342677	952.113	252.073	737503.24
27.3099881520095	27.3101181519055	1468.491	378.618	757572.86
37.3099801520159	37.3101901518479	2019.704	512.417	779868.87
47.3099721520223	47.3102621517903	2578.076	646.843	801856.54
57.3099641520287	57.3101541518767	3174.697	778.605	823699.75
67.3099561520351	67.3102261518191	3663.928	921.337	846552.51
77.3099481520415	77.3101181519055	4135.822	1034.967	868128.39
87.3099401520479	87.3101901518479	4644.032	1170.517	889635.6
97.3099321520543	97.3100821519343	7297.613	1322.352	911922.05
