0.00100999919200065	0.00107999913600069	1.455	0.807	351.37
0.00200999839200129	0.00215999827200138	1.408	0.817	833.55
0.00300999759200193	0.00305999755200196	1.511	0.894	1096.95
0.00400999679200257	0.00413999668800265	1.744	0.883	1390.83
0.00600999519200385	0.00611999510400392	2.034	0.923	2197.59
0.00900999279200577	0.00917999265600588	2.158	0.995	3641.77
0.0130099895920083	0.0131399894880084	2.46	1	4919.69
0.0190099847920122	0.0192599845920123	2.658	1.038	7515.89
0.0280099775920179	0.0282599773920181	3.21	1.17	9204.74
0.0420099663920269	0.0422999661600271	4.27	1.376	15269.97
0.0630099495920403	0.0631799494560404	5.059	1.535	21426.89
0.0940099247920602	0.0943199245440604	7.211	2.004	29422.87
0.14100988719209	0.14111988710409	9.253	2.475	51487.96
0.211009831192135	0.211139831088135	13.341	3.386	64914.49
0.316009747192202	0.316259746992202	18.985	4.547	93104.8
0.474009620792303	0.474119620704303	27.804	6.596	146711.87
0.711009431192455	0.711179431056455	43.336	10.042	188166.46
1.06600914719268	1.06613914708868	60.465	14.102	364926.28
1.59900872079302	1.59911872070502	100.14	22.24	480550.93
2.39800808159353	2.39813808148954	139.12	33.155	561122.78
3.5970071223943	3.5971171223063	194.14	47.321	658437.47
5.39500568399545	5.39513568389145	317.834	75.686	716076
8.09200352639718	8.09225352619718	487.082	109.958	741087.24
12.1380002895998	12.1381102895118	666.051	165.584	723773.12
18.2069954344037	18.2071654342677	985.56	248.677	736035.06
27.3099881520095	27.3102981517615	1425.683	372.085	756820.94
37.3099801520159	37.3100101519919	2061.703	510.814	779696.85
47.3099721520223	47.3100821519343	2635.905	641.993	802171.8
57.3099641520287	57.3101541518767	3181.774	787.122	824513.84
67.3099561520351	67.3100461519631	3573.589	902.002	846552.38
77.3099481520415	77.3101181519055	4149.074	1038.541	868751.3
87.3099301520559	87.3100101519919	4636.116	1167.666	889700.59
97.3099321520543	97.3100821519343	5089.291	3020.331	911719.65
