0.00100999919200065	0.00107999913600069	1.585	0.897	363.27
0.00200999839200129	0.00215999827200138	1.658	0.983	849.3
0.00300999759200193	0.00305999755200196	2.307	0.959	1210.7
0.00399999680000256	0.00413999668800265	1.826	0.988	1570.72
0.00600999519200385	0.00611999510400392	2.116	1.034	2108.25
0.00900999279200577	0.00917999265600588	22.043	1.125	3037.45
0.0130099895920083	0.0131399894880084	2.583	1.184	5121.54
0.0190099847920122	0.0190799847360122	2.951	1.28	6856.77
0.0280099775920179	0.028079977536018	3.616	1.539	9819.59
0.0420099663920269	0.042119966304027	4.352	1.693	13896.93
0.0630099495920403	0.0631799494560404	5.893	2.12	23061.37
0.0940099247920602	0.0941399246880602	8.858	2.912	35595.58
0.14099988720009	0.14129988696009	11.014	3.482	48287.2
0.210999831200135	0.211139831088135	15.215	4.799	75815.93
0.316009747192202	0.316259746992202	528.493	7.641	97986.15
0.474009620792303	0.474119620704303	31.96	8.88	144429.86
0.711009431192455	0.711179431056455	43.97	12.034	195313.78
1.06600914719268	1.06613914708868	74.107	16.656	361890
1.59900872079302	1.59911872070502	96.001	24.909	480289.44
2.39799808160153	2.39813808148954	133.995	35.407	550712.88
3.5969971224023	3.5972971221623	219.224	51.935	661127.99
5.39500568399545	5.39513568389145	322.037	78.178	718989.15
8.09200352639718	8.09225352619718	513.147	110.444	741069.26
12.1380002895998	12.1381102895118	659.583	171.593	723756.73
18.2069954344037	18.2071654342677	994.733	253.755	736439.37
27.3099881520095	27.3101181519055	1474.522	373.172	756460.36
37.3099801520159	37.3100101519919	2227.772	513.628	779385.82
47.3099721520223	47.3102621517903	2592.403	653.927	801734.63
57.3099641520287	57.3101541518767	3123.697	778.022	823427.7
67.3099561520351	67.3100461519631	3507.414	909.832	846019.93
77.3099481520415	77.3101181519055	4231.206	1048.269	867315.65
87.3099401520479	87.3101901518479	4609.482	1196.333	889579.23
97.3099321520543	97.3100821519343	5141.696	1310.636	911891.54
