0.00099999920000064	0.00125999899200081	1.325	0.775	402.94
0.00200999839200129	0.00215999827200138	2.53	0.817	809.92
0.00300999759200193	0.00305999755200196	1.836	0.856	1116.57
0.00400999679200257	0.00431999654400277	1.589	0.905	1559
0.00600999519200385	0.00629999496000403	1.877	0.886	2465.2
0.00900999279200577	0.00917999265600588	2.07	0.911	3461.12
0.0130099895920083	0.0131399894880084	2.328	0.952	5220.47
0.0190099847920122	0.0190799847360122	2.642	1.013	7684.97
0.0280099775920179	0.0282599773920181	3.166	1.165	11369.71
0.0420099663920269	0.042119966304027	3.799	1.35	14799.43
0.0630099495920403	0.0631799494560404	5.546	1.544	20505.02
0.0940099247920602	0.0943199245440604	6.775	2.01	35327.49
0.14100988719209	0.14129988696009	9.803	2.604	48752.27
0.211009831192135	0.211139831088135	13.234	3.318	74263.26
0.316009747192202	0.316259746992202	19.334	4.654	104672.91
0.474009620792303	0.474119620704303	27.323	6.817	159560.09
0.710999431200455	0.711179431056455	40.285	9.814	287128.41
1.06600914719268	1.06613914708868	59.882	15.055	347179.7
1.59900872079302	1.59911872070502	92.533	21.689	466060.74
2.39800808159353	2.39813808148954	129.447	33.355	579076.34
3.5970071223943	3.5972971221623	243.717	49.809	655304.98
5.39499568400345	5.39513568389145	364.748	76.378	722805.24
8.09200352639718	8.09225352619718	418.307	107.954	741098.39
12.1379902896078	12.1381102895118	692.197	168.564	724113.57
18.2069954344037	18.2071654342677	951.185	247.237	737341.93
27.3099881520095	27.3101181519055	1521.157	371.963	757684.55
37.3099801520159	37.3101901518479	1997.673	505.223	779696.99
47.3099721520223	47.3100821519343	2685.114	636.332	801092.59
57.3099641520287	57.3101541518767	3066.564	774.318	823973.13
67.3099561520351	67.3102261518191	3659.444	907.1	846148.19
77.3099481520415	77.3101181519055	4112.511	1034.221	868500.8
87.3099401520479	87.3101901518479	4573.906	1173.016	889515.07
97.3099321520543	97.3100821519343	4969.306	3035.06	911891.54
