0.00100999919200065	0.00125999899200081	1.711	0.836	414.83
0.00200999839200129	0.00215999827200138	2.238	0.85	719.26
0.00300999759200193	0.00305999755200196	1.669	0.933	1343.87
0.00399999680000256	0.00413999668800265	1.716	1.001	1668.3
0.00600999519200385	0.00611999510400392	1.92	0.884	2290.74
0.00900999279200577	0.00917999265600588	2.076	0.941	3299.51
0.0129999896000083	0.0131399894880084	2.424	0.998	4354.76
0.0190099847920122	0.0192599845920123	2.681	1.07	6433.96
0.0280099775920179	0.0282599773920181	3.213	1.16	10558.67
0.0420099663920269	0.042119966304027	4.16	1.363	16193.47
0.0630099495920403	0.0631799494560404	5.364	1.618	22854.97
0.0940099247920602	0.0943199245440604	7.412	1.996	33376.63
0.14100988719209	0.14129988696009	9.898	2.469	48287.2
0.211009831192135	0.211139831088135	13.296	3.364	67315.79
0.316009747192202	0.316259746992202	22.459	4.93	107525.9
0.474009620792303	0.474299620560304	28.664	6.715	140562.84
0.710999431200455	0.710999431200455	43.114	9.974	188584.46
1.06600914719268	1.06613914708868	69.171	14.787	354721.16
1.59900872079302	1.59911872070502	94.75	22.731	459575.59
2.39799808160153	2.39813808148954	154.869	33.831	559382.66
3.5970071223943	3.5971171223063	190.304	47.627	657870.73
5.39500568399545	5.39531568374745	286.424	72.778	716521.69
8.09200352639718	8.09225352619718	426.6	107.118	741088.54
12.1380002895998	12.1382902893678	689.592	168.012	723452.03
18.2069954344037	18.2071654342677	1013.645	249.803	737508.73
27.3099881520095	27.3101181519055	1485.18	371.058	757611.29
37.3099801520159	37.3100101519919	2050.268	494.661	779988.37
47.3099721520223	47.3100821519343	2649.685	637.45	802229.2
57.3099541520367	57.3099741520207	3071.65	767.989	823207.25
67.3099561520351	67.3100461519631	3645.269	906.346	845164.91
77.3099481520415	77.3101181519055	4304.868	1043.447	867386.82
87.3099401520479	87.3101901518479	4751.829	1179.456	889699.78
97.3099321520543	97.3100821519343	5089.482	3019.597	911860.2
