0.00100999919200065	0.00125999899200081	1.65	1.069	398.97
0.00200999839200129	0.0023399981280015	1.761	1.127	750.81
0.00300999759200193	0.00323999740800207	1.95	1.094	1242.05
0.00400999679200257	0.00413999668800265	2.832	1.116	1559
0.00600999519200385	0.00629999496000403	2.12	1.297	2364.43
0.00900999279200577	0.00917999265600588	2.358	1.238	3488.04
0.0130099895920083	0.0131399894880084	2.838	1.457	4919.69
0.0190099847920122	0.0192599845920123	2.975	1.392	6856.77
0.0279999776000179	0.028079977536018	3.71	1.622	10951.43
0.0419999664000269	0.0422999661600271	4.693	1.956	16487.73
0.0630099495920403	0.0631799494560404	6.006	2.354	24588.45
0.0940099247920602	0.0941399246880602	8.825	3.036	30418.36
0.14099988720009	0.14111988710409	12.587	4.027	44452.47
0.211009831192135	0.211139831088135	14.654	5.098	66149.79
0.316009747192202	0.316079747136202	22.001	7.774	96430.95
0.474009620792303	0.474119620704303	32.483	9.455	146750.07
0.711009431192455	0.711179431056455	47.165	13.394	185328.57
1.06600914719268	1.06613914708868	65.824	18.551	378886.76
1.59900872079302	1.59911872070502	120.963	26.347	472739.6
2.39800808159353	2.39813808148954	146.466	37.698	555786.93
3.5970071223943	3.5972971221623	196.649	53.922	655039.72
5.39500568399545	5.39513568389145	387.091	83.764	720465.7
8.09200352639718	8.09225352619718	482.255	122.694	740594.99
12.1380002895998	12.1381102895118	664.084	182.225	724184.02
18.2069954344037	18.2071654342677	1082.023	274.243	736067.58
27.3099881520095	27.3101181519055	1468.877	407.536	757548.03
37.3099801520159	37.3101901518479	2069.646	546.936	779988.82
47.3099721520223	47.3100821519343	2631.206	700.604	801951.8
57.3099641520287	57.3101541518767	3138.371	835.941	824279.44
67.3099561520351	67.3102261518191	3755.521	989.828	845142.43
77.3099481520415	77.3101181519055	4271.631	1138.933	867823.28
87.3099401520479	87.3101901518479	4674.286	1289.398	890199.35
97.3099321520543	97.3100821519343	5318.183	1428.418	911850.19
