0.00100999919200065	0.00107999913600069	1.424	0.786	430.68
0.00200999839200129	0.00215999827200138	1.552	0.811	786.28
0.00300999759200193	0.00323999740800207	1.538	0.818	1206.78
0.00400999679200257	0.00413999668800265	1.64	0.851	1789.17
0.00600999519200385	0.00611999510400392	2.079	0.854	2213.12
0.00900999279200577	0.00917999265600588	2.083	0.912	3461.12
0.0130099895920083	0.0131399894880084	2.238	0.967	5220.47
0.0190099847920122	0.0192599845920123	2.633	1.079	7560.99
0.0280099775920179	0.0282599773920181	3.231	1.135	11151.56
0.0420099663920269	0.042119966304027	4.008	1.442	15881.12
0.0630099495920403	0.0631799494560404	5.155	1.683	20809.04
0.0940099247920602	0.0941399246880602	7.266	2.067	34589.13
0.14100988719209	0.14111988710409	12.535	2.585	43820.82
0.211009831192135	0.211139831088135	13.727	3.353	72276.12
0.316009747192202	0.316079747136202	20.143	4.648	102286.38
0.474009620792303	0.474119620704303	27.873	6.658	143570.04
0.710999431200455	0.711179431056455	42.299	10.2	193303.75
1.06600914719268	1.06613914708868	58.154	14.57	357862.59
1.59899872080102	1.59911872070502	107.702	22.536	467999.67
2.39800808159353	2.39813808148954	130.225	32.89	584198.28
3.5970071223943	3.5971171223063	201.478	48.695	650877.33
5.39500568399545	5.39513568389145	286.5	74.249	716688.7
8.09200352639718	8.09207352634118	481.294	108.419	741084.64
12.1379902896078	12.1381102895118	653.732	166.402	723992.87
18.2069954344037	18.2071654342677	971.864	250.874	737365.62
27.3099881520095	27.3101181519055	1447.32	368.962	756039.54
37.3099701520239	37.3101901518479	2016.328	507.029	779940.25
47.3099721520223	47.3102621517903	2538.614	642.211	802058.81
57.3099641520287	57.3101541518767	3047.331	770.483	823668.79
67.3099561520351	67.3100461519631	3596.337	910.369	845349.34
77.3099481520415	77.3101181519055	4179.785	1041.189	868775.26
87.3099401520479	87.3100101519919	5785.044	1173.692	890103.13
97.3099321520543	97.3100821519343	4949.335	3038.422	911914.27
