0.00100999919200065	0.00107999913600069	1.6	1.01	379.14
0.00200999839200129	0.00215999827200138	1.842	0.966	829.61
0.00300999759200193	0.00323999740800207	1.71	1.023	1171.49
0.00400999679200257	0.00413999668800265	1.635	1.088	1559
0.00600999519200385	0.00629999496000403	2.228	1.035	2472.95
0.00899999280000576	0.00917999265600588	3.335	1.166	3756.96
0.0130099895920083	0.0131399894880084	2.537	1.145	5186.23
0.0190099847920122	0.0190799847360122	2.805	1.226	6800.2
0.0279999776000179	0.028079977536018	3.276	1.355	9998.09
0.0420099663920269	0.042119966304027	4.496	1.522	15528.43
0.0630099495920403	0.0631799494560404	5.877	1.804	24291.47
0.0940099247920602	0.0943199245440604	7.171	2.259	35327.49
0.14100988719209	0.14129988696009	9.81	2.926	43820.82
0.211009831192135	0.211139831088135	13.507	3.69	73681.14
0.316009747192202	0.316259746992202	20.535	5.493	95733.75
0.473999620800303	0.474119620704303	30.773	7.45	127053.17
0.711009431192455	0.711179431056455	42.085	11.024	182521.48
1.06600914719268	1.06631914694468	64.115	16.072	381271.66
1.59900872079302	1.59911872070502	90.611	23.845	461055.65
2.39800808159353	2.39813808148954	160.846	35.427	568665.13
3.5970071223943	3.5971171223063	228.923	53.31	649416.26
5.39500568399545	5.39513568389145	298.315	80.189	718809.11
8.09200352639718	8.09207352634118	495.691	117.135	741097.59
12.1379902896078	12.1381102895118	639.641	179.005	723708.8
18.2069954344037	18.2071654342677	1051.803	271.282	737405.7
27.3099881520095	27.3101181519055	1484.729	398.093	757587.16
37.3099801520159	37.3101901518479	2111.708	543.976	778513.69
47.3099721520223	47.3100821519343	2644.965	685.87	801664.49
57.3099541520367	57.3101541518767	3161.594	848.117	823201.62
67.3099561520351	67.3100461519631	3649.307	982.66	846494.91
77.3099481520415	77.3101181519055	4212.183	1134.672	867848.34
87.3099401520479	87.3101901518479	4786.826	1266.807	889628.04
97.3099321520543	97.3100821519343	5157.684	3125.836	911747.42
