0.00100999919200065	0.00125999899200081	1.606	0.94	430.68
0.00200999839200129	0.00215999827200138	1.801	0.922	750.81
0.00300999759200193	0.00323999740800207	1.943	1.065	1242.05
0.00400999679200257	0.00413999668800265	1.962	0.947	1559
0.00600999519200385	0.00611999510400392	2.705	1.023	2034.4
0.00900999279200577	0.00917999265600588	2.726	1.242	3545.71
0.0130099895920083	0.0131399894880084	2.661	1.176	5387.77
0.0189899848080122	0.0190799847360122	3.988	1.245	7188.61
0.0280099775920179	0.028079977536018	29.313	1.477	11203.34
0.0420099663920269	0.0422999661600271	4.957	1.678	16371.3
0.0630099495920403	0.0631799494560404	6.218	2.183	21009.16
0.0940099247920602	0.0941399246880602	8.515	2.644	35248.59
0.14099988720009	0.14129988696009	11.235	3.371	45732.36
0.211009831192135	0.211139831088135	16.314	4.793	72547.19
0.316009747192202	0.316259746992202	22.846	6.193	108190.73
0.474009620792303	0.474299620560304	30.964	8.551	136523.1
0.711009431192455	0.711179431056455	54.565	11.767	292779.11
1.06600914719268	1.06613914708868	68.273	16.122	357775.01
1.59900872079302	1.59911872070502	102.87	23.608	462993.76
2.39799808160153	2.39813808148954	183.22	33.694	558545.09
3.5970071223943	3.5971171223063	295.266	49.887	650571.91
5.39500568399545	5.39513568389145	322.46	72.717	720994.77
8.09200352639718	8.09225352619718	467.802	106.49	740788.8
12.1380002895998	12.1381102895118	767.447	163.151	723469.4
18.2069954344037	18.2071654342677	1068.374	246.169	737614.79
27.3099881520095	27.3101181519055	1575.327	368.253	756184.63
37.3099801520159	37.3101901518479	2097.419	563.798	779700.16
47.3099721520223	47.3100821519343	2617.298	624.545	801567.71
57.3099641520287	57.3101541518767	5258.779	754.412	824298.41
67.3099561520351	67.3100461519631	3832.287	883.261	846221.17
77.3099481520415	77.3101181519055	4439.127	1026.393	867309.59
87.3099401520479	87.3101901518479	5069.183	1159.426	889754.73
97.3099321520543	97.3100821519343	5726.443	1269.509	911714.67
