0.00100999919200065	0.00107999913600069	1.43	0.812	414.83
0.00200999839200129	0.0023399981280015	1.569	0.846	805.98
0.00300999759200193	0.00323999740800207	1.874	0.858	1214.62
0.00400999679200257	0.00413999668800265	1.852	0.871	1680
0.00600999519200385	0.00611999510400392	2.078	0.905	2286.86
0.00899999280000576	0.00917999265600588	20.364	0.945	3299.51
0.0130099895920083	0.0131399894880084	2.539	0.97	5695.55
0.0190099847920122	0.0192599845920123	2.787	1.036	6856.77
0.0280099775920179	0.0282599773920181	3.471	1.146	10495.62
0.0420099663920269	0.0422999661600271	4.057	1.321	15528.43
0.0630099495920403	0.0631799494560404	5.352	1.515	21426.89
0.0939999248000602	0.0941399246880602	7.295	1.868	31314.61
0.14100988719209	0.14111988710409	13.786	2.34	46758.27
0.211009831192135	0.211139831088135	20.916	3.198	74263.26
0.316009747192202	0.316079747136202	20.939	4.531	100669.67
0.474009620792303	0.474119620704303	30.484	6.648	138233.55
0.711009431192455	0.711179431056455	67.361	9.415	273155.26
1.06600914719268	1.06613914708868	64.088	13.773	366530.65
1.59900872079302	1.59911872070502	96.334	21.169	456333.64
2.39800808159353	2.39813808148954	136.838	30.581	557628.02
3.5969971224023	3.5971171223063	224.342	46.087	654982.69
5.39499568400345	5.39513568389145	318.375	70.214	719673.47
8.09200352639718	8.09207352634118	486.8	105.505	741089.03
12.1380002895998	12.1381102895118	759.462	155.185	724017.53
18.2069954344037	18.2071654342677	1028.391	240.3	737565.01
27.3099881520095	27.3101181519055	1617.245	360.178	757750.44
37.3099801520159	37.3101901518479	2165.757	490.675	779946.49
47.3099721520223	47.3100821519343	2631.463	614.196	801557.83
57.3099641520287	57.3101541518767	3254.818	738.929	823368.37
67.3099561520351	67.3102261518191	3853.577	876.732	846594.03
77.3099481520415	77.3101181519055	4185.938	1012.462	867829.91
87.3099401520479	87.3101901518479	4896.937	1129.813	889467.42
97.3099321520543	97.3100821519343	5285.88	2173.308	911874.21
