0.00100999919200065	0.00125999899200081	1.488	0.841	391.04
0.00200999839200129	0.00215999827200138	1.568	0.85	809.92
0.00300999759200193	0.00323999740800207	2.169	0.849	1116.57
0.00400999679200257	0.00413999668800265	1.644	0.915	1559
0.00600999519200385	0.00629999496000403	2.121	0.952	2364.43
0.00900999279200577	0.00917999265600588	2.088	0.933	3491.89
0.0130099895920083	0.0131399894880084	2.517	1.079	4732.86
0.0190099847920122	0.0192599845920123	12.642	1.074	7241.31
0.0280099775920179	0.0282599773920181	3.296	1.157	10317.52
0.0420099663920269	0.042119966304027	4.075	1.298	15375.56
0.0630099495920403	0.0631799494560404	5.255	1.584	21655.6
0.0940099247920602	0.0943199245440604	7.246	1.908	30710.75
0.14100988719209	0.14111988710409	10.859	2.412	55378.95
0.211009831192135	0.211139831088135	13.763	3.367	71916.53
0.316009747192202	0.316079747136202	21.023	4.587	102883.8
0.474009620792303	0.474299620560304	28.937	6.203	158945.61
0.711009431192455	0.711179431056455	60.211	9.612	273134.48
1.06600914719268	1.06613914708868	63.701	13.816	360858.51
1.59900872079302	1.59929872056102	97.897	20.988	467429.55
2.39800808159353	2.39813808148954	142.501	30.129	559904.12
3.5970071223943	3.5971171223063	226.726	47.242	648018.36
5.39500568399545	5.39513568389145	329.308	71.332	720512.33
8.09200352639718	8.09207352634118	486.775	104.439	741097.7
12.1380002895998	12.1381102895118	679.993	156.6	723749.1
18.2069954344037	18.2071654342677	998.79	241.542	736881.04
27.3099881520095	27.3101181519055	1581.451	361.433	756194.64
37.3099801520159	37.3101901518479	2195.598	490.608	779721.23
47.3099621520303	47.3100821519343	2756.096	614.809	801242.45
57.3099641520287	57.3101541518767	3190.83	760.2	824015.14
67.3099561520351	67.3102261518191	3710.297	870.73	846328.13
77.3099481520415	77.3101181519055	4371.301	1008.216	868468.23
87.3099401520479	87.3101901518479	4857.844	1141.288	889619.9
97.3099321520543	97.3100821519343	5367.1	2167.269	911891.86
