0.00100999919200065	0.00125999899200081	1.643	0.914	391.04
0.00198999840800127	0.00215999827200138	1.882	0.957	778.4
0.00299999760000192	0.00305999755200196	3.161	0.976	1195.02
0.00400999679200257	0.00413999668800265	2.083	0.951	1656.59
0.00600999519200385	0.00629999496000403	2.197	1.01	2410.95
0.00900999279200577	0.00917999265600588	2.275	1.075	3488.04
0.0130099895920083	0.0131399894880084	2.7	1.114	4732.86
0.0190099847920122	0.0192599845920123	3.06	1.279	7560.99
0.0280099775920179	0.0282599773920181	4.148	1.415	10577.21
0.0420099663920269	0.042119966304027	4.655	1.787	17732.5
0.0629999496000403	0.0631799494560404	6.418	2.162	22854.97
0.0940099247920602	0.0941399246880602	8.537	2.733	33979.64
0.14100988719209	0.14111988710409	10.697	3.67	51487.96
0.211009831192135	0.211139831088135	16.592	4.565	74476.72
0.315999747200202	0.316259746992202	25.597	5.969	100553.51
0.474009620792303	0.474119620704303	32.511	8.731	132005.56
0.711009431192455	0.711179431056455	43.631	12.113	188179.07
1.06600914719268	1.06613914708868	73.886	17.287	368516.15
1.59900872079302	1.59911872070502	96.81	23.803	480692.15
2.39800808159353	2.39831808134553	150.586	33.856	579824.36
3.5970071223943	3.5971171223063	212.409	49.58	664619.74
5.39499568400345	5.39513568389145	378.235	73.839	713225.43
8.09200352639718	8.09225352619718	507.805	109.002	741097.03
12.1380002895998	12.1381102895118	751.809	164.969	723744.12
18.2069954344037	18.2071654342677	1105.728	251.145	737395.14
27.3099881520095	27.3101181519055	1582.48	365.948	757458.7
37.3099801520159	37.3101901518479	2088.819	492.046	779723.91
47.3099721520223	47.3100821519343	2734.084	632.022	802745.25
57.3099641520287	57.3101541518767	3401.516	746.37	823861.21
67.3099561520351	67.3102261518191	3738.152	889.04	845141.19
77.3099481520415	77.3101181519055	4435.005	1010.38	867323.37
87.3099401520479	87.3101901518479	5005.873	1154.683	890217.9
97.3099321520543	97.3100821519343	5534.333	1276.029	911803.58
