0.00100999919200065	0.00125999899200081	2.182	1.079	355.33
0.00200999839200129	0.0023399981280015	1.976	1.09	750.81
0.00300999759200193	0.00323999740800207	1.947	1.137	1061.62
0.00400999679200257	0.00431999654400277	2.075	1.146	1457.4
0.00600999519200385	0.00611999510400392	2.441	1.166	2213.12
0.00900999279200577	0.00917999265600588	2.576	1.224	3971.74
0.0129999896000083	0.0131399894880084	2.914	1.304	4645.1
0.0190099847920122	0.0190799847360122	3.326	1.623	7515.89
0.0280099775920179	0.0282599773920181	4.048	1.685	9998.09
0.0420099663920269	0.042119966304027	5.141	1.922	15641.19
0.0630099495920403	0.0631799494560404	6.265	2.315	20505.02
0.0940099247920602	0.0941399246880602	8.645	3.225	33421.48
0.14100988719209	0.14111988710409	11.223	3.943	48719.07
0.211009831192135	0.211139831088135	15.945	4.94	64914.49
0.316009747192202	0.316079747136202	23.277	6.942	100669.67
0.473999620800303	0.474119620704303	31.43	8.96	140827.8
0.710999431200455	0.711179431056455	46.083	13.104	187400.71
1.06600914719268	1.06631914694468	62.005	17.336	357063.18
1.59899872080102	1.59911872070502	94.98	25.681	463390.38
2.39800808159353	2.39831808134553	155.516	37.52	566783.63
3.5970071223943	3.5972971221623	208.528	53.801	649274.09
5.39499568400345	5.39531568374745	320.956	80.723	722782.35
8.09200352639718	8.09225352619718	497.281	120.934	740662.42
12.1380002895998	12.1381102895118	734.843	179.201	723113.88
18.2069954344037	18.2071654342677	1022.318	265.696	736694.66
27.3099881520095	27.3101181519055	1524.486	395.351	756815.03
37.3099801520159	37.3101901518479	2197.147	541.494	778948.97
47.3099621520303	47.3100821519343	2694.553	692.667	802226.95
57.3099541520367	57.3101541518767	3310.552	824.641	823482.88
67.3099561520351	67.3100461519631	3937.841	971.369	846231.49
77.3099481520415	77.3101181519055	4459.56	1120.322	868897.05
87.3099301520559	87.3101901518479	5034.001	1255.318	889610.68
97.3099321520543	97.3100821519343	5671.831	1372.598	911811.79
