0.00100999919200065	0.00125999899200081	1.626	0.93	422.76
0.00200999839200129	0.0023399981280015	1.76	0.913	750.81
0.00300999759200193	0.00323999740800207	1.742	0.962	1151.88
0.00400999679200257	0.00413999668800265	1.831	0.939	1629.28
0.00600999519200385	0.00611999510400392	2.363	0.972	2569.76
0.00900999279200577	0.00917999265600588	2.347	1.05	3491.89
0.0129999896000083	0.0131399894880084	2.668	1.164	5387.77
0.0190099847920122	0.0192599845920123	2.898	1.26	6856.77
0.0280099775920179	0.028079977536018	3.688	1.402	10873.67
0.0420099663920269	0.042119966304027	4.571	1.698	16425.7
0.0630099495920403	0.0631799494560404	6.567	2.082	23529.68
0.0940099247920602	0.0943199245440604	8.261	2.617	34826.24
0.14100988719209	0.14111988710409	11.619	3.544	46196.86
0.211009831192135	0.211319830944135	16.113	4.422	67296.68
0.316009747192202	0.316259746992202	27.629	6.157	108190.73
0.474009620792303	0.474119620704303	32.534	8.785	136959.66
0.711009431192455	0.711179431056455	58.825	12.034	300708.6
1.06600914719268	1.06613914708868	64.316	16.236	372066.26
1.59900872079302	1.59911872070502	96.052	23.587	475019.5
2.39800808159353	2.39813808148954	146.776	35.067	561986.72
3.5970071223943	3.5972971221623	218.205	49.699	651208.52
5.39499568400345	5.39513568389145	309.92	73.884	718561.77
8.09200352639718	8.09225352619718	511.339	109.682	741061.29
12.1380002895998	12.1382902893678	691.409	165.904	722700.99
18.2069954344037	18.2071654342677	1081.946	245.055	737395.17
27.3099881520095	27.3101181519055	1547.879	363.041	757621.64
37.3099801520159	37.3101901518479	2180.61	509.877	779722.1
47.3099721520223	47.3100821519343	2723.849	627.902	802277.32
57.3099541520367	57.3101541518767	3328.998	749.718	823903.34
67.3099561520351	67.3102261518191	3962.888	884.297	845357.45
77.3099481520415	77.3101181519055	5013.807	1018.628	867685.39
87.3099401520479	87.3100101519919	4932.35	1142.971	889617.67
97.3099321520543	97.3100821519343	5561.842	1269.834	911728.96
