0.00100999919200065	0.00125999899200081	1.581	0.91	375.17
0.00200999839200129	0.00215999827200138	1.698	0.913	805.98
0.00300999759200193	0.00305999755200196	1.85	0.929	1179.33
0.00400999679200257	0.00413999668800265	1.79	0.985	1539.47
0.00600999519200385	0.00611999510400392	2.425	1.231	2662.63
0.00900999279200577	0.00917999265600588	3.515	1.053	3272.55
0.0130099895920083	0.0131399894880084	2.874	1.145	4549.65
0.0190099847920122	0.0190799847360122	3.181	1.288	6856.77
0.0280099775920179	0.0282599773920181	3.731	1.391	10673.62
0.0420099663920269	0.0422999661600271	12.951	1.744	15793.9
0.0629999496000403	0.0631799494560404	5.857	2.004	23277.87
0.0940099247920602	0.0941399246880602	7.555	2.591	35203.95
0.14100988719209	0.14129988696009	11.593	3.634	48104.38
0.211009831192135	0.211319830944135	15.572	4.835	73017.35
0.316009747192202	0.316259746992202	22.873	6.281	108264.12
0.474009620792303	0.474119620704303	31.136	8.383	145178.84
0.711009431192455	0.711179431056455	47.317	12.01	180299.65
1.06599914720068	1.06631914694468	77.251	17.144	353981.2
1.59900872079302	1.59911872070502	89.948	22.809	461053.67
2.39800808159353	2.39813808148954	153.029	34.251	560347.47
3.5970071223943	3.5972971221623	203.69	49.33	645543.1
5.39500568399545	5.39513568389145	316.339	73.152	720715.62
8.09200352639718	8.09207352634118	505.113	108.565	740397.26
12.1380002895998	12.1381102895118	700.193	165.824	724023.51
18.2069954344037	18.2071654342677	1109.676	251.256	736277.75
27.3099881520095	27.3101181519055	1615.888	380.943	756192.7
37.3099801520159	37.3101901518479	2111.55	494.891	779649.86
47.3099621520303	47.3100821519343	2715.317	620.43	802252.28
57.3099641520287	57.3101541518767	3260.205	758.972	823553.49
67.3099561520351	67.3100461519631	3758.514	931.363	846101.7
77.3099481520415	77.3101181519055	4459.555	1027.607	867936.84
87.3099401520479	87.3100101519919	5042.644	1154.958	890522.52
97.3099321520543	97.3100821519343	5485.724	1277.581	911868.49
