0.00100999919200065	0.00107999913600069	1.718	0.954	434.64
0.00199999840000128	0.00215999827200138	17.103	1.028	687.7
0.00300999759200193	0.00305999755200196	1.995	1.006	1108.72
0.00400999679200257	0.00413999668800265	1.858	1.021	1559
0.00600999519200385	0.00611999510400392	2.268	1.059	2569.76
0.00900999279200577	0.00917999265600588	2.405	1.096	3272.55
0.0130099895920083	0.0133199893440085	2.738	1.193	4732.86
0.0190099847920122	0.0192599845920123	2.983	1.229	6728.51
0.0280099775920179	0.028079977536018	7.337	1.332	9920.02
0.0420099663920269	0.0422999661600271	4.145	1.532	15615.73
0.0630099495920403	0.0631799494560404	5.587	1.77	23018.77
0.0940099247920602	0.0943199245440604	24.898	2.26	35862.93
0.14100988719209	0.14129988696009	10.288	2.754	44861.45
0.211009831192135	0.211139831088135	14.829	3.86	64914.49
0.315999747200202	0.316259746992202	21.301	5.26	101929.98
0.474009620792303	0.474299620560304	29.198	7.087	145732.67
0.711009431192455	0.711179431056455	46.426	10.751	196767.39
1.06599914720068	1.06613914708868	75.45	15.719	372453.85
1.59900872079302	1.59911872070502	109.591	23.235	456331.4
2.39800808159353	2.39813808148954	163.605	34.907	561830.34
3.5970071223943	3.5971171223063	225.535	50.779	664953.6
5.39500568399545	5.39513568389145	309.441	77.214	717058.71
8.09200352639718	8.09225352619718	496.074	113.847	740578.69
12.1380002895998	12.1381102895118	750.355	173.509	723499.86
18.2069854344117	18.2071654342677	1132.035	260.983	736888.9
27.3099881520095	27.3101181519055	1653.044	390.569	756361.04
37.3099801520159	37.3101901518479	2319.558	529.171	779837.18
47.3099721520223	47.3102621517903	2639.403	678.025	802009.93
57.3099641520287	57.3101541518767	3362.882	805.659	824593.58
67.3099561520351	67.3100461519631	3902.706	956.893	846046.27
77.3099481520415	77.3101181519055	4377.254	1116.057	867809.57
87.3099301520559	87.3101901518479	5004.867	1246.327	889732.16
97.3099321520543	97.3100821519343	5395.982	2254.834	911720.5
