0.00100999919200065	0.00125999899200081	1.579	0.804	410.86
0.00200999839200129	0.00215999827200138	1.65	0.839	794.16
0.00300999759200193	0.00323999740800207	10.416	0.902	1171.49
0.00400999679200257	0.00413999668800265	1.853	0.902	1570.72
0.00599999520000384	0.00629999496000403	2.041	0.905	2484.57
0.00899999280000576	0.00917999265600588	7.267	1.003	3037.45
0.0130099895920083	0.0133199893440085	2.359	0.991	5148.18
0.0190099847920122	0.0190799847360122	2.738	1.051	7128.36
0.0279999776000179	0.0282599773920181	3.476	1.16	10951.43
0.0420099663920269	0.042119966304027	20.478	1.339	15615.73
0.0630099495920403	0.0631799494560404	5.418	1.511	23061.37
0.0940099247920602	0.0941399246880602	7.265	1.912	32951.68
0.14100988719209	0.14111988710409	9.814	2.342	48081.1
0.210999831200135	0.211139831088135	14.978	3.549	70794.23
0.316009747192202	0.316079747136202	20.318	4.452	105692.49
0.474009620792303	0.474299620560304	28.706	6.4	132005.56
0.711009431192455	0.711179431056455	43.945	9.619	187860.79
1.06600914719268	1.06613914708868	69.002	13.801	373495.42
1.59900872079302	1.59911872070502	92.844	20.718	466097.15
2.39800808159353	2.39813808148954	158.005	30.557	554067.17
3.5970071223943	3.5971171223063	215.189	46.179	649035.74
5.39500568399545	5.39513568389145	336.169	71.253	716595.52
8.09200352639718	8.09225352619718	540.96	103.794	741093.62
12.1379902896078	12.1382902893678	714.704	159.84	723733.39
18.2069954344037	18.2071654342677	1027.718	240.519	737285.12
27.3099881520095	27.3101181519055	1477.969	355.613	756323.63
37.3099801520159	37.3101901518479	2093.184	488.891	779027.91
47.3099521520383	47.3102621517903	2606.647	620.01	801971.05
57.3099641520287	57.3101541518767	3234.078	738.563	824706.85
67.3099561520351	67.3102261518191	3816.376	878.946	846663.74
77.3099481520415	77.3101181519055	4361.066	1021.671	867814.32
87.3099401520479	87.3101901518479	4942.311	1148.867	889733.24
97.3099321520543	97.3100821519343	5410.529	2169.302	911720.16
