0.00100999919200065	0.00125999899200081	1.68	0.989	391.04
0.00200999839200129	0.0023399981280015	1.746	1.003	715.32
0.00299999760000192	0.00323999740800207	1.869	0.982	1253.8
0.00400999679200257	0.00431999654400277	2.028	0.97	1648.79
0.00599999520000384	0.00611999510400392	2.089	0.979	2337.29
0.00900999279200577	0.00917999265600588	2.292	1.049	3299.51
0.0130099895920083	0.0131399894880084	2.702	1.238	4645.1
0.0190099847920122	0.0192599845920123	2.716	1.273	7782.59
0.0280099775920179	0.028079977536018	3.105	1.412	11021.76
0.0420099663920269	0.0422999661600271	3.209	1.793	17732.5
0.0630099495920403	0.0631799494560404	4.011	2.27	24015
0.0940099247920602	0.0941399246880602	4.716	2.779	36352.55
0.14100988719209	0.14129988696009	6.055	3.403	46558.1
0.211009831192135	0.211139831088135	7.445	4.585	75336.79
0.316009747192202	0.316079747136202	17.168	6.518	102803.74
0.474009620792303	0.474299620560304	12.898	8.271	142332.01
0.711009431192455	0.711179431056455	17.593	11.734	181602.94
1.06600914719268	1.06631914694468	28.845	16.298	380311.94
1.59900872079302	1.59911872070502	40.191	24.012	470464.26
2.39800808159353	2.39813808148954	68.08	33.441	574553.87
3.5970071223943	3.5971171223063	85.057	48.064	655550
5.39500568399545	5.39513568389145	122.651	73.288	717170.08
8.09200352639718	8.09225352619718	219.8	110.578	740793.29
12.1380002895998	12.1381102895118	319.242	162.587	723219.62
18.2069954344037	18.2071654342677	392.265	246.01	736398.62
27.3099881520095	27.3101181519055	678.927	364.546	757723.54
37.3099801520159	37.3101901518479	992.038	492.22	779834.93
47.3099721520223	47.3102621517903	1301.687	634.556	801937.36
57.3099641520287	57.3101541518767	1670.212	760.179	823742.11
67.3099561520351	67.3100461519631	2072.281	893.822	846304.14
77.3099481520415	77.3101181519055	2318.52	1022.218	867918.76
87.3099401520479	87.3101901518479	2695.131	1136.566	890152.89
97.3099321520543	97.3100821519343	3024.402	1266.157	911736.65
