0.00100999919200065	0.00107999913600069	1.936	0.8	418.79
0.00200999839200129	0.00215999827200138	1.565	0.817	774.46
0.00300999759200193	0.00305999755200196	1.532	0.826	1238.13
0.00400999679200257	0.00413999668800265	1.887	0.839	1789.17
0.00600999519200385	0.00629999496000403	2.029	0.89	2197.59
0.00900999279200577	0.00917999265600588	2.302	0.951	3272.55
0.0130099895920083	0.0133199893440085	2.371	0.943	5148.18
0.0190099847920122	0.0192599845920123	2.609	1.047	7748.81
0.0280099775920179	0.0282599773920181	2.83	1.132	10577.21
0.0420099663920269	0.042119966304027	3.064	1.306	14101.8
0.0630099495920403	0.0631799494560404	3.835	1.501	24213.19
0.0940099247920602	0.0941399246880602	4.329	1.841	34162.08
0.14098988720809	0.14111988710409	5.411	2.377	47045.03
0.211009831192135	0.211139831088135	8.197	3.197	69862.62
0.316009747192202	0.316079747136202	9.614	4.453	103538.76
0.474009620792303	0.474299620560304	14.319	6.327	142249.47
0.711009431192455	0.711179431056455	18.96	9.435	271758.21
1.06600914719268	1.06613914708868	27.907	14.304	364901.09
1.59900872079302	1.59911872070502	36.086	21.058	461850.54
2.39800808159353	2.39831808134553	53.344	30.773	570742.38
3.5969971224023	3.5972971221623	89.251	46.924	657209.19
5.39500568399545	5.39513568389145	130.565	71.763	717678.99
8.09199352640518	8.09225352619718	178.608	105.808	741094.12
12.1379902896078	12.1381102895118	310.143	162.258	722696.18
18.2069954344037	18.2071654342677	385.764	243.138	737776.24
27.3099881520095	27.3101181519055	694.238	359.457	756120.58
37.3099801520159	37.3101901518479	985.187	484.196	779383.67
47.3099721520223	47.3100821519343	1318.161	612.992	801236.72
57.3099641520287	57.3099741520207	1654.159	742.415	823884.88
67.3099561520351	67.3100461519631	1987.076	873.195	846375.82
77.3099481520415	77.3101181519055	2302.537	1019.694	867420.74
87.3099401520479	87.3101901518479	2643.442	1141.87	889627.6
97.3099321520543	97.3100821519343	2941.684	1549.556	911739.54
