0.00100999919200065	0.00125999899200081	1.675	1.001	395
0.00200999839200129	0.00215999827200138	1.763	0.993	833.55
0.00300999759200193	0.00305999755200196	2.113	1.109	1171.49
0.00399999680000256	0.00413999668800265	2.007	1.081	1660.49
0.00599999520000384	0.00611999510400392	2.342	1.098	2321.77
0.00899999280000576	0.00917999265600588	2.383	1.124	3430.35
0.0130099895920083	0.0131399894880084	3.542	1.145	5132.96
0.0190099847920122	0.0192599845920123	2.658	1.374	7628.62
0.0280099775920179	0.0282599773920181	2.972	1.489	11073.57
0.0420099663920269	0.042119966304027	3.364	1.55	15615.73
0.0630099495920403	0.0631799494560404	3.912	1.847	24015
0.0939999248000602	0.0941399246880602	4.902	2.164	29422.87
0.14100988719209	0.14111988710409	5.788	2.795	43017.24
0.211009831192135	0.211139831088135	7.324	3.64	67296.68
0.315989747208202	0.316079747136202	29.118	5.027	106771.9
0.473999620800303	0.474119620704303	18.13	7.603	142249.47
0.710999431200455	0.711179431056455	32.834	10.592	282150.94
1.06600914719268	1.06613914708868	27.004	15.802	351749.78
1.59900872079302	1.59929872056102	43.813	23.21	461852.73
2.39800808159353	2.39813808148954	67.349	33.542	576248.83
3.5970071223943	3.5971171223063	133.344	50.612	654342.4
5.39499568400345	5.39513568389145	167.504	78.366	719616.79
8.09200352639718	8.09225352619718	185.345	113.406	741098.1
12.1380002895998	12.1381102895118	314.666	172.612	724058.07
18.2069954344037	18.2071654342677	467.803	260.041	736703.95
27.3099781520175	27.3102981517615	672.911	390.482	757410.13
37.3099801520159	37.3101901518479	993.876	561.687	779900.91
47.3099721520223	47.3102621517903	1334.6	678.541	802058.32
57.3099641520287	57.3101541518767	1697.871	811.917	823991.12
67.3099461520431	67.3100461519631	2018.989	948.15	845518.92
77.3099481520415	77.3101181519055	2391.31	1095.854	868154.73
87.3099401520479	87.3101901518479	2798.372	1241.05	889683.71
97.3099321520543	97.3100821519343	3033.537	1710.561	911779.28
