0.00100999919200065	0.00107999913600069	1.418	0.823	398.97
0.00200999839200129	0.00215999827200138	2.984	0.793	833.55
0.00299999760000192	0.00305999755200196	1.853	0.837	1171.49
0.00400999679200257	0.00431999654400277	1.94	0.841	1590.24
0.00600999519200385	0.00611999510400392	2.066	0.881	2662.63
0.00899999280000576	0.00917999265600588	2.156	0.906	3299.51
0.0130099895920083	0.0131399894880084	2.392	0.952	4694.71
0.0190099847920122	0.0190799847360122	2.587	1.01	7560.99
0.0280099775920179	0.0282599773920181	2.792	1.118	10732.91
0.0420099663920269	0.042119966304027	3.185	1.304	15528.43
0.0629899496080403	0.0631799494560404	3.605	1.54	22854.97
0.0940099247920602	0.0941399246880602	4.413	1.854	31890.3
0.14100988719209	0.14111988710409	5.417	2.319	48486.58
0.211009831192135	0.211139831088135	7.076	3.118	68356.5
0.316009747192202	0.316079747136202	9.764	4.366	91055.32
0.474009620792303	0.474119620704303	13.96	6.471	136520.32
0.711009431192455	0.711179431056455	19.964	9.599	290713.39
1.06600914719268	1.06631914694468	28.467	13.893	378041.28
1.59900872079302	1.59929872056102	37.452	20.821	478244.46
2.39800808159353	2.39813808148954	61.568	30.87	573304.74
3.5969971224023	3.5971171223063	83.165	46.351	645996.45
5.39500568399545	5.39531568374745	157.713	71.965	723094.99
8.09200352639718	8.09225352619718	206.423	104.102	740927.11
12.1379902896078	12.1381102895118	269.465	160.992	723635.44
18.2069954344037	18.2071654342677	390.235	244.53	735794
27.3099781520175	27.3101181519055	631.95	357.778	757514.91
37.3099801520159	37.3101901518479	989.94	486.68	779740.35
47.3099721520223	47.3100821519343	1325.426	613.04	802388.79
57.3099641520287	57.3101541518767	1651.002	787.894	823299.33
67.3099561520351	67.3102261518191	1951.054	879.389	845626.69
77.3099481520415	77.3101181519055	2291.07	1008.51	867374.38
87.3099401520479	87.3101901518479	2628.86	1144.064	889636.15
97.3099321520543	97.3100821519343	2923.209	1552.805	911714.6
