0.00100999919200065	0.00107999913600069	1.588	0.944	426.72
0.00200999839200129	0.00215999827200138	2.122	0.959	735.04
0.00299999760000192	0.00323999740800207	1.661	0.961	1245.97
0.00400999679200257	0.00413999668800265	1.917	0.958	1390.83
0.00599999520000384	0.00611999510400392	2.295	1.014	2321.77
0.00900999279200577	0.00917999265600588	2.486	1.076	3491.89
0.0130099895920083	0.0131399894880084	2.617	1.209	4896.83
0.0190099847920122	0.0190799847360122	2.826	1.304	6433.96
0.0280099775920179	0.0282599773920181	3.204	1.456	9920.02
0.0420099663920269	0.042119966304027	3.284	1.711	16563.86
0.0630099495920403	0.0631799494560404	4.042	2.197	22506.65
0.0940099247920602	0.0941399246880602	5.464	2.746	35039.2
0.14099988720009	0.14111988710409	6.326	3.547	50764.15
0.211009831192135	0.211319830944135	7.243	5.641	72276.12
0.316009747192202	0.316079747136202	9.522	6.221	96433.95
0.473999620800303	0.474299620560304	14.207	8.374	142332.01
0.711009431192455	0.711179431056455	17.958	12.333	273725.95
1.06600914719268	1.06613914708868	24.109	16.059	385532.18
1.59900872079302	1.59911872070502	62.339	23.136	466784.08
2.39800808159353	2.39813808148954	56.664	33.766	565725.19
3.5970071223943	3.5972971221623	81.169	49.054	655895.7
5.39500568399545	5.39531568374745	128.188	73.908	716427.65
8.09200352639718	8.09207352634118	200.897	109.545	740767.44
12.1379902896078	12.1381102895118	326.456	165.867	722700.83
18.2069954344037	18.2071654342677	389.731	240.004	737299.37
27.3099881520095	27.3101181519055	666.671	366.635	757563.66
37.3099801520159	37.3101901518479	972.174	492.644	778916.37
47.3099621520303	47.3100821519343	1359.334	628.771	802323.15
57.3099641520287	57.3101541518767	1641.223	757.499	823942.57
67.3099561520351	67.3102261518191	1977.351	880.282	845955.86
77.3099481520415	77.3101181519055	2326.201	1018.067	867460.17
87.3099401520479	87.3101901518479	2627.835	1151.082	889609.7
97.3099321520543	97.3100821519343	3019.043	1280.988	911713.54
