0.00100999919200065	0.00125999899200081	1.69	0.853	379.14
0.00199999840000128	0.00215999827200138	1.642	0.848	750.81
0.00300999759200193	0.00323999740800207	1.744	0.884	1210.7
0.00400999679200257	0.00431999654400277	1.781	0.884	1617.57
0.00600999519200385	0.00611999510400392	2.049	0.902	2286.86
0.00900999279200577	0.00917999265600588	2.16	0.95	3095.3
0.0130099895920083	0.0133199893440085	2.378	1.04	5387.77
0.0190099847920122	0.0192599845920123	2.628	1.047	6532.19
0.0280099775920179	0.0282599773920181	3.002	1.163	10391.75
0.0420099663920269	0.0422999661600271	3.072	1.326	15881.12
0.0630099495920403	0.0631799494560404	15.363	1.552	21830.25
0.0940099247920602	0.0943199245440604	4.826	1.946	31890.3
0.14100988719209	0.14129988696009	13.901	2.384	52249.37
0.211009831192135	0.211139831088135	7.898	3.416	71935.48
0.316009747192202	0.316259746992202	9.131	4.403	107525.9
0.473999620800303	0.474119620704303	13.302	6.526	152042.07
0.711009431192455	0.711179431056455	17.395	9.565	273407.41
1.06600914719268	1.06613914708868	26.256	13.91	362219.66
1.59900872079302	1.59911872070502	38.616	20.628	470846.61
2.39800808159353	2.39831808134553	66.578	30.7	550598.14
3.5970071223943	3.5971171223063	82.653	46.243	653884.5
5.39500568399545	5.39531568374745	124.971	70.354	720850.85
8.09200352639718	8.09207352634118	188.675	104.953	741081.02
12.1380002895998	12.1381102895118	290.358	161.051	724006.55
18.2069954344037	18.2071654342677	416.92	243.599	737366.26
27.3099781520175	27.3101181519055	648.664	359.136	758048.82
37.3099801520159	37.3101901518479	950.815	487.276	779874.71
47.3099621520303	47.3100821519343	1322.553	616.945	801211.22
57.3099641520287	57.3101541518767	1645.238	745.837	824625.66
67.3099561520351	67.3100461519631	1958.152	890.411	845164.41
77.3099481520415	77.3101181519055	2302.888	1023.378	867454.02
87.3099401520479	87.3101901518479	2667.672	1138.788	890335.83
97.3099321520543	97.3100821519343	2926.167	1567.659	911720.36
