0.00100999919200065	0.00107999913600069	1.796	1.097	395
0.00200999839200129	0.00215999827200138	1.896	1.009	841.43
0.00300999759200193	0.00323999740800207	1.865	1.023	1116.57
0.00400999679200257	0.00413999668800265	2.192	1.143	1613.66
0.00600999519200385	0.00611999510400392	2.473	1.092	2197.59
0.00900999279200577	0.00917999265600588	2.369	1.119	3461.12
0.0130099895920083	0.0131399894880084	2.535	1.134	4732.86
0.0190099847920122	0.0192599845920123	2.66	1.239	6592.62
0.0280099775920179	0.028079977536018	3.069	1.371	10792.19
0.0420099663920269	0.042119966304027	3.394	1.547	14799.43
0.0630099495920403	0.0631799494560404	3.793	1.822	22563.54
0.0939999248000602	0.0941399246880602	10.839	2.349	31314.61
0.14100988719209	0.14111988710409	6.413	2.97	46558.1
0.211009831192135	0.211139831088135	7.195	3.686	67315.79
0.316009747192202	0.316259746992202	24.918	5.121	94820.78
0.474009620792303	0.474119620704303	14.443	7.065	142249.47
0.710999431200455	0.710999431200455	27.214	11.076	275943.49
1.06599914720068	1.06613914708868	27.912	15.464	381996.82
1.59900872079302	1.59911872070502	63.982	22.781	481219.64
2.39800808159353	2.39813808148954	84.235	33.605	556437.35
3.5970071223943	3.5971171223063	88.718	50.906	654883.44
5.39500568399545	5.39513568389145	147.612	77.604	716608.03
8.09199352640518	8.09225352619718	194.681	113.905	740723.05
12.1380002895998	12.1381102895118	288.617	173.955	723733
18.2069954344037	18.2071654342677	447.94	261.159	737267.64
27.3099881520095	27.3101181519055	673.732	396.576	756637.62
37.3099801520159	37.3101901518479	1014.461	533.137	779714.1
47.3099721520223	47.3102621517903	1404.939	680.121	801986.5
57.3099641520287	57.3101541518767	1694.781	815.803	823845.7
67.3099561520351	67.3100461519631	2032.039	951.82	846005.56
77.3099481520415	77.3101181519055	2368.461	1092.65	867309.35
87.3099301520559	87.3101901518479	2742.638	1238.866	889593.81
97.3099321520543	97.3100821519343	3089.364	1655.16	911907.05
