0.00100999919200065	0.00125999899200081	1.648	1.042	398.97
0.00199999840000128	0.00215999827200138	1.898	1.009	821.74
0.00300999759200193	0.00323999740800207	1.918	1.035	1214.62
0.00400999679200257	0.00413999668800265	2.074	1.091	1789.17
0.00599999520000384	0.00629999496000403	2.272	1.061	2472.95
0.00900999279200577	0.00917999265600588	2.26	1.117	3564.92
0.0130099895920083	0.0133199893440085	2.579	1.158	4969.22
0.0190099847920122	0.0192599845920123	4.564	1.363	7436.94
0.0279999776000179	0.028079977536018	2.936	1.353	9998.09
0.0420099663920269	0.042119966304027	3.222	1.52	15557.53
0.0630099495920403	0.0631799494560404	3.78	1.822	20505.02
0.0940099247920602	0.0943199245440604	5.178	2.208	33662.76
0.14100988719209	0.14129988696009	6.341	3.221	51306.48
0.210999831200135	0.211139831088135	7.734	3.872	69758.04
0.316009747192202	0.316259746992202	9.457	5.359	97983.16
0.474009620792303	0.474119620704303	17.762	7.247	135569.69
0.711009431192455	0.711179431056455	20.895	10.711	276937.99
1.06600914719268	1.06613914708868	30.69	15.289	358293.6
1.59900872079302	1.59911872070502	51.349	23.1	472060.07
2.39800808159353	2.39813808148954	59.586	33.6	568482.09
3.5969971224023	3.5972971221623	85.619	50.926	650226.54
5.39500568399545	5.39513568389145	127.82	78.601	717705.27
8.09200352639718	8.09225352619718	208.962	114.133	740848
12.1380002895998	12.1382902893678	286.915	175.896	722469.76
18.2069854344117	18.2071654342677	457.108	261.527	736782.42
27.3099881520095	27.3101181519055	656.406	389.039	757781.85
37.3099801520159	37.3101901518479	1012.848	533.038	779014.21
47.3099721520223	47.3100821519343	1350.022	675.624	801397.03
57.3099541520367	57.3101541518767	1743.623	800.282	823411.62
67.3099561520351	67.3100461519631	2090.95	960.583	845359.77
77.3099481520415	77.3101181519055	2393.752	1115.131	867809.51
87.3099301520559	87.3100101519919	2738.338	1246.731	889724.19
97.3099321520543	97.3100821519343	3094.085	1697.197	911908.82
