0.00100999919200065	0.00107999913600069	1.781	1.082	379.14
0.00200999839200129	0.0023399981280015	1.951	1.144	829.61
0.00299999760000192	0.00305999755200196	2.037	1.113	1159.72
0.00400999679200257	0.00413999668800265	2.004	1.154	1473.04
0.00599999520000384	0.00611999510400392	2.324	1.245	2472.95
0.00900999279200577	0.00917999265600588	20.122	1.466	3464.97
0.0130099895920083	0.0131399894880084	2.92	1.538	5056.82
0.0190099847920122	0.0190799847360122	2.993	1.6	7075.63
0.0280099775920179	0.0282599773920181	3.249	1.664	10399.17
0.0420099663920269	0.042119966304027	3.796	2	17732.5
0.0630099495920403	0.0631799494560404	4.187	2.386	24397.58
0.0940099247920602	0.0941399246880602	5.812	3.159	38054.15
0.14100988719209	0.14111988710409	6.84	3.916	53496.49
0.211009831192135	0.211139831088135	8.035	5.563	73681.14
0.316009747192202	0.316259746992202	9.806	7.546	93104.8
0.474009620792303	0.474299620560304	14.33	9.696	154722.45
0.711009431192455	0.711179431056455	25.135	13.486	287812.6
1.06600914719268	1.06613914708868	28.133	18.028	362769.69
1.59900872079302	1.59929872056102	43.168	25.751	466419.57
2.39800808159353	2.39813808148954	60.114	35.204	553550.99
3.5970071223943	3.5972971221623	92.867	53.4	656315.31
5.39500568399545	5.39513568389145	128.812	79.385	719920.15
8.09200352639718	8.09225352619718	220.239	116.178	740943.97
12.1380002895998	12.1381102895118	348.137	178.592	723485.37
18.2069954344037	18.2071654342677	482.613	267.494	737268.34
27.3099881520095	27.3101181519055	676.48	401.713	756289.73
37.3099801520159	37.3101901518479	1026.157	538.327	779376.86
47.3099721520223	47.3100821519343	1370.763	686.457	801025.05
57.3099641520287	57.3101541518767	1706.059	829.583	823918.9
67.3099561520351	67.3102261518191	2093.99	975.217	846030.01
77.3099481520415	77.3101181519055	2396.151	1089.862	867315.06
87.3099401520479	87.3101901518479	2757.567	1234.463	890136.59
97.3099321520543	97.3100821519343	3063.952	1390.73	911922.52
