0.00100999919200065	0.00107999913600069	1.55	0.884	442.57
0.00200999839200129	0.00215999827200138	1.826	0.911	719.26
0.00300999759200193	0.00323999740800207	1.971	0.956	1343.87
0.00400999679200257	0.00413999668800265	1.911	0.972	1390.83
0.00600999519200385	0.00611999510400392	2.113	1.01	2426.45
0.00900999279200577	0.00917999265600588	2.328	1.051	3564.92
0.0130099895920083	0.0131399894880084	2.764	1.159	5007.31
0.0190099847920122	0.0192599845920123	2.653	1.312	7196.14
0.0280099775920179	0.028079977536018	2.986	1.418	11114.26
0.0420099663920269	0.042119966304027	3.287	1.732	16806.64
0.0629999496000403	0.0631799494560404	3.91	2.083	23862.75
0.0940099247920602	0.0941399246880602	4.509	2.817	35327.49
0.14100988719209	0.14129988696009	6.019	3.401	44861.45
0.211009831192135	0.211139831088135	7.842	4.665	73681.14
0.316009747192202	0.316079747136202	9.763	6.203	99592.35
0.474009620792303	0.474119620704303	15.567	8.552	146711.87
0.711009431192455	0.711179431056455	18.562	11.905	277143.75
1.06600914719268	1.06613914708868	29.564	16.413	377158.19
1.59900872079302	1.59911872070502	39.053	24.024	461280.65
2.39800808159353	2.39813808148954	59.031	33.278	566646.17
3.5970071223943	3.5971171223063	92.033	50.061	650519.94
5.39500568399545	5.39513568389145	129.091	76.465	716281.66
8.09200352639718	8.09207352634118	186.773	106.966	741093.39
12.1380002895998	12.1381102895118	276.156	167.989	723516.69
18.2069954344037	18.2071654342677	442.289	244.716	735759.85
27.3099881520095	27.3101181519055	650.809	370.046	756812.65
37.3099801520159	37.3101901518479	972.748	501.258	779787.01
47.3099721520223	47.3102621517903	1300.884	624.66	801064.8
57.3099641520287	57.3101541518767	1617.361	749.442	823234.96
67.3099561520351	67.3100461519631	1981.752	883.878	846319.25
77.3099481520415	77.3101181519055	2306.17	1026.986	868163.75
87.3099401520479	87.3100101519919	2637.39	1139.653	890144.02
97.3099321520543	97.3100821519343	2994.053	1278.338	911913.84
