0.00100999919200065	0.00107999913600069	1.667	1.008	442.57
0.00200999839200129	0.00215999827200138	1.656	0.785	833.55
0.00300999759200193	0.00323999740800207	1.702	0.846	1116.57
0.00400999679200257	0.00413999668800265	1.827	0.852	1640.98
0.00600999519200385	0.00629999496000403	2.712	0.982	2441.95
0.00899999280000576	0.00917999265600588	2.217	0.924	3464.97
0.0130099895920083	0.0131399894880084	2.437	0.953	4438.86
0.0189899848080122	0.0192599845920123	2.486	1.043	7651.16
0.0280099775920179	0.0282599773920181	10.144	1.202	10391.75
0.0420099663920269	0.042119966304027	2.957	1.31	16080.93
0.0630099495920403	0.0631799494560404	3.806	1.498	20505.02
0.0940099247920602	0.0941399246880602	4.327	1.891	33607.61
0.14100988719209	0.14111988710409	5.113	2.397	48981.97
0.211009831192135	0.211319830944135	7.649	3.296	64337.66
0.315999747200202	0.316079747136202	9.318	4.478	108190.73
0.474009620792303	0.474119620704303	12.238	6.271	136486.94
0.711009431192455	0.711179431056455	55.992	9.593	297915.16
1.06600914719268	1.06613914708868	24.361	13.737	348179.62
1.59900872079302	1.59911872070502	43.176	21.416	470458.27
2.39799808160153	2.39813808148954	55.386	31.798	556277.79
3.5970071223943	3.5971171223063	87.25	46.613	659345.22
5.39500568399545	5.39513568389145	148.557	71.022	721371.04
8.09200352639718	8.09225352619718	194.275	105.194	740527.46
12.1380002895998	12.1382902893678	308.225	160.564	723623.07
18.2069954344037	18.2071654342677	406.755	237.794	736946.19
27.3099881520095	27.3101181519055	678.325	359.11	756185.81
37.3099801520159	37.3101901518479	963.866	501.232	779867.35
47.3099721520223	47.3102621517903	1342.707	618.291	801486.69
57.3099541520367	57.3101541518767	1631.055	747.097	823837.73
67.3099561520351	67.3102261518191	1967.066	882.721	846044.38
77.3099481520415	77.3101181519055	2289.675	1005.179	868508
87.3099401520479	87.3100101519919	2625.608	1152.866	890120.63
97.3099321520543	97.3100821519343	2958.736	1576.939	911714.09
