0.00100999919200065	0.00107999913600069	1.796	1.016	418.79
0.00200999839200129	0.00215999827200138	1.708	1.047	774.46
0.00300999759200193	0.00323999740800207	2.409	1.071	1061.62
0.00400999679200257	0.00413999668800265	2	1.023	1613.66
0.00599999520000384	0.00611999510400392	2.179	1.132	2325.65
0.00900999279200577	0.00917999265600588	2.359	1.148	3464.97
0.0129999896000083	0.0131399894880084	3.428	1.239	5372.57
0.0190099847920122	0.0190799847360122	3.366	1.245	7241.31
0.0279999776000179	0.028079977536018	3.07	1.372	11369.71
0.0420099663920269	0.042119966304027	3.279	1.495	16080.93
0.0630099495920403	0.0631799494560404	3.964	1.814	24588.45
0.0940099247920602	0.0941399246880602	5.03	2.171	31636.94
0.14100988719209	0.14111988710409	6.087	2.791	48719.07
0.211009831192135	0.211139831088135	7.367	3.675	63444.63
0.316009747192202	0.316259746992202	14.299	5.005	99478.93
0.474009620792303	0.474119620704303	13.227	7.172	143248.76
0.711009431192455	0.711179431056455	19.826	10.395	194359.65
1.06599914720068	1.06613914708868	29.35	15.286	362268.56
1.59900872079302	1.59911872070502	42.393	22.713	446769.24
2.39800808159353	2.39831808134553	54.84	33.263	567702.51
3.5970071223943	3.5972971221623	95.884	50.451	658895.17
5.39500568399545	5.39513568389145	138.163	78.988	718295.6
8.09200352639718	8.09207352634118	182.34	113.049	740903.55
12.1380002895998	12.1381102895118	380.969	175.921	723217.3
18.2069954344037	18.2071654342677	843.317	259.04	736882.09
27.3099881520095	27.3101181519055	673.968	389.867	758078.67
37.3099701520239	37.3101901518479	1008.158	524.469	778916.84
47.3099721520223	47.3100821519343	1354.376	694.597	801588.94
57.3099641520287	57.3101541518767	1725.465	806.797	823902.35
67.3099561520351	67.3100461519631	2031.647	959.356	846013.02
77.3099481520415	77.3101181519055	2381.347	1109.521	867946.74
87.3099401520479	87.3100101519919	2735.739	1244.387	889781.51
97.3099321520543	97.3100821519343	3021.41	1639.626	911715.27
