0.00100999919200065	0.00107999913600069	1.625	0.858	402.94
0.00199999840000128	0.00215999827200138	11.942	0.945	853.24
0.00299999760000192	0.00323999740800207	2.988	1.013	1195.02
0.00400999679200257	0.00413999668800265	1.888	0.975	1640.98
0.00600999519200385	0.00611999510400392	2.217	1.012	2569.76
0.00899999280000576	0.00917999265600588	2.335	1.063	3037.45
0.0130099895920083	0.0131399894880084	2.843	1.192	4549.65
0.0190099847920122	0.0192599845920123	2.613	1.254	7943.96
0.0280099775920179	0.0282599773920181	3.118	1.429	10732.91
0.0420099663920269	0.0422999661600271	3.416	1.759	16026.46
0.0630099495920403	0.0631799494560404	3.895	2.125	21655.6
0.0940099247920602	0.0941399246880602	4.742	2.679	31314.61
0.14100988719209	0.14111988710409	5.754	3.402	52249.37
0.211009831192135	0.211139831088135	8.31	4.6	74476.72
0.316009747192202	0.316259746992202	10.39	6.616	99820.16
0.474009620792303	0.474299620560304	15.635	9.093	136520.32
0.711009431192455	0.711179431056455	20.452	12.735	281795.93
1.06600914719268	1.06613914708868	25.407	16.456	363399.23
1.59900872079302	1.59911872070502	43.921	23.313	461889.38
2.39800808159353	2.39813808148954	54.292	33.344	557412.28
3.5969971224023	3.5971171223063	96.677	49.571	653776.14
5.39500568399545	5.39513568389145	123.314	73.724	717330.16
8.09199352640518	8.09207352634118	210.955	108.769	741094.83
12.1379902896078	12.1381102895118	280.954	167.283	724038.69
18.2069954344037	18.2071654342677	419.032	250.56	736290.36
27.3099881520095	27.3102981517615	659.955	376.123	756211.06
37.3099801520159	37.3101901518479	996.6	494.713	779028.55
47.3099721520223	47.3100821519343	1309.37	619.976	802169.76
57.3099641520287	57.3101541518767	1648.009	761.695	823863.21
67.3099561520351	67.3100461519631	2003.136	900.564	845408.04
77.3099481520415	77.3101181519055	2302.455	1021.975	867339.02
87.3099401520479	87.3100101519919	2633.045	1136.721	890224.58
97.3099321520543	97.3100821519343	2968.424	1274.929	911715.36
