0.00100999919200065	0.00125999899200081	1.645	0.95	355.33
0.00200999839200129	0.0023399981280015	1.757	0.94	849.3
0.00300999759200193	0.00305999755200196	2.172	0.955	1116.57
0.00400999679200257	0.00413999668800265	1.987	0.989	1488.68
0.00600999519200385	0.00611999510400392	2.153	1.054	2403.2
0.00899999280000576	0.00917999265600588	2.361	1.125	3526.49
0.0130099895920083	0.0131399894880084	2.665	1.162	5220.47
0.0190099847920122	0.0192599845920123	2.629	1.293	7515.89
0.0279999776000179	0.028079977536018	3.3	1.548	10495.62
0.0420099663920269	0.042119966304027	3.312	1.756	15641.19
0.0630099495920403	0.0631799494560404	4.076	2.197	24397.58
0.0940099247920602	0.0941399246880602	4.734	2.701	33376.63
0.14099988720009	0.14111988710409	5.83	3.468	52592.46
0.211009831192135	0.211139831088135	8.214	4.551	74476.72
0.316009747192202	0.316079747136202	11.643	6.245	102286.38
0.474009620792303	0.474119620704303	44.792	8.33	152366.22
0.711009431192455	0.711179431056455	18.616	12.88	196923.9
1.06600914719268	1.06613914708868	24.71	16.23	371742.88
1.59899872080102	1.59911872070502	41.499	23.449	469081.35
2.39800808159353	2.39813808148954	58.82	32.894	563984.29
3.5970071223943	3.5971171223063	111.261	50.271	658319.37
5.39500568399545	5.39513568389145	123.386	75.19	721827.28
8.09199352640518	8.09207352634118	239.105	110.68	740785.35
12.1380002895998	12.1381102895118	263.005	164.923	723677.93
18.2069854344117	18.2071654342677	460.588	245.428	737428.84
27.3099881520095	27.3101181519055	653.017	362.024	757557.91
37.3099801520159	37.3101901518479	998.98	499.959	779868.77
47.3099721520223	47.3102621517903	1348.246	628.616	802340.33
57.3099641520287	57.3101541518767	1629.125	755.762	823886.56
67.3099561520351	67.3102261518191	2002.927	887.915	846042.55
77.3099481520415	77.3101181519055	2317.468	1010.493	867574.65
87.3099401520479	87.3100101519919	2615.769	1144.098	889522.97
97.3099321520543	97.3100821519343	2982.259	1277.125	911922.54
