0.00100999919200065	0.00107999913600069	1.615	0.939	422.76
0.00200999839200129	0.00215999827200138	1.728	0.94	786.28
0.00300999759200193	0.00323999740800207	1.925	1.148	1155.8
0.00400999679200257	0.00413999668800265	2.237	1.095	1629.28
0.00599999520000384	0.00629999496000403	2.203	1.067	2302.38
0.00900999279200577	0.00917999265600588	2.32	1.11	3641.77
0.0130099895920083	0.0131399894880084	3.795	1.158	4969.22
0.0190099847920122	0.0192599845920123	2.958	1.37	7628.62
0.0279999776000179	0.0282599773920181	4.261	1.499	10495.62
0.0420099663920269	0.042119966304027	3.354	1.786	14795.78
0.0630099495920403	0.0631799494560404	4.182	2.131	21830.25
0.0940099247920602	0.0941399246880602	5.16	2.627	35203.95
0.14100988719209	0.14129988696009	6.147	3.883	51487.96
0.211009831192135	0.211139831088135	7.462	4.581	74476.72
0.316009747192202	0.316259746992202	10.514	6.371	102286.38
0.474009620792303	0.474119620704303	14.019	8.437	145801.03
0.711009431192455	0.711179431056455	20.391	11.891	280846.52
1.06600914719268	1.06613914708868	27.182	16.629	378480.37
1.59900872079302	1.59911872070502	47.466	23.647	480436.57
2.39800808159353	2.39831808134553	78.863	33.142	561054
3.5970071223943	3.5971171223063	81.721	49.634	654907.27
5.39500568399545	5.39513568389145	124.661	74.607	717383.15
8.09200352639718	8.09207352634118	174.259	106.168	741091.2
12.1380002895998	12.1381102895118	306.147	168.931	723218.15
18.2069954344037	18.2071654342677	397.472	246.026	737669.44
27.3099881520095	27.3101181519055	665.69	358.681	757554.69
37.3099801520159	37.3101901518479	976.06	495.982	779399.89
47.3099721520223	47.3102621517903	1311.733	622.984	801815.34
57.3099641520287	57.3101541518767	1633.784	774.196	823854.25
67.3099561520351	67.3100461519631	2014.568	893.303	846043.5
77.3099481520415	77.3101181519055	2314.66	1005.967	867913.43
87.3099401520479	87.3101901518479	2658.511	1150.907	889765.8
97.3099321520543	97.3100821519343	2977.229	1277.466	911727.72
