0.00100999919200065	0.00107999913600069	1.657	0.896	379.14
0.00200999839200129	0.00215999827200138	1.772	0.996	821.74
0.00299999760000192	0.00305999755200196	1.838	0.957	1116.57
0.00400999679200257	0.00413999668800265	2.024	0.947	1426.03
0.00600999519200385	0.00611999510400392	2.177	0.997	2213.12
0.00900999279200577	0.00917999265600588	5.297	1.078	3672.49
0.0130099895920083	0.0131399894880084	2.525	1.198	4507.63
0.0190099847920122	0.0190799847360122	2.738	1.272	7199.9
0.0280099775920179	0.0282599773920181	6.174	1.906	10673.62
0.0420099663920269	0.0422999661600271	3.398	1.716	16563.86
0.0630099495920403	0.0631799494560404	3.934	2.04	26108.7
0.0940099247920602	0.0941399246880602	4.829	2.628	33662.76
0.14100988719209	0.14129988696009	6.868	3.426	51639.68
0.210999831200135	0.211139831088135	7.49	5.098	74476.72
0.316009747192202	0.316259746992202	10.539	6.249	99198.25
0.474009620792303	0.474119620704303	14.379	8.819	147348.66
0.711009431192455	0.711179431056455	41.114	11.866	287128.41
1.06600914719268	1.06631914694468	27.069	17.41	354890.79
1.59899872080102	1.59911872070502	41.652	23.131	471303.84
2.39800808159353	2.39813808148954	64.498	33.875	555764.08
3.5970071223943	3.5971171223063	101.155	50.124	651038.63
5.39499568400345	5.39513568389145	184.365	74.228	721615.23
8.09200352639718	8.09225352619718	199.218	109.446	740577.49
12.1380002895998	12.1382902893678	290.169	168.646	722702.71
18.2069954344037	18.2071654342677	398.194	243.859	737349.96
27.3099881520095	27.3101181519055	654.012	363.648	757452.42
37.3099801520159	37.3100101519919	993.846	495.411	779954.78
47.3099721520223	47.3100821519343	1334.305	629.729	801952.38
57.3099641520287	57.3099741520207	1643.112	751.625	823684.53
67.3099561520351	67.3100461519631	2015.865	885.48	846681.94
77.3099481520415	77.3101181519055	2301.447	1032.518	868340.1
87.3099401520479	87.3100101519919	2652.201	1152.991	890442.66
97.3099221520623	97.3100821519343	2989.958	1293.38	911768.87
