0.00099999920000064	0.00107999913600069	2.527	0.965	363.27
0.00200999839200129	0.00215999827200138	1.617	0.818	817.8
0.00300999759200193	0.00323999740800207	1.708	0.87	1171.49
0.00400999679200257	0.00413999668800265	1.813	0.863	1562.91
0.00600999519200385	0.00611999510400392	2.027	0.874	2077.16
0.00900999279200577	0.00917999265600588	2.342	0.946	3464.97
0.0130099895920083	0.0131399894880084	2.403	0.962	5307.95
0.0189999848000122	0.0192599845920123	2.432	1.023	7684.97
0.0280099775920179	0.028079977536018	2.904	1.141	10836.64
0.0420099663920269	0.042119966304027	3.108	1.339	16026.46
0.0629999496000403	0.0631799494560404	3.606	1.536	23277.87
0.0940099247920602	0.0941399246880602	4.59	1.874	34589.13
0.14100988719209	0.14111988710409	5.898	2.383	50420.36
0.210999831200135	0.211319830944135	6.611	3.134	75815.93
0.316009747192202	0.316079747136202	9.133	4.438	100669.67
0.474009620792303	0.474299620560304	12.358	6.492	140460.69
0.711009431192455	0.711179431056455	20.206	9.558	285146.44
1.06600914719268	1.06613914708868	24.454	13.827	354701.47
1.59900872079302	1.59929872056102	36.809	21.455	465208.64
2.39800808159353	2.39813808148954	58.949	32.004	574461.55
3.5970071223943	3.5971171223063	78.617	47.682	653190.54
5.39500568399545	5.39513568389145	163.685	72.433	720041.47
8.09200352639718	8.09225352619718	175.984	107.755	741018.08
12.1380002895998	12.1381102895118	263.773	160.438	724071.55
18.2069954344037	18.2071654342677	415.766	241.486	737539.94
27.3099881520095	27.3101181519055	658.285	358.528	756442.89
37.3099801520159	37.3101901518479	979.551	492.412	779755.95
47.3099721520223	47.3100821519343	1317.55	606.317	801363.82
57.3099641520287	57.3101541518767	1634.224	756.032	823562.73
67.3099561520351	67.3102261518191	1984.362	875.116	845553.11
77.3099481520415	77.3101181519055	2306.952	1011.965	868523.09
87.3099301520559	87.3101901518479	2644.438	1152.445	889603.3
97.3099321520543	97.3100821519343	2968.622	1627.849	911713.61
