0.00100999919200065	0.00125999899200081	1.547	0.844	367.24
0.00200999839200129	0.00215999827200138	1.621	0.804	817.8
0.00300999759200193	0.00323999740800207	1.646	0.842	1261.64
0.00400999679200257	0.00413999668800265	1.869	0.885	1539.47
0.00600999519200385	0.00611999510400392	2.058	0.92	2302.38
0.00900999279200577	0.00917999265600588	3.673	0.952	3660.97
0.0130099895920083	0.0131399894880084	2.462	0.975	5113.93
0.0190099847920122	0.0192599845920123	2.55	1.017	7459.5
0.0279999776000179	0.028079977536018	2.929	1.204	10673.62
0.0419999664000269	0.0422999661600271	3.034	1.357	15502.96
0.0630099495920403	0.0631799494560404	3.532	1.589	22872.73
0.0940099247920602	0.0941399246880602	4.273	1.877	34344.99
0.14100988719209	0.14111988710409	5.296	2.347	46544.75
0.211009831192135	0.211319830944135	7.017	3.203	73247.11
0.316009747192202	0.316079747136202	9.411	4.39	99177.35
0.474009620792303	0.474119620704303	13.827	6.313	145801.03
0.711009431192455	0.711179431056455	17.29	9.816	194949.9
1.06600914719268	1.06631914694468	32.895	14.27	375114.56
1.59900872079302	1.59911872070502	41.953	20.932	479721.77
2.39800808159353	2.39831808134553	55.862	30.835	566868.49
3.5969971224023	3.5972971221623	78.944	46.137	650801.98
5.39500568399545	5.39513568389145	136.261	71.21	721794.34
8.09200352639718	8.09225352619718	212.986	105.762	741079.21
12.1380002895998	12.1381102895118	294.273	161.96	723007.89
18.2069954344037	18.2071654342677	383.307	239.82	737501.92
27.3099881520095	27.3101181519055	660.268	359.144	756831.92
37.3099701520239	37.3100101519919	984.721	486.297	779697.51
47.3099721520223	47.3102621517903	1305.419	619.095	802349.86
57.3099641520287	57.3101541518767	1643.243	743.63	823901.97
67.3099561520351	67.3102261518191	2016.448	878.176	846383.69
77.3099481520415	77.3101181519055	2306.155	1013.737	867373.31
87.3099401520479	87.3100101519919	2639.612	1139.436	890296.65
97.3099321520543	97.3100821519343	2941.765	1659.423	911719.82
