0.00100999919200065	0.00125999899200081	1.59	0.896	410.86
0.00200999839200129	0.00215999827200138	1.699	1.144	778.4
0.00300999759200193	0.00323999740800207	1.837	0.911	1238.13
0.00400999679200257	0.00413999668800265	1.936	1.062	1789.17
0.00599999520000384	0.00611999510400392	2.722	0.977	2519.43
0.00900999279200577	0.00917999265600588	2.412	1.04	3210.92
0.0130099895920083	0.0131399894880084	2.508	1.218	5148.18
0.0190099847920122	0.0190799847360122	3.33	1.229	6856.77
0.0279899776080179	0.028079977536018	3.1	1.624	10558.67
0.0420099663920269	0.0422999661600271	3.372	1.785	16193.47
0.0630099495920403	0.0631799494560404	6.008	2.096	23018.77
0.0940099247920602	0.0941399246880602	4.707	2.753	31890.3
0.14099988720009	0.14111988710409	6.171	3.326	51860.59
0.211009831192135	0.211139831088135	7.863	4.644	67382.7
0.316009747192202	0.316079747136202	10.253	6.387	92293.08
0.474009620792303	0.474299620560304	13.883	8.54	136523.1
0.711009431192455	0.711179431056455	22.029	12.043	185799.53
1.06599914720068	1.06613914708868	27.429	16.766	351283.06
1.59900872079302	1.59911872070502	37.429	23.636	468132.15
2.39800808159353	2.39813808148954	61.291	33.298	580146.9
3.5970071223943	3.5971171223063	151.731	50.127	663994.25
5.39500568399545	5.39513568389145	124.8	74.475	716394.22
8.09200352639718	8.09225352619718	180.485	107.314	741087.65
12.1380002895998	12.1381102895118	300.763	164.753	724087.96
18.2069954344037	18.2071654342677	390.534	247.275	736655.46
27.3099881520095	27.3101181519055	661.582	362.026	757555.77
37.3099801520159	37.3101901518479	984.523	493.11	780043.89
47.3099721520223	47.3102621517903	1310.615	625.955	801857.05
57.3099641520287	57.3101541518767	1654.463	749.641	824748.95
67.3099561520351	67.3102261518191	1971.455	888.549	846036.82
77.3099481520415	77.3101181519055	2323.628	1062.623	867429.63
87.3099401520479	87.3101901518479	2884.905	1175.752	890134.5
97.3099321520543	97.3100821519343	2973.243	1273.735	911923.19
