0.00199999840000128	0.0179999856000115	7.318	1.231	845.36
0.00299999760000192	0.0199799840160128	9.616	1.208	1198.94
0.00399999680000256	0.0219599824320141	8.344	1.355	1640.98
0.0049999960000032	0.0221399822880142	7.394	1.253	1960.5
0.00699999440000448	0.0241199807040154	11.418	1.322	2859.76
0.0099999920000064	0.028079977536018	8.492	1.371	4094.34
0.013999988800009	0.0300599759520192	8.164	1.447	5285.13
0.0199999840000128	0.035999971200023	8.384	1.508	6992.48
0.0289999768000186	0.0458999632800294	18.878	1.725	11399.3
0.0429999656000275	0.0601199519040385	15.264	2.072	16305.97
0.063999948800041	0.0800999359200513	11.812	2.357	24620.26
0.0949999240000608	0.111959910432072	16.49	3.476	35993.08
0.13999988800009	0.1560598751521	23.161	3.722	44593.31
0.211999830400136	0.228059817552146	25.351	5.038	72493.64
0.316999746400203	0.333899732880214	39.887	7.699	111787.07
0.473999620800303	0.489959608032314	50.321	9.103	145798.3
0.710999431200455	0.728099417520466	70.621	12.735	273496.84
1.06699914640068	1.08395913283269	131.578	17.408	363304.82
1.59999872000102	1.61801870558504	145.226	25.381	476463.65
2.39799808160153	2.41397806881754	187.075	36.598	575065.66
3.5979971216023	3.61601710718631	253.11	52.372	657515.06
5.39599568320345	5.41205567035546	330.329	81.202	718991.45
8.09299352560518	8.11007351194119	520.58	117.241	740867.42
12.1389902888078	12.1559302752558	750.329	181.222	723804.61
18.2079854336117	18.2260654191477	1141.366	272.584	736756.44
27.3109781512175	27.3281181375055	1592.474	401.676	756356.04
37.3109701512239	37.3280101375919	2192.347	533.305	779337.74
47.3109621512303	47.3279021376783	2613.543	676.449	801541.79
57.3109541512367	57.3279741376207	3148.213	808.211	823245.68
67.3109461512431	67.3280461375631	3752.224	974.947	845993.16
77.3109381512495	77.3279381376495	4398.473	1099.576	868134.2
87.3109301512559	87.3280101375919	4762.546	1233.459	889466.2
97.3109221512623	97.3279021376783	5331.305	1369.588	911663.81
