0.00199999840000128	0.0179999856000115	7.39	1.004	825.67
0.00199999840000128	0.0199799840160128	9.6	1.017	1198.94
0.00399999680000256	0.0221399822880142	8.272	1.024	1457.4
0.0049999960000032	0.0219599824320141	12.317	1.085	2061.61
0.00699999440000448	0.0241199807040154	7.241	1.069	2902.38
0.0099999920000064	0.0260999791200167	23.503	1.102	3803.01
0.0129999896000083	0.0300599759520192	8.882	1.079	5459.97
0.0199999840000128	0.0381599694720244	8.669	1.193	7617.35
0.0279999776000179	0.0439199648640281	21.654	1.372	10480.79
0.0429999656000275	0.0601199519040385	9.849	1.512	16832.02
0.063999948800041	0.0818999344800524	11.136	1.831	24620.26
0.0949999240000608	0.111959910432072	13.685	2.156	35265.74
0.141999886400091	0.160019871984102	16.581	2.944	49161.11
0.211999830400136	0.230039815968147	19.997	3.618	85686.44
0.316999746400203	0.333899732880214	40.24	5.202	111787.07
0.474999620000304	0.491939606448315	80.422	7.3	132640.41
0.711999430400456	0.730079415936467	76.914	11.462	298753.34
1.06699914640068	1.08413913268869	111.318	15.322	364022.37
1.59999872000102	1.61585870731303	139.994	22.684	472848.3
2.39899808080154	2.41595806723355	176.412	34.9	559680.48
3.5979971216023	3.61601710718631	232.996	50.352	656547.73
5.39599568320345	5.41403566877147	359.41	76.411	718938.23
8.09299352560518	8.10989351208519	544.407	113.854	740764.14
12.1389902888078	12.1561102751118	725.235	176.828	723531.3
18.2079854336117	18.2260654191477	1103.984	261.842	736740.72
27.3109781512175	27.3279381376495	1557.363	387.914	756854.09
37.3099701520239	37.3260301391759	2106.645	529.879	778521.35
47.3099621520303	47.3279021376783	2632.023	669.848	801182.21
57.3109541512367	57.3277941377647	3123.745	803.25	823290.2
67.3109461512431	67.3280461375631	3773.658	947.267	844961.98
77.3109381512495	77.3279381376495	4242.478	1096.431	866733.46
87.3109301512559	87.3278301377359	4803.605	1219.188	889278.47
97.3109221512623	97.3279021376783	5158.035	3070.142	911568.59
