0.00199999840000128	0.0199799840160128	7.223	1.175	845.36
0.00299999760000192	0.0199799840160128	7.187	1.17	1629.28
0.00299999760000192	0.0199799840160128	7.544	1.305	1198.94
0.0049999960000032	0.0219599824320141	7.341	1.191	1983.84
0.00699999440000448	0.0239399808480153	7.696	1.267	2770.89
0.0099999920000064	0.0259199792640166	8.204	1.309	3695.53
0.013999988800009	0.0318599745120204	12.799	1.531	4877.77
0.0199999840000128	0.0379799696160243	9.631	1.59	7891.43
0.0279999776000179	0.0439199648640281	22.946	1.799	9853.06
0.0429999656000275	0.0599399520480384	10.342	1.986	15204.41
0.063999948800041	0.0818999344800524	12.552	2.457	21059.17
0.0949999240000608	0.112139910288072	15.691	3.058	36212.25
0.14099988720009	0.157859873712101	16.943	3.908	50198.72
0.210999831200135	0.228059817552146	28.852	5.617	80994.69
0.316999746400203	0.333899732880214	36.057	6.721	105217.41
0.474999620000304	0.491939606448315	57.522	9.318	148248.71
0.711999430400456	0.728099417520466	83.267	12.829	196384.6
1.06699914640068	1.08395913283269	112.577	18.14	403587.12
1.59999872000102	1.61603870716903	157.15	25.228	448334.85
2.39899808080154	2.41595806723355	217.69	36.76	583708.24
3.5979971216023	3.61403710877031	275.278	53.753	650111.74
5.39599568320345	5.41205567035546	372.564	82.859	722223.59
8.09299352560518	8.10989351208519	497.478	119.545	740975.46
12.1389902888078	12.1559302752558	749.858	179.669	723602.37
18.2079854336117	18.2240854207317	1058.901	267.055	737206.08
27.3109781512175	27.3279381376495	1624.433	401.013	757330.25
37.3109701512239	37.3280101375919	2078.811	526.041	779624.81
47.3109621512303	47.3280821375343	2592.435	665.92	800769.87
57.3109541512367	57.3279741376207	3242.273	818.288	823227.26
67.3109461512431	67.3280461375631	3808.878	956.574	845836.8
77.3109381512495	77.3279381376495	4217.811	1085.305	867379.03
87.3109301512559	87.3278301377359	4949.462	1234.667	889328.82
97.3109221512623	97.3279021376783	5230.893	1351.544	911566.22
