0.00199999840000128	0.0179999856000115	7.396	1.316	790.22
0.00299999760000192	0.0201599838720129	7.582	1.296	1104.8
0.00399999680000256	0.0219599824320141	9.917	1.379	1574.62
0.0049999960000032	0.0219599824320141	7.804	1.405	1894.33
0.00599999520000384	0.0219599824320141	7.773	1.393	3006.59
0.0099999920000064	0.0259199792640166	8.451	1.487	4415.93
0.013999988800009	0.0320399743680205	8.272	1.601	5668.99
0.0199999840000128	0.0379799696160243	10.163	1.715	6992.48
0.0289999768000186	0.0460799631360295	9.507	1.942	12126.24
0.0429999656000275	0.0599399520480384	12.516	2.219	16182.58
0.063999948800041	0.0800999359200513	12.389	2.525	24620.26
0.0949999240000608	0.111959910432072	14.235	3.186	35402.96
0.14099988720009	0.158039873568101	17.471	4.683	47005.04
0.211999830400136	0.230039815968147	24.933	5.569	72301.34
0.316999746400203	0.334079732736214	37.268	7.414	102928.29
0.474999620000304	0.491939606448315	68.41	9.888	144926.98
0.711999430400456	0.729899416080467	78.813	14.185	192644.09
1.06699914640068	1.08395913283269	127.037	18.949	360964.56
1.59999872000102	1.61801870558504	122.237	26.668	474354.56
2.39899808080154	2.41613806708955	193.751	40.697	570936.54
3.5969971224023	3.61403710877031	285.182	57.932	666467.31
5.39599568320345	5.41205567035546	347.632	86.152	717837.6
8.09299352560518	8.10989351208519	502.175	126.103	740825.39
12.1389902888078	12.1561102751118	734.23	191.474	723024.81
18.2079854336117	18.2239054208757	1057.457	283.606	736634.55
27.3109781512175	27.3279381376495	1599.656	422.608	756935.57
37.3109701512239	37.3278301377359	2069.573	578.072	778991.12
47.3109621512303	47.3280821375343	2621.539	724.703	801464.58
57.3109541512367	57.3279741376207	3227.987	867.659	823251.43
67.3109461512431	67.3280461375631	3725.735	1008.673	845909.23
77.3109381512495	77.3279381376495	4314.822	1160.599	867650.26
87.3109301512559	87.3278301377359	4843.327	1319.529	889481.07
97.3109221512623	97.3279021376783	5473.729	1481.702	911640.11
