0.00199999840000128	0.0199799840160128	21.851	1.029	790.22
0.00299999760000192	0.0199799840160128	6.879	0.964	1187.18
0.00299999760000192	0.0199799840160128	8.049	1.012	1570.72
0.0049999960000032	0.0219599824320141	7.416	1.018	2003.29
0.00699999440000448	0.0239399808480153	7.84	1.136	2817.26
0.0099999920000064	0.0259199792640166	11.887	1.154	4282.09
0.013999988800009	0.0298799760960191	8.836	1.258	5380.17
0.0189999848000122	0.035999971200023	8.291	1.43	7591.05
0.0289999768000186	0.0460799631360295	9.175	1.442	11043.96
0.0429999656000275	0.0599399520480384	10.374	1.483	14427.11
0.063999948800041	0.0800999359200513	11.321	1.721	26798.08
0.0949999240000608	0.112139910288072	14.072	2.202	34386.26
0.14099988720009	0.158039873568101	20.933	2.747	49161.11
0.210999831200135	0.228059817552146	20.516	3.588	72301.34
0.316999746400203	0.333899732880214	34.617	5.246	109710.03
0.474999620000304	0.491939606448315	54.04	7.291	133545.89
0.711999430400456	0.729899416080467	76.229	10.599	283851.84
1.06699914640068	1.08395913283269	100.423	15.376	386281.51
1.59899872080102	1.61603870716903	129.578	23.238	469025.29
2.39899808080154	2.41595806723355	167.005	34.612	574966.37
3.5979971216023	3.61403710877031	259.45	51.763	658523.42
5.39499568400345	5.41205567035546	362.724	78.606	722137.99
8.09199352640518	8.11007351194119	495.131	113.928	740982.18
12.1389902888078	12.1561102751118	775.829	175.067	723562.63
18.2079854336117	18.2260654191477	1085.484	263.054	736764.24
27.3109781512175	27.3279381376495	1683.252	391.236	757554.13
37.3099701520239	37.3280101375919	2167.595	526.629	778885.74
47.3109621512303	47.3279021376783	2666.138	657.997	801196.22
57.3109541512367	57.3279741376207	3266.532	799.199	823451.82
67.3109461512431	67.3278661377071	3679.188	948.225	845751.35
77.3109381512495	77.3279381376495	4226.061	1080.257	867858.79
87.3109301512559	87.3280101375919	5918.166	1225.502	889263.52
97.3109221512623	97.3279021376783	5139.738	3074.851	911545.03
