0.00199999840000128	0.0179999856000115	7.11	1.454	758.69
0.00199999840000128	0.0199799840160128	7.104	1.176	1281.23
0.00399999680000256	0.0221399822880142	7.764	1.212	1711.2
0.0049999960000032	0.0219599824320141	8.183	1.168	2034.4
0.00599999520000384	0.0241199807040154	8.136	1.661	2778.62
0.0099999920000064	0.0260999791200167	8.661	1.39	4029.22
0.013999988800009	0.0300599759520192	8.202	1.416	4873.96
0.0179999856000115	0.0340199727840218	8.515	1.504	6879.4
0.0279999776000179	0.0439199648640281	9.309	1.67	10725.5
0.0429999656000275	0.0601199519040385	11.078	1.979	16229.77
0.063999948800041	0.0820799343360525	12.505	2.36	24383.44
0.0949999240000608	0.111959910432072	16.175	3.056	35746.41
0.141999886400091	0.158039873568101	16.15	3.76	54632.73
0.211999830400136	0.230039815968147	23.728	5.528	69789.73
0.316999746400203	0.334079732736214	62.876	7.488	121592.69
0.474999620000304	0.492119606304315	57.564	9.296	150147.38
0.710999431200455	0.728099417520466	71.522	12.624	278592.51
1.06699914640068	1.08413913268869	119.083	19.117	381233.33
1.59999872000102	1.61603870716903	144.957	26.341	472624.63
2.39899808080154	2.41613806708955	183.472	35.814	562141.04
3.5969971224023	3.61403710877031	245.354	53.17	663731.77
5.39599568320345	5.41403566877147	352.032	79.832	724266.74
8.09299352560518	8.11007351194119	508.587	118.082	740880.72
12.1389902888078	12.1561102751118	714.031	178.214	723484
18.2079854336117	18.2260654191477	1069.509	267.016	736570.48
27.3109781512175	27.3279381376495	1580.953	391.265	756974.69
37.3109701512239	37.3280101375919	2139.344	543.727	779358.78
47.3109621512303	47.3280821375343	2589.575	677.154	801473.04
57.3099541520367	57.3259941392047	3138.525	806.817	823059.08
67.3109461512431	67.3278661377071	3703.335	949.893	844934.87
77.3109381512495	77.3279381376495	4181.269	1078.817	867214.53
87.3109301512559	87.3278301377359	4739.819	1228.641	889285.72
97.3109221512623	97.3279021376783	5290.789	1372.209	911648.51
