0.00199999840000128	0.0179999856000115	21.518	1.161	1281.23
0.00199999840000128	0.0199799840160128	7.236	1.237	802.04
0.00399999680000256	0.0219599824320141	7.481	1.236	1559
0.0049999960000032	0.0221399822880142	8.154	1.221	1956.61
0.00599999520000384	0.0239399808480153	7.569	1.299	2767.03
0.0099999920000064	0.0278999776800179	7.907	1.336	4274.44
0.0129999896000083	0.0298799760960191	8.108	1.416	5668.99
0.0199999840000128	0.035999971200023	9.384	1.516	7309.05
0.0289999768000186	0.0460799631360295	9.23	1.709	11591.38
0.0429999656000275	0.0599399520480384	11.785	1.959	15971.97
0.063999948800041	0.0800999359200513	26.253	2.35	21430.45
0.0939999248000602	0.111959910432072	14.062	2.951	33817.78
0.13999988800009	0.158039873568101	18.655	3.698	51969.36
0.211999830400136	0.230039815968147	55.35	5.367	78527.77
0.316999746400203	0.333899732880214	40.998	7.248	113699.86
0.474999620000304	0.491939606448315	51.78	8.976	142453.07
0.711999430400456	0.727919417664466	79.583	12.984	196891.6
1.06599914720068	1.08197913441669	95.894	17.319	370407.68
1.59999872000102	1.61585870731303	131.815	25.912	476903.78
2.39899808080154	2.41595806723355	180.809	37.485	563844.85
3.5969971224023	3.61403710877031	271.016	55.529	659923.03
5.39599568320345	5.41385566891547	370.446	82.558	719797.41
8.09299352560518	8.11007351194119	521.154	118.637	740884.22
12.1389902888078	12.1559302752558	746.145	177.534	723362.59
18.2079854336117	18.2239054208757	1086.463	274.146	736345.99
27.3109781512175	27.3281181375055	1507.046	396.149	756364.28
37.3099701520239	37.3258501393199	2093.862	526.943	779479.49
47.3109621512303	47.3279021376783	2629.464	672.209	800664.85
57.3109541512367	57.3279741376207	3378.47	824.955	823470.39
67.3109461512431	67.3278661377071	3676.071	950.356	845627.9
77.3109381512495	77.3279381376495	4284.84	1092.704	867715.26
87.3109301512559	87.3280101375919	4744.192	1230.855	889844.01
97.3109221512623	97.3279021376783	5666.686	1362.355	911648.6
