0.00199999840000128	0.0179999856000115	7.225	0.957	821.74
0.00299999760000192	0.0199799840160128	7.128	1.015	1171.49
0.00399999680000256	0.0201599838720129	7.557	1.019	1664.4
0.0049999960000032	0.0219599824320141	7.67	0.995	1995.51
0.00699999440000448	0.0239399808480153	7.322	1.01	2790.22
0.0099999920000064	0.0259199792640166	7.596	1.097	3803.01
0.013999988800009	0.0300599759520192	7.852	1.114	5311.75
0.0199999840000128	0.035999971200023	8.309	1.364	7715.01
0.0289999768000186	0.0460799631360295	8.754	1.334	11155.26
0.0429999656000275	0.0599399520480384	11.738	1.484	16182.58
0.063999948800041	0.0799199360640512	10.799	1.748	23788.38
0.0949999240000608	0.111959910432072	13.6	2.473	30686.44
0.141999886400091	0.158039873568101	23.661	2.802	45334.27
0.211999830400136	0.229859816112147	23.736	3.645	69789.73
0.315999747200202	0.332099734320213	33.82	5.108	92144.71
0.474999620000304	0.491939606448315	48.277	7.766	148248.71
0.710999431200455	0.728099417520466	69.684	10.805	306642
1.06599914720068	1.08395913283269	100.518	15.421	354206.7
1.59999872000102	1.61783870572904	123.813	23.194	491303.34
2.39899808080154	2.41595806723355	178.853	34.433	580074.36
3.5979971216023	3.61403710877031	247.516	51.936	656344.02
5.39599568320345	5.41187567049946	1006.547	78.553	720488.24
8.09299352560518	8.10989351208519	493.69	115.588	740851.15
12.1389902888078	12.1559302752558	743.71	178.847	723362.53
18.2079854336117	18.2258854192917	1063.997	264.476	736894.9
27.3089781528175	27.3259581392335	1553.01	388.199	756393.86
37.3099701520239	37.3280101375919	2112.552	524.629	778811.3
47.3109621512303	47.3279021376783	2651.172	663.305	800835.16
57.3109541512367	57.3279741376207	3175.584	797.717	823612.47
67.3099461520431	67.3278661377071	3620.99	960.574	845742.47
77.3109381512495	77.3279381376495	4381.532	1084.749	868190.99
87.3109301512559	87.3280101375919	4775.603	1233.429	889294.94
97.3109221512623	97.3279021376783	5129.87	3070.402	911607.08
