0.00199999840000128	0.0199799840160128	7.907	1.201	778.4
0.00199999840000128	0.0199799840160128	7.318	1.168	1104.8
0.00399999680000256	0.0219599824320141	7.666	1.487	1551.19
0.0049999960000032	0.0219599824320141	7.559	1.247	2034.4
0.00599999520000384	0.0239399808480153	8.048	1.566	2608.46
0.0099999920000064	0.028079977536018	7.919	1.38	3722.41
0.013999988800009	0.0320399743680205	8.461	1.43	5437.17
0.0199999840000128	0.035999971200023	8.581	1.55	7699.99
0.0289999768000186	0.0458999632800294	9.141	1.749	13299.34
0.0429999656000275	0.0601199519040385	10.669	1.956	16182.58
0.063999948800041	0.0820799343360525	12.039	2.401	25939.77
0.0949999240000608	0.111959910432072	21.188	3.024	30686.44
0.141999886400091	0.157859873712101	19.036	3.84	44593.31
0.211999830400136	0.230039815968147	21.684	5.106	65548.92
0.316999746400203	0.333899732880214	36.449	7.045	107546.46
0.473999620800303	0.489959608032314	55.167	9.43	145893.97
0.711999430400456	0.728099417520466	97.187	12.671	182350.44
1.06599914720068	1.08197913441669	112.173	17.484	363342.68
1.59999872000102	1.61603870716903	141.823	25.507	468793.21
2.39899808080154	2.41595806723355	203.679	38.569	564822.22
3.5979971216023	3.61403710877031	283.693	54.66	651147.19
5.39599568320345	5.41187567049946	338.006	82.27	715018.54
8.09299352560518	8.11007351194119	525.272	118.643	741041.33
12.1389902888078	12.1561102751118	715.93	181.832	723496.8
18.2079854336117	18.2240854207317	997.275	268.753	736322.51
27.3109781512175	27.3281181375055	1555.157	400.688	756435.9
37.3099701520239	37.3260301391759	2192.089	526.477	778955.9
47.3109621512303	47.3280821375343	2628.042	674.813	801317.01
57.3109541512367	57.3279741376207	3617.189	813.841	823621.48
67.3109461512431	67.3280461375631	3714.149	963.963	845525.7
77.3109381512495	77.3279381376495	4340.329	1104.091	868068.35
87.3109301512559	87.3278301377359	4832.256	1223.015	889248.64
97.3109221512623	97.3279021376783	5382.192	1385.871	911534.02
