0.00199999840000128	0.0199799840160128	7.063	1.38	805.98
0.00299999760000192	0.0199799840160128	7.243	1.193	1214.62
0.00399999680000256	0.0199799840160128	7.52	1.191	1453.49
0.0049999960000032	0.0219599824320141	7.909	1.307	1824.24
0.00599999520000384	0.0239399808480153	8.693	1.36	3006.59
0.00899999280000576	0.0259199792640166	7.9	1.343	3511.11
0.0119999904000077	0.028079977536018	7.83	1.635	5459.97
0.0199999840000128	0.035999971200023	8.576	1.567	8637.09
0.0289999768000186	0.0458999632800294	12.627	1.732	12126.24
0.0429999656000275	0.0601199519040385	14.404	2.378	16832.02
0.063999948800041	0.0800999359200513	13.819	2.484	25901.05
0.0949999240000608	0.112139910288072	14.917	2.961	38469.59
0.141999886400091	0.158039873568101	28.45	3.763	45334.27
0.211999830400136	0.228059817552146	27.57	4.958	77107.74
0.315999747200202	0.332099734320213	43.292	7.205	103464.73
0.474999620000304	0.492119606304315	73.956	10.04	130571.67
0.711999430400456	0.728099417520466	70.937	12.642	282710.73
1.06599914720068	1.08197913441669	131.727	17.845	377917.28
1.59999872000102	1.61801870558504	158.461	25.46	482395.7
2.39799808160153	2.41595806723355	197.394	39.204	568309.09
3.5979971216023	3.61601710718631	260.321	54.744	665146.06
5.39599568320345	5.41385566891547	362.577	81.963	718929.46
8.09299352560518	8.10989351208519	519.151	122.546	740959.68
12.1389902888078	12.1561102751118	748.074	182.542	723137.49
18.2069854344117	18.2239054208757	1073.12	271.989	736597.38
27.3109781512175	27.3279381376495	1564.258	391.775	756812.92
37.3109701512239	37.3280101375919	1976.725	530.422	779044.03
47.3109621512303	47.3279021376783	2676.453	681.753	801453.61
57.3109541512367	57.3277941377647	3211.796	807.344	823495.36
67.3109461512431	67.3280461375631	3796.559	960.191	844945.25
77.3109381512495	77.3279381376495	8913.858	1096.174	868288.83
87.3109301512559	87.3278301377359	4844.863	1222.978	889835.98
97.3109221512623	97.3279021376783	5426.561	1375.799	911673.34
