0.00199999840000128	0.0179999856000115	7.55	1.123	802.04
0.00299999760000192	0.0199799840160128	7.682	1.206	1277.31
0.00399999680000256	0.0199799840160128	7.39	1.212	1800.86
0.00399999680000256	0.0221399822880142	8.045	1.218	1551.19
0.00699999440000448	0.0241199807040154	8.936	1.287	2523.3
0.0099999920000064	0.0260999791200167	8.038	1.317	3826.03
0.0129999896000083	0.0300599759520192	8.803	1.398	5456.17
0.0199999840000128	0.0379799696160243	10.652	1.517	7309.05
0.0289999768000186	0.0458999632800294	9.354	1.749	10399.17
0.0419999664000269	0.0599399520480384	10.591	1.997	16672.6
0.063999948800041	0.0799199360640512	13.324	2.885	21109.17
0.0949999240000608	0.111959910432072	13.795	2.859	30610.02
0.141999886400091	0.158039873568101	17.334	3.854	48460.01
0.211999830400136	0.228059817552146	24.061	5.011	64382.56
0.316999746400203	0.333899732880214	35.032	6.615	104874.87
0.474999620000304	0.491939606448315	47.631	8.975	130762.93
0.711999430400456	0.730079415936467	72.43	12.691	280457.6
1.06699914640068	1.08395913283269	112.421	17.996	382529.55
1.59999872000102	1.61801870558504	147.234	25.471	463954.74
2.39899808080154	2.41595806723355	194.719	38.705	559305.47
3.5979971216023	3.61601710718631	265.805	54.266	661404.81
5.39599568320345	5.41205567035546	320.011	80.07	722387.42
8.09299352560518	8.10989351208519	507.835	120.307	740879.41
12.1379902896078	12.1539502768398	800.297	183.732	723685.41
18.2079854336117	18.2239054208757	1128.423	267.999	737061.88
27.3109781512175	27.3279381376495	1492.197	385.682	756637.17
37.3099701520239	37.3280101375919	2032.706	528.043	778845.43
47.3109621512303	47.3279021376783	2654.493	673.68	800793.84
57.3109541512367	57.3279741376207	3201.071	807.212	823121.62
67.3099461520431	67.3258861392911	3727.447	962.243	845773.35
77.3109381512495	77.3279381376495	4190.651	1106.554	866757.13
87.3109301512559	87.3280101375919	4831.231	1232.455	889272.12
97.3109221512623	97.3279021376783	5495.614	1389.465	911574.97
