0.00199999840000128	0.0179999856000115	7.266	1.112	794.16
0.00299999760000192	0.0199799840160128	7.019	1.147	1245.97
0.00399999680000256	0.0199799840160128	7.531	1.132	1601.95
0.0049999960000032	0.0221399822880142	9.447	1.185	1979.95
0.00699999440000448	0.0239399808480153	10.691	1.2	2859.76
0.0099999920000064	0.0278999776800179	9.71	1.268	3511.11
0.013999988800009	0.0320399743680205	8.894	1.516	5471.36
0.0199999840000128	0.035999971200023	8.346	1.351	7252.6
0.0289999768000186	0.0458999632800294	9.046	1.486	11591.38
0.0429999656000275	0.0601199519040385	10.186	1.681	18367.72
0.063999948800041	0.0800999359200513	11.317	2.152	26798.08
0.0949999240000608	0.112139910288072	13.574	2.456	38469.59
0.14099988720009	0.158039873568101	19.619	3.234	49161.11
0.210999831200135	0.228059817552146	20.228	4.087	64382.56
0.316999746400203	0.333899732880214	34.534	5.637	92363.68
0.474999620000304	0.492119606304315	55.21	8.149	157053.71
0.711999430400456	0.727919417664466	83.318	11.8	192351.01
1.06699914640068	1.08413913268869	139.422	16.69	382297.12
1.59899872080102	1.61603870716903	148.681	25.317	486248.12
2.39799808160153	2.41397806881754	194.784	36.128	566364.97
3.5979971216023	3.61403710877031	258.05	56.546	657155.14
5.39599568320345	5.41385566891547	354.239	85.642	721786.5
8.09299352560518	8.10989351208519	478.414	124.558	741088.41
12.1389902888078	12.1559302752558	713.821	184.826	723668.83
18.2079854336117	18.2258854192917	1082.167	283.409	736868.31
27.3109781512175	27.3279381376495	1693.424	423.967	756482.55
37.3109701512239	37.3280101375919	2169.197	614.45	779020.81
47.3109621512303	47.3279021376783	3206.219	719.661	801366.09
57.3099541520367	57.3259941392047	3290.854	847.313	823226.81
67.3109461512431	67.3280461375631	3729.3	1023.794	844945.15
77.3109381512495	77.3279381376495	6119.739	1177.307	867401.49
87.3109301512559	87.3280101375919	4854.454	1310.464	889312.57
97.3109221512623	97.3279021376783	5229.519	3169.034	911680.59
