0.00199999840000128	0.0179999856000115	7.434	0.962	813.86
0.00299999760000192	0.0199799840160128	7.487	0.974	1598.05
0.00299999760000192	0.0201599838720129	6.973	0.97	1218.54
0.0049999960000032	0.0221399822880142	7.581	0.975	1979.95
0.00699999440000448	0.0241199807040154	7.609	1.017	2790.22
0.0099999920000064	0.0259199792640166	11.463	1.088	3918.07
0.013999988800009	0.0320399743680205	13.682	1.14	5448.57
0.0199999840000128	0.035999971200023	8.307	1.169	7913.94
0.0289999768000186	0.0458999632800294	8.956	1.322	9875.37
0.0429999656000275	0.0599399520480384	10.994	1.47	17103.53
0.063999948800041	0.0799199360640512	10.909	1.752	23742.3
0.0939999248000602	0.10997991201607	14.756	2.258	34448.18
0.141999886400091	0.160019871984102	23.958	2.798	52724.06
0.210999831200135	0.228059817552146	21.776	4.456	74033.99
0.316999746400203	0.333899732880214	47.861	5.117	111996.92
0.474999620000304	0.491939606448315	51.901	7.216	148904.15
0.711999430400456	0.727919417664466	75.184	10.37	277356.75
1.06699914640068	1.08395913283269	105.606	15.47	370426.41
1.59999872000102	1.61783870572904	130.326	23.068	464392.93
2.39799808160153	2.41397806881754	173.516	33.782	567871.19
3.5979971216023	3.61601710718631	224.218	50.322	652619.34
5.39599568320345	5.41205567035546	340.091	78.317	721170.55
8.09299352560518	8.10989351208519	507.784	115.28	740718.33
12.1389902888078	12.1561102751118	705.108	177.836	723457.4
18.2079854336117	18.2240854207317	1048.485	260.586	737185.68
27.3109781512175	27.3279381376495	1557.099	387.137	757174.46
37.3109701512239	37.3280101375919	2146.118	525.914	778730.17
47.3109621512303	47.3279021376783	2661.149	668.031	801326.49
57.3099541520367	57.3279741376207	3180.781	823.198	823660.77
67.3109461512431	67.3280461375631	3773.16	937.901	845128.5
77.3109381512495	77.3279381376495	4307.56	1091.243	867225.74
87.3109301512559	87.3280101375919	4734.428	1232.975	889270.66
97.3109221512623	97.3279021376783	5010.817	3077.242	911549.82
