0.00199999840000128	0.0201599838720129	7.014	1.022	805.98
0.00299999760000192	0.0199799840160128	7.326	0.984	1238.13
0.00299999760000192	0.0201599838720129	9.577	1.02	1625.37
0.0049999960000032	0.0219599824320141	7.11	1.005	1800.86
0.00699999440000448	0.0239399808480153	7.992	1.063	3006.59
0.00899999280000576	0.0260999791200167	8.124	1.104	3856.72
0.013999988800009	0.0320399743680205	8.472	1.304	5513.15
0.0199999840000128	0.0379799696160243	8.334	1.188	6879.4
0.0289999768000186	0.0458999632800294	8.962	1.311	9860.5
0.0429999656000275	0.0601199519040385	12.173	1.467	16182.58
0.063999948800041	0.0818999344800524	10.964	1.741	24620.26
0.0949999240000608	0.111959910432072	13.458	2.188	35406.39
0.141999886400091	0.158039873568101	38.935	2.749	51916.64
0.211999830400136	0.229859816112147	39.175	3.646	75596.78
0.316999746400203	0.334079732736214	34.353	5.162	106542.27
0.474999620000304	0.492119606304315	51.351	7.203	148754.64
0.711999430400456	0.727919417664466	83.512	10.864	272803.84
1.06699914640068	1.08395913283269	143.992	16.098	344810.56
1.59899872080102	1.61603870716903	158.71	24.202	457742.58
2.39899808080154	2.41595806723355	197.126	33.593	560850.76
3.5979971216023	3.61403710877031	265.705	51.443	653227.37
5.39599568320345	5.41205567035546	341.442	78.751	721901.78
8.09299352560518	8.11007351194119	475.667	113.743	740911.93
12.1389902888078	12.1561102751118	715.045	174.12	723610.26
18.2079854336117	18.2240854207317	1070.351	260.118	737088.01
27.3109781512175	27.3279381376495	1535.629	390.876	757569.73
37.3109701512239	37.3280101375919	2089.971	522.679	778802.28
47.3109621512303	47.3280821375343	2665.311	665.582	801359.29
57.3099541520367	57.3259941392047	3186.985	812.324	823284.39
67.3109461512431	67.3280461375631	3701.586	953.462	846047.66
77.3109381512495	77.3279381376495	4464.713	1074.886	867700.45
87.3109301512559	87.3278301377359	4846.427	1220.479	889336.38
97.3109221512623	97.3279021376783	5698.124	3051.108	911585.02
