0.00199999840000128	0.0179999856000115	6.828	0.99	805.98
0.00299999760000192	0.0199799840160128	7.102	1.029	1147.96
0.00399999680000256	0.0221399822880142	7.162	1	1551.19
0.0049999960000032	0.0219599824320141	7.441	0.979	1894.33
0.00699999440000448	0.0239399808480153	7.261	1.045	2759.3
0.0099999920000064	0.028079977536018	10.396	1.087	3944.91
0.0119999904000077	0.0300599759520192	9.198	1.128	5699.35
0.0199999840000128	0.0379799696160243	8.267	1.211	7699.99
0.0289999768000186	0.0460799631360295	13.092	1.282	11510.13
0.0429999656000275	0.0599399520480384	21.406	1.466	16382.18
0.063999948800041	0.0799199360640512	16.566	1.836	23628.92
0.0949999240000608	0.111959910432072	13.93	2.105	33941.77
0.141999886400091	0.160019871984102	17.518	3.301	55811.13
0.211999830400136	0.230039815968147	20.109	3.732	75850.35
0.316999746400203	0.333899732880214	44.986	5.112	102928.29
0.473999620800303	0.489959608032314	49.656	7.176	141617.63
0.711999430400456	0.730079415936467	78.762	10.753	277915.26
1.06699914640068	1.08395913283269	135.916	15.594	384107.37
1.59999872000102	1.61783870572904	148.419	23.267	460576.53
2.39799808160153	2.41397806881754	187.352	34.145	577768.66
3.5979971216023	3.61601710718631	233.178	51.429	657490.72
5.39599568320345	5.41403566877147	331.892	78.903	720134.98
8.09299352560518	8.10989351208519	502.39	113.025	740779.99
12.1389902888078	12.1559302752558	716.461	176.459	723990.12
18.2079854336117	18.2260654191477	1014.095	260.844	736330.01
27.3109781512175	27.3279381376495	1537.416	388.698	757305.37
37.3099701520239	37.3260301391759	2057.852	522.305	778830.36
47.3099621520303	47.3280821375343	2727.279	665.34	801488.59
57.3109541512367	57.3277941377647	3120.753	797.87	823299.61
67.3109461512431	67.3280461375631	3756.332	950.969	845815.81
77.3109381512495	77.3279381376495	4269.222	1083.883	867705.97
87.3109301512559	87.3280101375919	4720.307	1222.541	889253.7
97.3109221512623	97.3279021376783	5258.295	3084.125	911648.45
