0.00199999840000128	0.0201599838720129	10.387	1.077	809.92
0.00299999760000192	0.0199799840160128	9.312	1.154	1308.64
0.00399999680000256	0.0201599838720129	9.48	1.153	1516.03
0.0049999960000032	0.0219599824320141	9.98	1.16	2143.22
0.00699999440000448	0.0239399808480153	9.222	1.183	2523.3
0.00899999280000576	0.0259199792640166	10.046	1.188	4415.93
0.013999988800009	0.0320399743680205	9.616	1.29	5311.75
0.0199999840000128	0.0379799696160243	10.117	1.332	8465.02
0.0289999768000186	0.0460799631360295	14.222	1.522	10714.38
0.0429999656000275	0.0599399520480384	45.994	1.665	16153.54
0.0629999496000403	0.0800999359200513	13.335	2.019	23281.42
0.0949999240000608	0.112139910288072	30.267	2.417	33511.11
0.141999886400091	0.160019871984102	18.57	3.486	50063.03
0.211999830400136	0.228059817552146	21.413	3.933	73555.39
0.316999746400203	0.334079732736214	59.781	5.34	105864.57
0.474999620000304	0.492119606304315	55.261	7.843	160925.23
0.711999430400456	0.727919417664466	85.704	11.241	275380.91
1.06599914720068	1.08413913268869	131.956	16.109	370513.68
1.59999872000102	1.61801870558504	169.368	24.407	477887.9
2.39899808080154	2.41595806723355	178.334	36.761	568284.37
3.5969971224023	3.61403710877031	243.747	54.526	651581.97
5.39599568320345	5.41205567035546	624.895	83.038	719593.69
8.09299352560518	8.11007351194119	544.562	121.434	740957.26
12.1389902888078	12.1559302752558	800.55	183.43	723540.27
18.2079854336117	18.2240854207317	1130.321	275.54	737112.12
27.3109781512175	27.3279381376495	1686.026	413.572	757040.1
37.3109701512239	37.3278301377359	2213.058	552.223	778427.48
47.3109621512303	47.3279021376783	2793.304	702.02	801341.84
57.3109541512367	57.3279741376207	3364.233	855.717	823374.51
67.3109461512431	67.3278661377071	3929.757	996.349	845797.29
77.3109381512495	77.3279381376495	4545.506	1137.809	867788.35
87.3109301512559	87.3280101375919	5142.916	1292.048	889271.18
97.3099221520623	97.3279021376783	5699.004	2335.463	911640.83
