0.00199999840000128	0.0179999856000115	14.092	1.174	805.98
0.00299999760000192	0.0199799840160128	29.294	1.153	1147.96
0.00399999680000256	0.0219599824320141	9.918	1.261	1594.14
0.0049999960000032	0.0219599824320141	13.495	1.268	1804.76
0.00699999440000448	0.0239399808480153	9.922	1.26	3002.73
0.0099999920000064	0.028079977536018	9.902	1.301	3826.03
0.013999988800009	0.0320399743680205	9.808	1.43	5380.17
0.0199999840000128	0.0379799696160243	12.664	1.769	8633.35
0.0289999768000186	0.0458999632800294	10.963	1.746	10399.17
0.0429999656000275	0.0599399520480384	13.791	1.979	16672.6
0.063999948800041	0.0818999344800524	14.07	2.331	21059.17
0.0949999240000608	0.112139910288072	15.203	2.822	33507.66
0.141999886400091	0.158039873568101	19.112	3.81	54632.73
0.211999830400136	0.227879817696146	37.687	4.877	71085.13
0.316999746400203	0.334079732736214	39.294	6.751	100599.19
0.474999620000304	0.491939606448315	56.097	9.324	138072.7
0.711999430400456	0.730079415936467	73.769	12.437	275801.49
1.06699914640068	1.08395913283269	113.266	17.633	374069.62
1.59999872000102	1.61603870716903	121.802	23.858	474232.36
2.39899808080154	2.41595806723355	198.844	36.589	580981.62
3.5979971216023	3.61403710877031	282.572	51.949	649013.11
5.39599568320345	5.41385566891547	335.476	77.113	718943.05
8.09299352560518	8.11007351194119	499.022	113.869	740537.05
12.1389902888078	12.1559302752558	826.528	175.596	723667.02
18.2079854336117	18.2258854192917	1154.292	265.269	737335.84
27.3109781512175	27.3279381376495	1611.654	386.153	756974.31
37.3099701520239	37.3258501393199	2136.995	519.006	778729.79
47.3109621512303	47.3280821375343	2774.64	661.84	801326.19
57.3109541512367	57.3279741376207	3283.729	787.989	823478.67
67.3109461512431	67.3280461375631	4111.869	935.436	845920.55
77.3109381512495	77.3279381376495	4434.306	1069.678	867191.52
87.3099301520559	87.3260301391759	5057.07	1197.683	889385.29
97.3109221512623	97.3279021376783	5677.915	1336.327	911673.27
