0.00199999840000128	0.0179999856000115	8.907	0.951	758.69
0.00299999760000192	0.0199799840160128	13.548	0.98	1230.29
0.00399999680000256	0.0199799840160128	9.719	0.961	1652.69
0.00399999680000256	0.0199799840160128	8.856	0.958	1995.51
0.00599999520000384	0.0241199807040154	16.914	1.015	2488.44
0.0099999920000064	0.0259199792640166	9.43	1.052	3937.24
0.013999988800009	0.0320399743680205	10.066	1.159	5513.15
0.0189999848000122	0.035999971200023	40.058	1.23	7752.56
0.0289999768000186	0.0458999632800294	13.138	1.298	12126.24
0.0429999656000275	0.0601199519040385	39.258	1.503	15684.83
0.063999948800041	0.0799199360640512	18.286	2.004	22944.21
0.0949999240000608	0.111959910432072	19.346	2.444	30637.81
0.141999886400091	0.158039873568101	34.43	2.742	49336.86
0.210999831200135	0.227879817696146	25.146	3.946	74033.99
0.316999746400203	0.334079732736214	36.883	4.952	104936.9
0.474999620000304	0.491939606448315	53.006	6.701	140845.61
0.710999431200455	0.727919417664466	98.032	10.19	291510.2
1.06699914640068	1.08395913283269	164.433	15.201	368003.19
1.59999872000102	1.61603870716903	131.064	22.443	482641.88
2.39899808080154	2.41595806723355	191.954	33.28	567358.33
3.5979971216023	3.61601710718631	282.646	49.147	659462.08
5.39599568320345	5.41205567035546	370.351	75.692	720998.59
8.09299352560518	8.10989351208519	521.357	110.987	740543.1
12.1389902888078	12.1559302752558	770.963	170.093	723548.39
18.2079854336117	18.2240854207317	1119.024	253.571	737377.03
27.3089781528175	27.3259581392335	1591.62	385.118	756444.04
37.3109701512239	37.3278301377359	2225.526	514.561	778563.3
47.3109621512303	47.3279021376783	2764.511	641.04	801655.91
57.3109541512367	57.3279741376207	3306.204	782.975	823792.66
67.3109461512431	67.3278661377071	3783.011	912.025	844792.87
77.3109381512495	77.3279381376495	4473.822	1043.754	866927.92
87.3109301512559	87.3280101375919	5173.485	1231.549	889256.38
97.3099221520623	97.3279021376783	5435.961	2228.322	911664.41
