0.00099999920000064	0.0179999856000115	9.628	1.299	782.34
0.00299999760000192	0.0199799840160128	10.343	1.304	1195.02
0.00399999680000256	0.0221399822880142	9.639	1.383	1457.4
0.0049999960000032	0.0219599824320141	10.534	1.409	2049.95
0.00599999520000384	0.0219599824320141	10.052	1.381	2681.97
0.0099999920000064	0.0260999791200167	12.626	1.472	3695.53
0.013999988800009	0.0320399743680205	10.071	1.57	4870.14
0.0199999840000128	0.035999971200023	11.221	1.741	6992.48
0.0289999768000186	0.0458999632800294	21.174	1.898	11043.96
0.0429999656000275	0.0599399520480384	14.435	2.371	15204.41
0.063999948800041	0.0818999344800524	13.804	2.549	22944.21
0.0949999240000608	0.111959910432072	27.962	3.219	35784.1
0.141999886400091	0.160019871984102	21.152	4.131	51969.36
0.211999830400136	0.230039815968147	24.761	5.694	71015.58
0.316999746400203	0.333899732880214	39.501	7.218	96990.2
0.474999620000304	0.492119606304315	56.754	9.973	143265.23
0.710999431200455	0.727919417664466	72.999	13.27	193596.29
1.06599914720068	1.08197913441669	121.205	18.282	369042.55
1.59899872080102	1.61603870716903	138.393	26.715	476154.12
2.39899808080154	2.41595806723355	220.211	38.458	577939.73
3.5979971216023	3.61403710877031	298.062	56.563	659915.7
5.39599568320345	5.41385566891547	376.774	85.784	718093.21
8.09299352560518	8.10989351208519	573.038	126.09	740858.8
12.1389902888078	12.1559302752558	835.455	190.642	723415.88
18.2079854336117	18.2240854207317	1123.41	284.057	736644.92
27.3109781512175	27.3279381376495	1658.245	419.007	756910.39
37.3109701512239	37.3280101375919	2234.173	560.651	779184.32
47.3109621512303	47.3280821375343	2884.832	708.126	800881.78
57.3109541512367	57.3279741376207	3429.361	859.142	823243.15
67.3099461520431	67.3278661377071	3948.509	1003.668	845089.27
77.3109381512495	77.3279381376495	4564.996	1158.874	866716.63
87.3109301512559	87.3280101375919	5072.857	1293.978	889264.37
97.3109221512623	97.3279021376783	5852.058	1454.728	911686.98
