0.00199999840000128	0.0199799840160128	9.956	1.333	861.11
0.00299999760000192	0.0199799840160128	9.479	1.344	1104.8
0.00399999680000256	0.0199799840160128	13.015	1.391	1559
0.0049999960000032	0.0219599824320141	9.145	1.426	1983.84
0.00599999520000384	0.0241199807040154	18.231	1.409	2728.37
0.00899999280000576	0.0259199792640166	9.694	1.448	4071.36
0.013999988800009	0.0318599745120204	10.824	1.553	6082.17
0.0199999840000128	0.035999971200023	17.666	1.651	7943.96
0.0289999768000186	0.0458999632800294	12.057	1.871	12560.98
0.0429999656000275	0.0599399520480384	12.624	2.443	16182.58
0.063999948800041	0.0820799343360525	14.665	2.567	22922.9
0.0949999240000608	0.111959910432072	16.849	3.393	35784.1
0.141999886400091	0.158039873568101	20.56	4.71	50198.72
0.211999830400136	0.230039815968147	25.644	5.268	80178.64
0.315999747200202	0.333899732880214	40.128	7.668	98947.29
0.473999620800303	0.489959608032314	57.405	9.369	148749.21
0.711999430400456	0.728099417520466	86.361	13.93	276991.15
1.06699914640068	1.08413913268869	104.082	18.504	397154.21
1.59999872000102	1.61603870716903	185.126	27.158	461881.08
2.39899808080154	2.41595806723355	202.867	39.109	563917.3
3.5969971224023	3.61403710877031	273.053	56.13	658563.3
5.39599568320345	5.41403566877147	418.688	86.817	721345.01
8.09299352560518	8.11007351194119	556.125	127.805	741050.83
12.1389902888078	12.1559302752558	752.099	188.496	723458.93
18.2079854336117	18.2260654191477	1108.126	280.602	736330.32
27.3109781512175	27.3279381376495	1793.651	419.215	757331.18
37.3099701520239	37.3258501393199	2286.241	561.424	778681.97
47.3109621512303	47.3279021376783	2819.367	703.246	800800.91
57.3109541512367	57.3279741376207	3431.193	851.05	823548.84
67.3109461512431	67.3280461375631	3905.808	1012.349	845880
77.3109381512495	77.3279381376495	4438.569	1179.609	867706.78
87.3109301512559	87.3278301377359	5100.183	1297	889423.46
97.3109221512623	97.3279021376783	5681.261	1453.805	911575.63
