0.00199999840000128	0.0179999856000115	9.341	1.24	758.69
0.00299999760000192	0.0199799840160128	9.031	1.156	1175.41
0.00399999680000256	0.0219599824320141	9.34	1.444	1609.76
0.0049999960000032	0.0219599824320141	10.132	1.213	2317.89
0.00699999440000448	0.0239399808480153	9.719	1.227	2697.44
0.00899999280000576	0.0260999791200167	10.23	1.339	3910.41
0.013999988800009	0.0320399743680205	10.678	1.399	5585.29
0.0199999840000128	0.035999971200023	14.033	1.634	8465.02
0.0289999768000186	0.0460799631360295	12.208	1.664	9867.94
0.0429999656000275	0.0599399520480384	13.45	1.902	15971.97
0.063999948800041	0.0799199360640512	13.835	2.701	23366.55
0.0949999240000608	0.111959910432072	15.693	2.877	34096.7
0.141999886400091	0.160019871984102	27.674	3.683	52724.06
0.211999830400136	0.228059817552146	22.572	4.893	64382.56
0.316999746400203	0.333899732880214	39.934	6.617	106448.03
0.474999620000304	0.491939606448315	50.732	8.94	144347.62
0.711999430400456	0.728099417520466	93.624	13.118	278271.86
1.06699914640068	1.08413913268869	128.755	17.525	351314.54
1.59999872000102	1.61603870716903	141.843	25.025	481443.6
2.39899808080154	2.41595806723355	173.651	39.071	568661.91
3.5979971216023	3.61601710718631	275.412	52.661	651649.08
5.39399568480345	5.41187567049946	369.208	80.839	721894.92
8.09299352560518	8.10989351208519	551.842	116.624	740810.47
12.1389902888078	12.1559302752558	761.27	175.695	723425.79
18.2079854336117	18.2260654191477	1163.864	258.786	737021.39
27.3109781512175	27.3279381376495	1654.512	377.095	756796.49
37.3109701512239	37.3280101375919	2237.92	518.83	778474.18
47.3109621512303	47.3279021376783	2769.743	651.111	801334.57
57.3109541512367	57.3279741376207	3389.723	790.234	822849.76
67.3109461512431	67.3278661377071	3818.328	914.824	845901.9
77.3109381512495	77.3279381376495	4833.742	1055.272	867844.78
87.3109301512559	87.3278301377359	4992.27	1189.319	889320.02
97.3109221512623	97.3279021376783	5691.42	1345.639	911687.5
