0.00199999840000128	0.0201599838720129	9.244	0.938	888.66
0.00299999760000192	0.0199799840160128	9.5	0.953	1195.02
0.00399999680000256	0.0219599824320141	9.23	1.189	1711.2
0.0049999960000032	0.0219599824320141	9.127	1.041	2061.61
0.00599999520000384	0.0221399822880142	9.43	0.973	2681.97
0.0099999920000064	0.0259199792640166	9.231	1.019	3518.8
0.013999988800009	0.0320399743680205	9.943	1.049	5699.35
0.0199999840000128	0.0379799696160243	10.828	1.157	7699.99
0.0289999768000186	0.0460799631360295	11.742	1.282	11510.13
0.0429999656000275	0.0599399520480384	12.643	1.453	17740.11
0.063999948800041	0.0818999344800524	14.743	1.721	21430.45
0.0949999240000608	0.111959910432072	19.092	2.027	36308.07
0.14099988720009	0.158039873568101	18.079	3.138	52269.13
0.211999830400136	0.230039815968147	22.229	3.5	70217.41
0.316999746400203	0.334079732736214	49.891	5.088	105217.41
0.473999620800303	0.490139607888314	53.582	7.853	156708.29
0.711999430400456	0.727919417664466	83.684	10.788	298753.34
1.06699914640068	1.08395913283269	99.321	14.916	363065.06
1.59999872000102	1.61801870558504	158.541	21.633	482176.12
2.39899808080154	2.41595806723355	192.319	33.472	589556.32
3.5969971224023	3.61403710877031	242.49	48.832	656235.37
5.39599568320345	5.41385566891547	348.672	76.088	719121.64
8.09299352560518	8.10989351208519	538.151	112.602	740885.43
12.1389902888078	12.1559302752558	774.76	171.057	723635.9
18.2079854336117	18.2240854207317	1112.604	259.117	736762.91
27.3099781520175	27.3279381376495	1631.684	378.502	756418.11
37.3109701512239	37.3280101375919	2415.264	517.841	778741.75
47.3109621512303	47.3279021376783	2715.432	644.949	801400.15
57.3109541512367	57.3279741376207	3341.891	785.139	823250.75
67.3109461512431	67.3280461375631	4444.604	913.016	845989.29
77.3109381512495	77.3279381376495	4550.084	1057.711	868127.56
87.3109301512559	87.3278301377359	4964.927	1211.029	889341.76
97.3109221512623	97.3280821375343	5498.319	2225.336	911566.39
