0.00099999920000064	0.0179999856000115	12.604	1.098	790.22
0.00299999760000192	0.0199799840160128	9.09	1.126	1202.86
0.00399999680000256	0.0219599824320141	10.608	1.193	1757.99
0.0049999960000032	0.0219599824320141	10.068	1.181	2317.89
0.00699999440000448	0.0239399808480153	9.613	1.203	2681.97
0.0099999920000064	0.0260999791200167	10.195	1.394	4362.41
0.0129999896000083	0.0300599759520192	9.936	1.237	5361.17
0.0179999856000115	0.035999971200023	11.234	1.614	8030.22
0.0279999776000179	0.0460799631360295	11.068	1.736	11358.62
0.0429999656000275	0.0601199519040385	19.239	1.629	16832.02
0.063999948800041	0.0800999359200513	19.439	2.018	21430.45
0.0939999248000602	0.111959910432072	18.721	2.825	32571.72
0.141999886400091	0.158039873568101	22.427	3.466	55811.13
0.211999830400136	0.228059817552146	22.458	3.802	68373.21
0.316999746400203	0.334079732736214	37.648	5.419	101515.82
0.474999620000304	0.492119606304315	56.836	7.811	149345.57
0.710999431200455	0.728099417520466	76.109	11.386	284150.07
1.06599914720068	1.08395913283269	105.209	16.082	377093.11
1.59999872000102	1.61801870558504	142.125	24.351	445826.57
2.39899808080154	2.41595806723355	225.248	37.029	573788.73
3.5979971216023	3.61403710877031	283.285	52.111	658329.97
5.39599568320345	5.41403566877147	356.599	81.069	721161.05
8.09299352560518	8.10989351208519	574.827	120.373	740935.56
12.1389902888078	12.1559302752558	754.503	182.242	723955.9
18.2079854336117	18.2260654191477	1178.784	275.17	737520.93
27.3099781520175	27.3281181375055	1691.897	407.591	756482.14
37.3109701512239	37.3280101375919	2230.972	559.209	778942.04
47.3109621512303	47.3279021376783	2907.117	702.561	801375.53
57.3109541512367	57.3277941377647	3393.793	843.441	823116.91
67.3109461512431	67.3278661377071	3934.641	972.283	845750.57
77.3109381512495	77.3279381376495	4594.671	1140.615	867113.3
87.3109301512559	87.3280101375919	4933.291	1301.938	889656.32
97.3109221512623	97.3279021376783	5582.624	2343.531	911697.39
