0.00199999840000128	0.0179999856000115	9.122	0.994	861.11
0.00299999760000192	0.0199799840160128	8.814	0.963	1195.02
0.00399999680000256	0.0199799840160128	9.1	0.933	1457.4
0.0049999960000032	0.0219599824320141	9.162	0.985	2034.4
0.00699999440000448	0.0239399808480153	9.182	1.058	3002.73
0.0099999920000064	0.0278999776800179	9.497	1.044	3518.8
0.013999988800009	0.0298799760960191	10.679	1.099	4946.36
0.0199999840000128	0.035999971200023	11.552	1.234	6886.94
0.0289999768000186	0.0460799631360295	20.346	1.325	10024.11
0.0429999656000275	0.0599399520480384	11.553	1.397	16839.27
0.063999948800041	0.0818999344800524	13.202	1.864	28438.09
0.0949999240000608	0.111959910432072	15.261	2.169	34503.19
0.141999886400091	0.160019871984102	17.768	2.667	50109.36
0.210999831200135	0.228059817552146	21.833	3.645	71847.13
0.316999746400203	0.334079732736214	38.411	4.962	108102.66
0.474999620000304	0.491939606448315	62.629	6.997	130762.93
0.711999430400456	0.730079415936467	74.852	10.199	277462.9
1.06699914640068	1.08413913268869	109.514	14.933	360570.88
1.59999872000102	1.61603870716903	132.554	22.892	477425.42
2.39899808080154	2.41613806708955	185.327	32.675	563957.14
3.5979971216023	3.61601710718631	256.836	49.097	654379.85
5.39499568400345	5.41187567049946	381.689	74.378	719697.84
8.09299352560518	8.11007351194119	503.238	110.78	740907.99
12.1379902896078	12.1539502768398	714.285	172.673	723576.83
18.2079854336117	18.2240854207317	1129.276	264.45	736524.37
27.3109781512175	27.3279381376495	1623.158	374.43	757249.91
37.3109701512239	37.3280101375919	2388.699	516.688	778883.78
47.3109621512303	47.3279021376783	2802.512	641.223	801131.73
57.3109541512367	57.3279741376207	3242.751	770.473	823242.17
67.3109461512431	67.3278661377071	4039.475	914.273	844896.3
77.3109381512495	77.3279381376495	4432.991	1044.862	866911.16
87.3109301512559	87.3278301377359	5038.345	1186.029	889365.87
97.3109221512623	97.3279021376783	5447.766	2221.323	911665.41
