0.00199999840000128	0.0179999856000115	8.911	0.975	845.36
0.00299999760000192	0.0199799840160128	9.329	0.985	1222.46
0.00399999680000256	0.0219599824320141	11.042	0.98	1757.99
0.0049999960000032	0.0219599824320141	8.916	1.014	2049.95
0.00699999440000448	0.0239399808480153	10.785	1.162	2654.89
0.0099999920000064	0.0278999776800179	9.297	1.039	3803.01
0.013999988800009	0.0320399743680205	11.201	1.098	5699.35
0.0199999840000128	0.035999971200023	11.521	1.118	7617.35
0.0289999768000186	0.0458999632800294	10.813	1.311	9853.06
0.0429999656000275	0.0599399520480384	27.266	1.443	15772.09
0.0629999496000403	0.0800999359200513	12.642	1.89	21094.89
0.0949999240000608	0.112139910288072	15.9	2.119	30610.02
0.141999886400091	0.160019871984102	18.852	2.67	48420.13
0.211999830400136	0.229859816112147	22.171	3.486	71847.13
0.316999746400203	0.334079732736214	37.223	5.509	105119.98
0.474999620000304	0.491939606448315	51.82	6.757	145167.87
0.711999430400456	0.729899416080467	77.789	10.459	282927.16
1.06699914640068	1.08395913283269	104.717	15.261	366299.8
1.59999872000102	1.61603870716903	140.244	21.975	486983.75
2.39899808080154	2.41595806723355	189.68	33.905	564891.55
3.5979971216023	3.61583710733031	443.281	50.255	656722.88
5.39599568320345	5.41205567035546	341.33	75.976	721414.48
8.09299352560518	8.11007351194119	517.526	113.591	740738.39
12.1379902896078	12.1539502768398	716.994	174.641	723354.75
18.2079854336117	18.2258854192917	1095.139	254.34	736635.35
27.3109781512175	27.3279381376495	1648.731	379.78	756451.18
37.3109701512239	37.3278301377359	2248.923	513.099	778724.7
47.3109621512303	47.3279021376783	7264.943	647.218	801114.76
57.3109541512367	57.3279741376207	3355.425	778.45	823282.41
67.3099461520431	67.3258861392911	3940.905	919.907	844774.72
77.3109381512495	77.3279381376495	4418.216	1045.743	867186.04
87.3109301512559	87.3278301377359	5046.784	1195.051	889021.24
97.3109221512623	97.3279021376783	5573.064	2231.675	911559.26
