0.00199999840000128	0.0199799840160128	9.26	1.231	821.74
0.00299999760000192	0.0199799840160128	9.768	1.174	1198.94
0.00299999760000192	0.0199799840160128	12.028	1.184	2201.47
0.00399999680000256	0.0219599824320141	9.03	1.203	1715.1
0.00699999440000448	0.0239399808480153	12.058	1.28	2859.76
0.0099999920000064	0.028079977536018	10.445	1.388	4282.09
0.013999988800009	0.0320399743680205	9.975	1.419	4870.14
0.0199999840000128	0.0381599694720244	11.488	1.531	7715.01
0.0279999776000179	0.0460799631360295	12.012	1.7	10399.17
0.0429999656000275	0.0599399520480384	12.703	1.937	16951.51
0.063999948800041	0.0799199360640512	18.193	2.314	24644.99
0.0949999240000608	0.111959910432072	15.734	2.881	37644.47
0.141999886400091	0.158039873568101	28.163	3.711	44663.72
0.211999830400136	0.228059817552146	24.342	4.94	70530.81
0.316999746400203	0.334079732736214	51.09	6.994	105879.33
0.474999620000304	0.491939606448315	52.824	8.86	135201.73
0.711999430400456	0.727919417664466	91.248	12.728	287255.52
1.06699914640068	1.08413913268869	98.937	17.14	364692.89
1.59999872000102	1.61801870558504	148.844	24.391	474196.85
2.39799808160153	2.41595806723355	181.343	37.071	563927.63
3.5979971216023	3.61601710718631	243.067	51.933	659597.53
5.39599568320345	5.41403566877147	341.869	78.247	720476.66
8.09299352560518	8.11007351194119	523.923	113.504	740709.84
12.1389902888078	12.1559302752558	797.837	176.35	723673.85
18.2079854336117	18.2260654191477	1136.441	253.874	736876.22
27.3109781512175	27.3279381376495	1619.516	387.024	756377.06
37.3109701512239	37.3280101375919	2239.662	519.605	778861.77
47.3099621520303	47.3259221392623	2817.939	654.516	800626.59
57.3099541520367	57.3259941392047	3370.945	781.109	823913.32
67.3109461512431	67.3278661377071	3835.188	932.406	845120.57
77.3109381512495	77.3279381376495	4412.677	1072.901	867128.54
87.3109301512559	87.3278301377359	4953.693	1185.276	889609.47
97.3109221512623	97.3279021376783	5646.135	1339.409	911589.8
