0.00199999840000128	0.0199799840160128	9.73	1.396	802.04
0.00299999760000192	0.0201599838720129	9.463	1.36	1206.78
0.00399999680000256	0.0199799840160128	9.247	1.354	1847.61
0.0049999960000032	0.0221399822880142	13.887	1.44	2143.22
0.00599999520000384	0.0241199807040154	13.076	1.447	2859.76
0.0099999920000064	0.0259199792640166	9.965	1.443	3944.91
0.013999988800009	0.0318599745120204	10.781	1.61	5699.35
0.0199999840000128	0.035999971200023	14.423	1.686	7808.87
0.0279999776000179	0.0460799631360295	13.277	1.877	11155.26
0.0429999656000275	0.0601199519040385	16.3	2.152	16560.24
0.063999948800041	0.0820799343360525	18.236	2.686	26857.77
0.0949999240000608	0.111959910432072	18.021	3.419	33511.11
0.141999886400091	0.158039873568101	20.571	4.17	49970.34
0.211999830400136	0.227879817696146	25.635	5.584	70835.35
0.316999746400203	0.333899732880214	39.929	7.371	99437.15
0.473999620800303	0.491939606448315	65.387	10.578	155618.33
0.711999430400456	0.730079415936467	90.622	14.152	311594.38
1.06699914640068	1.08395913283269	115.062	18.607	371503.21
1.59999872000102	1.61801870558504	151.071	26.576	460670.81
2.39799808160153	2.41595806723355	193.589	39.727	556907.66
3.5979971216023	3.61403710877031	274.922	58.543	654226.74
5.39599568320345	5.41205567035546	343.006	83.491	718943.5
8.09299352560518	8.11007351194119	582.874	126.915	740906.78
12.1379902896078	12.1559302752558	725.761	189.04	723739.91
18.2079854336117	18.2240854207317	1184.41	282.012	736667.17
27.3099781520175	27.3279381376495	1706.228	416.058	756451.68
37.3109701512239	37.3280101375919	2161.283	567.523	779344.11
47.3109621512303	47.3279021376783	2889.345	707.808	801310.83
57.3109541512367	57.3279741376207	3304.96	853.981	823237.72
67.3109461512431	67.3278661377071	4039.825	991.281	845612.7
77.3109381512495	77.3279381376495	4785.9	1142.886	867738.1
87.3109301512559	87.3280101375919	5139.97	1294.726	889430.91
97.3109221512623	97.3279021376783	5699.065	1469.492	911575.19
