0.00199999840000128	0.0179999856000115	8.555	0.987	805.98
0.00299999760000192	0.0199799840160128	8.987	0.951	1198.94
0.00399999680000256	0.0201599838720129	9.245	0.999	1847.61
0.00399999680000256	0.0219599824320141	30.908	1.025	2049.95
0.00699999440000448	0.0239399808480153	9.838	1.03	2790.22
0.0099999920000064	0.0260999791200167	10.473	1.09	4668
0.013999988800009	0.0320399743680205	10.697	1.105	5486.56
0.0199999840000128	0.035999971200023	10.218	1.169	8446.3
0.0289999768000186	0.0460799631360295	11.829	1.299	11207.04
0.0429999656000275	0.0599399520480384	11.448	1.546	15971.97
0.063999948800041	0.0820799343360525	13.071	1.766	28438.09
0.0949999240000608	0.111959910432072	14.8	2.096	33941.77
0.14099988720009	0.157859873712101	18.948	2.585	50337.67
0.211999830400136	0.228059817552146	22.694	3.401	72825.28
0.316999746400203	0.334079732736214	42.739	5.507	100840.42
0.474999620000304	0.491939606448315	58.059	6.789	147869.05
0.710999431200455	0.728099417520466	81.464	10.267	298864.37
1.06599914720068	1.08395913283269	104.728	14.739	357520.06
1.59999872000102	1.61603870716903	142.212	22.057	485564.32
2.39899808080154	2.41595806723355	186.343	33.254	569778.52
3.5979971216023	3.61601710718631	269.431	48.902	655329.13
5.39599568320345	5.41187567049946	340.701	75.073	720584.11
8.09199352640518	8.10791351366919	545.12	111.639	741075.07
12.1389902888078	12.1561102751118	778.596	170.863	723231.08
18.2079854336117	18.2239054208757	1166.5	253.842	737176.03
27.3109781512175	27.3279381376495	1608.02	378.392	756411.28
37.3109701512239	37.3280101375919	2198.329	516.399	779296.6
47.3109621512303	47.3280821375343	2725.026	647.123	801405.07
57.3109541512367	57.3279741376207	3286.034	784.297	823671.89
67.3109461512431	67.3278661377071	3810.777	914.803	844918.81
77.3109381512495	77.3279381376495	5097.906	1059.734	867837.41
87.3109301512559	87.3278301377359	5054.196	1182.99	889825.16
97.3109221512623	97.3279021376783	5346.212	2237.134	911534.96
