0.00199999840000128	0.0179999856000115	10.226	1.165	802.04
0.00299999760000192	0.0199799840160128	9.885	1.193	1147.96
0.00299999760000192	0.0199799840160128	9.325	1.154	1570.72
0.0049999960000032	0.0219599824320141	9.907	1.209	1983.84
0.00699999440000448	0.0241199807040154	12.535	1.271	3006.59
0.0099999920000064	0.0260999791200167	10.788	1.305	4013.9
0.0119999904000077	0.0298799760960191	10.213	1.403	5167.21
0.0189999848000122	0.035999971200023	11.473	1.474	7252.6
0.0289999768000186	0.0460799631360295	11.549	1.652	11399.3
0.0429999656000275	0.0599399520480384	25.282	2.025	16951.51
0.063999948800041	0.0799199360640512	29.64	2.425	23281.42
0.0949999240000608	0.111959910432072	15.884	2.868	30686.44
0.141999886400091	0.160019871984102	19.679	3.657	52269.13
0.211999830400136	0.229859816112147	63.006	5.422	70835.35
0.315999747200202	0.331919734464212	39.844	6.655	105217.41
0.474999620000304	0.491939606448315	51.986	10.064	144926.98
0.711999430400456	0.730079415936467	74.952	12.44	276345.7
1.06699914640068	1.08395913283269	105.031	17.127	362793.63
1.59999872000102	1.61801870558504	140.758	24.848	464173.94
2.39899808080154	2.41595806723355	247.709	35.556	563568.57
3.5969971224023	3.61403710877031	255.878	51.851	660632.08
5.39599568320345	5.41403566877147	342.326	80.526	718992.32
8.09299352560518	8.11007351194119	496.259	113.978	740904.4
12.1389902888078	12.1559302752558	761.34	173.434	723813.91
18.2069854344117	18.2239054208757	1105.825	262.712	736603.63
27.3099781520175	27.3279381376495	1617.73	384.748	756426.21
37.3109701512239	37.3280101375919	2239.696	522.553	779182.87
47.3099621520303	47.3259221392623	2778.701	691.096	800769.19
57.3109541512367	57.3279741376207	3327.224	816.179	823306.6
67.3109461512431	67.3278661377071	3916.456	934.793	845926.14
77.3109381512495	77.3279381376495	4495.045	1066.069	866966.43
87.3109301512559	87.3280101375919	5054.987	1185.581	889326.54
97.3109221512623	97.3279021376783	5659.506	1317.84	911543.88
