0.00099999920000064	0.0179999856000115	3.529	1.148	802.04
0.00299999760000192	0.0199799840160128	3.686	1.175	1308.64
0.00399999680000256	0.0199799840160128	3.596	1.177	1621.47
0.00399999680000256	0.0219599824320141	3.767	1.23	1800.86
0.00699999440000448	0.0241199807040154	3.9	1.233	2728.37
0.0099999920000064	0.0259199792640166	4.025	1.396	4274.44
0.0129999896000083	0.0300599759520192	3.999	1.375	5486.56
0.0199999840000128	0.035999971200023	4.306	1.549	7715.01
0.0289999768000186	0.0458999632800294	4.641	1.721	10921.81
0.0429999656000275	0.0599399520480384	4.847	2.051	18133.43
0.063999948800041	0.0800999359200513	5.363	2.352	23781.29
0.0949999240000608	0.111959910432072	6.524	3.002	36308.07
0.141999886400091	0.160019871984102	7.658	3.878	50109.36
0.210999831200135	0.228059817552146	9.776	4.766	73759.73
0.316999746400203	0.333899732880214	14.589	6.648	101492.02
0.474999620000304	0.491939606448315	21.158	9.058	138072.7
0.711999430400456	0.727919417664466	29.508	12.446	280100.09
1.06599914720068	1.08215913427269	42.653	17.374	383004.92
1.59999872000102	1.61801870558504	62.543	25.186	453815.76
2.39899808080154	2.41613806708955	102.561	35.199	565223.81
3.5979971216023	3.61601710718631	114.241	52.965	649039.84
5.39599568320345	5.41403566877147	156.717	76.757	717751.25
8.09299352560518	8.11007351194119	260.042	112.938	740979.4
12.1379902896078	12.1539502768398	329.466	175.36	723673.84
18.2079854336117	18.2260654191477	538.167	261.015	736754.82
27.3109781512175	27.3279381376495	760.174	385.177	756377.55
37.3109701512239	37.3280101375919	1029.717	514.566	778577.56
47.3109621512303	47.3280821375343	1414.429	661.848	800673.81
57.3109541512367	57.3279741376207	1752.949	795.483	822936.22
67.3109461512431	67.3280461375631	2091.163	924.867	845517.44
77.3109381512495	77.3279381376495	2396.782	1061.696	867737.93
87.3109301512559	87.3280101375919	2753.055	1191.808	889818.91
97.3109221512623	97.3279021376783	3115.877	1362.656	911601.33
