0.00199999840000128	0.0179999856000115	3.788	0.985	782.34
0.00199999840000128	0.0199799840160128	3.826	0.942	1198.94
0.00399999680000256	0.0219599824320141	3.71	0.999	1711.2
0.0049999960000032	0.0219599824320141	3.696	0.976	1800.86
0.00699999440000448	0.0241199807040154	3.899	1.017	2523.3
0.0099999920000064	0.0278999776800179	3.99	1.053	4067.53
0.013999988800009	0.0320399743680205	4.267	1.128	5361.17
0.0199999840000128	0.0379799696160243	4.454	1.199	7943.96
0.0289999768000186	0.0458999632800294	4.724	1.279	11399.3
0.0429999656000275	0.0599399520480384	10.142	1.474	14394.23
0.063999948800041	0.0818999344800524	5.789	1.682	23072.02
0.0949999240000608	0.111959910432072	6.242	2.061	30662.13
0.141999886400091	0.160019871984102	7.229	2.581	49161.11
0.211999830400136	0.227879817696146	23.107	3.555	71085.13
0.316999746400203	0.334079732736214	38.144	4.994	92363.68
0.473999620800303	0.489959608032314	21.183	6.757	138785.06
0.711999430400456	0.728099417520466	31.287	10.267	277491.13
1.06699914640068	1.08395913283269	42.892	14.741	362431.79
1.59999872000102	1.61585870731303	54.578	21.987	462668.12
2.39899808080154	2.41595806723355	95.769	33.486	562846.12
3.5979971216023	3.61403710877031	116.35	49.293	658005.55
5.39599568320345	5.41403566877147	166.594	76.173	720249.55
8.09299352560518	8.10989351208519	244.502	111.856	740564.49
12.1389902888078	12.1559302752558	357.12	171.231	723925.67
18.2079854336117	18.2240854207317	495.115	251.934	736999.21
27.3109781512175	27.3279381376495	713.987	373.909	757194.52
37.3109701512239	37.3280101375919	1056.187	513.648	778787.68
47.3109621512303	47.3279021376783	1408.153	652.013	801029.3
57.3109541512367	57.3279741376207	1739.479	783.286	823113.28
67.3109461512431	67.3280461375631	2049.13	914.273	846166.87
77.3109381512495	77.3279381376495	2421.028	1056.767	868263.31
87.3109301512559	87.3280101375919	3636.829	1182.251	889851.74
97.3109221512623	97.3280821375343	3046.941	1654.06	911544.37
