0.00199999840000128	0.0199799840160128	3.865	1.115	861.11
0.00299999760000192	0.0199799840160128	3.977	1.187	1590.24
0.00299999760000192	0.0199799840160128	3.773	1.13	1308.64
0.0049999960000032	0.0219599824320141	3.934	1.228	1956.61
0.00699999440000448	0.0239399808480153	4.249	1.183	3091.44
0.00899999280000576	0.0259199792640166	3.981	1.241	3806.84
0.013999988800009	0.0320399743680205	4.158	1.321	5953.4
0.0199999840000128	0.0379799696160243	4.587	1.486	7913.94
0.0289999768000186	0.0458999632800294	4.75	1.486	11510.13
0.0419999664000269	0.0599399520480384	6.082	1.819	15913.85
0.063999948800041	0.0818999344800524	6.793	1.976	22414.16
0.0939999248000602	0.112139910288072	6.209	2.368	33817.78
0.141999886400091	0.160019871984102	32.594	2.982	55811.13
0.211999830400136	0.230039815968147	10.192	4.123	68308.8
0.316999746400203	0.334079732736214	15.559	5.57	103017.24
0.474999620000304	0.491939606448315	19.289	7.673	150158.25
0.711999430400456	0.728099417520466	31.058	11.118	187716.74
1.06599914720068	1.08197913441669	40.937	16.31	358520.09
1.59899872080102	1.61603870716903	59.252	24.754	460099.16
2.39799808160153	2.41595806723355	81.556	37.054	575300.65
3.5979971216023	3.61385710891431	120.071	61.095	661875.76
5.39599568320345	5.41403566877147	203.495	84.049	720716.09
8.09299352560518	8.11007351194119	238.683	120.33	740964.24
12.1379902896078	12.1559302752558	361.046	185.799	723805.16
18.2079854336117	18.2260654191477	506.776	272.633	737263.73
27.3109781512175	27.3279381376495	766.781	410.038	756467.21
37.3109701512239	37.3280101375919	1084.246	553.372	778409.98
47.3109621512303	47.3279021376783	1444.3	727.844	801310.79
57.3099541520367	57.3259941392047	1791.9	846.018	823704.49
67.3109461512431	67.3280461375631	2160.404	998.876	844936.05
77.3109381512495	77.3279381376495	2527.527	1164.439	866935.26
87.3109301512559	87.3278301377359	2820.48	1280.85	889261.11
97.3109221512623	97.3279021376783	3161.996	1727.568	911665.99
