0.00199999840000128	0.0179999856000115	9.356	1.335	790.22
0.00299999760000192	0.0199799840160128	3.888	1.34	1222.46
0.00399999680000256	0.0219599824320141	4.035	1.45	1594.14
0.0049999960000032	0.0219599824320141	3.976	1.644	1894.33
0.00699999440000448	0.0239399808480153	4.144	1.431	3099.16
0.00899999280000576	0.0260999791200167	4.237	1.663	3937.24
0.013999988800009	0.0320399743680205	4.324	1.677	5456.17
0.0199999840000128	0.0379799696160243	4.557	1.821	6890.71
0.0279999776000179	0.0440999647200282	4.668	1.835	10725.5
0.0419999664000269	0.0601199519040385	5.228	2.231	16262.43
0.063999948800041	0.0800999359200513	7.408	2.601	25939.77
0.0949999240000608	0.111959910432072	6.564	3.21	38469.59
0.141999886400091	0.160019871984102	7.972	4.071	51091.19
0.211999830400136	0.230039815968147	236.809	5.748	64382.56
0.316999746400203	0.334079732736214	15.608	7.03	110788.08
0.472999621600303	0.490139607888314	18.898	9.601	152810.23
0.711999430400456	0.727919417664466	33.322	13.583	196121.95
1.06699914640068	1.08395913283269	51.696	18.889	354822.08
1.59999872000102	1.61585870731303	58.439	25.993	459306.31
2.39899808080154	2.41595806723355	79.207	38.318	553380.56
3.5979971216023	3.61385710891431	129.64	57.986	661806.87
5.39599568320345	5.41205567035546	166.658	84.351	720401.7
8.09299352560518	8.11007351194119	247.431	124.197	741083.84
12.1389902888078	12.1559302752558	384.738	188.927	723402.8
18.2069854344117	18.2240854207317	488.707	288.706	737056.41
27.3109781512175	27.3279381376495	779.211	418.732	757273.65
37.3109701512239	37.3280101375919	1126.637	586.431	778705.7
47.3099621520303	47.3259221392623	1422.237	702.9	801020.98
57.3109541512367	57.3279741376207	1786.339	854.425	823854.96
67.3099461520431	67.3280461375631	2120.535	998.235	844645.33
77.3099381520495	77.3279381376495	2472.752	1178.615	867247.34
87.3109301512559	87.3280101375919	2811.505	1300.776	889245.86
97.3109221512623	97.3279021376783	3178.157	1451.414	911535.16
