0.00199999840000128	0.0199799840160128	3.837	0.979	790.22
0.00299999760000192	0.0199799840160128	3.768	0.987	1187.18
0.00399999680000256	0.0199799840160128	3.66	1.148	1570.72
0.0049999960000032	0.0219599824320141	3.715	1.007	2182.06
0.00699999440000448	0.0241199807040154	4.135	1.235	2484.57
0.0099999920000064	0.0278999776800179	4.021	1.05	4002.4
0.013999988800009	0.0300599759520192	4.544	1.134	5570.1
0.0199999840000128	0.035999971200023	17.808	1.285	8745.5
0.0289999768000186	0.0460799631360295	4.415	1.349	9860.5
0.0429999656000275	0.0601199519040385	4.689	1.432	16262.43
0.063999948800041	0.0820799343360525	6.914	1.751	24634.39
0.0949999240000608	0.112139910288072	6.413	2.344	35993.08
0.141999886400091	0.160019871984102	7.981	2.749	49970.34
0.211999830400136	0.230039815968147	9.339	3.414	74718.35
0.316999746400203	0.333899732880214	15.076	4.813	106542.27
0.474999620000304	0.492119606304315	19.929	7.132	150158.25
0.711999430400456	0.728099417520466	27.642	10.188	274514.1
1.06699914640068	1.08413913268869	38.763	14.688	351434.57
1.59999872000102	1.61603870716903	85.281	21.927	464979.99
2.39899808080154	2.41595806723355	84.23	34.352	565262.13
3.5979971216023	3.61403710877031	121.441	49.192	643748.94
5.39599568320345	5.41205567035546	174.036	75.282	721725.94
8.09199352640518	8.10809351352519	233.977	112.443	741033.73
12.1389902888078	12.1561102751118	324.068	170.38	723314.81
18.2079854336117	18.2258854192917	491.116	253.228	737224.49
27.3109781512175	27.3279381376495	719.648	376.091	757524.11
37.3099701520239	37.3260301391759	1058.854	510.7	778659.5
47.3109621512303	47.3279021376783	1408.991	653.364	800786.09
57.3109541512367	57.3279741376207	1704.925	784.445	823438.13
67.3109461512431	67.3280461375631	2058.45	908.202	844902.31
77.3109381512495	77.3279381376495	2396.873	1056.817	867192.47
87.3109301512559	87.3278301377359	2738.09	1178.49	889383.99
97.3109221512623	97.3279021376783	3109.008	1618.162	911591.85
