0.00199999840000128	0.0179999856000115	3.541	1.029	758.69
0.00299999760000192	0.0199799840160128	5.215	0.94	1147.96
0.00399999680000256	0.0199799840160128	3.657	1.006	1609.76
0.00399999680000256	0.0219599824320141	3.643	0.973	1933.26
0.00599999520000384	0.0219599824320141	3.81	0.969	3091.44
0.0099999920000064	0.0278999776800179	3.822	1.043	4274.44
0.013999988800009	0.0318599745120204	4.05	1.072	6082.17
0.0189999848000122	0.035999971200023	13.321	1.461	7545.96
0.0279999776000179	0.0440999647200282	4.459	1.308	10480.79
0.0429999656000275	0.0599399520480384	5.025	1.39	14427.11
0.063999948800041	0.0800999359200513	5.698	1.641	21430.45
0.0949999240000608	0.111959910432072	6.369	2.3	38956
0.14099988720009	0.158039873568101	7.439	2.53	50063.03
0.211999830400136	0.227879817696146	11.404	3.972	64334.46
0.316999746400203	0.334079732736214	15.435	4.927	92363.68
0.473999620800303	0.491939606448315	18.365	7.223	150939.9
0.710999431200455	0.727919417664466	27.724	10.267	275627.56
1.06699914640068	1.08395913283269	36.586	14.669	389005.08
1.59999872000102	1.61603870716903	55.751	22.287	480771.41
2.39899808080154	2.41595806723355	78.161	33.858	581878.57
3.5979971216023	3.61385710891431	135.831	49.293	656794.25
5.39599568320345	5.41403566877147	174.303	76.248	721154
8.09299352560518	8.10989351208519	293.074	111.55	740902.72
12.1389902888078	12.1559302752558	431.184	170.411	723474.66
18.2079854336117	18.2258854192917	467.088	254.389	736666.63
27.3109781512175	27.3279381376495	724.451	383.596	756403.15
37.3109701512239	37.3278301377359	1057.104	504.922	778893.83
47.3109621512303	47.3280821375343	1392.665	624.461	801858.44
57.3109541512367	57.3279741376207	1724.749	789.02	823573.13
67.3109461512431	67.3278661377071	2039.285	916.198	845925.13
77.3109381512495	77.3279381376495	2376.054	1044.034	866748.87
87.3109301512559	87.3278301377359	2793.512	1198.025	889293.22
97.3109221512623	97.3279021376783	3056.395	1614.009	911544.44
