0.00199999840000128	0.0199799840160128	3.584	1.096	805.98
0.00299999760000192	0.0199799840160128	3.628	0.984	1296.89
0.00399999680000256	0.0201599838720129	3.939	1.018	1555.09
0.0049999960000032	0.0219599824320141	3.677	1.016	1894.33
0.00699999440000448	0.0239399808480153	3.792	1.223	3002.73
0.0099999920000064	0.0259199792640166	3.737	1.093	3803.01
0.013999988800009	0.0320399743680205	4.22	1.167	5459.97
0.0199999840000128	0.035999971200023	4.143	1.195	7752.56
0.0289999768000186	0.0460799631360295	4.534	1.282	11325.35
0.0429999656000275	0.0599399520480384	5.197	1.507	15913.85
0.063999948800041	0.0820799343360525	5.451	1.736	23717.5
0.0949999240000608	0.111959910432072	6.18	2.313	31148.12
0.141999886400091	0.158039873568101	7.538	2.647	48460.01
0.211999830400136	0.230039815968147	22.238	3.619	73744.02
0.314999748000202	0.331919734464212	14.628	5.376	105982.51
0.474999620000304	0.491939606448315	20.085	6.878	130861.33
0.711999430400456	0.730079415936467	29.991	10.271	280535.25
1.06699914640068	1.08395913283269	36.794	14.736	389222.85
1.59999872000102	1.61603870716903	53.927	22.055	457473.85
2.39799808160153	2.41595806723355	80.977	33.331	557816.62
3.5979971216023	3.61403710877031	125.032	49.268	663693.33
5.39599568320345	5.41403566877147	180.008	76.314	716880.68
8.09299352560518	8.11007351194119	253.594	111.161	740857.41
12.1389902888078	12.1559302752558	386.037	171.958	723691.07
18.2079854336117	18.2239054208757	489.406	257.095	736951.35
27.3109781512175	27.3279381376495	767.012	378.384	756388.48
37.3109701512239	37.3280101375919	1509.25	509.34	779358.03
47.3099621520303	47.3279021376783	1369.876	639.184	801518.58
57.3109541512367	57.3279741376207	1714.853	787.001	823427.73
67.3109461512431	67.3278661377071	2057.215	910.736	845517.69
77.3109381512495	77.3279381376495	2426.594	1043.594	867698.44
87.3109301512559	87.3278301377359	3754.063	1194.194	889399.82
97.3109221512623	97.3279021376783	3075.935	1611.557	911640.96
