0.00199999840000128	0.0199799840160128	15.547	1.236	758.69
0.00299999760000192	0.0199799840160128	3.735	1.231	1175.41
0.00299999760000192	0.0201599838720129	3.851	1.212	1757.99
0.0049999960000032	0.0221399822880142	3.796	1.204	1800.86
0.00699999440000448	0.0239399808480153	4.063	1.235	2608.46
0.0099999920000064	0.0260999791200167	3.81	1.318	3910.41
0.013999988800009	0.0320399743680205	3.891	1.417	5604.27
0.0199999840000128	0.0379799696160243	4.926	1.993	7591.05
0.0289999768000186	0.0460799631360295	4.242	1.771	9867.94
0.0429999656000275	0.0601199519040385	4.863	1.918	18328.08
0.063999948800041	0.0820799343360525	5.466	2.289	25008.75
0.0949999240000608	0.111959910432072	6.449	3.009	30637.81
0.14099988720009	0.158039873568101	7.774	3.697	49161.11
0.211999830400136	0.230039815968147	10.249	4.936	68308.8
0.316999746400203	0.333899732880214	14.925	6.641	99724.68
0.474999620000304	0.491939606448315	18.495	9.53	156367.97
0.711999430400456	0.729899416080467	28.27	12.663	306642
1.06699914640068	1.08395913283269	65.436	17.356	391393.14
1.59999872000102	1.61585870731303	58.21	24.738	490685.88
2.39899808080154	2.41595806723355	77.207	35.679	575068.4
3.5979971216023	3.61403710877031	141.981	52.103	652801.85
5.39599568320345	5.41187567049946	175.129	79.429	721543.56
8.09199352640518	8.11007351194119	268.131	113.599	741081.65
12.1389902888078	12.1561102751118	399.861	175.969	723369.61
18.2079854336117	18.2239054208757	491.449	256.102	736757.05
27.3109781512175	27.3279381376495	717.477	382.397	756676.5
37.3109701512239	37.3280101375919	1090.895	518.19	778893.23
47.3109621512303	47.3280821375343	1415.264	658.695	800640.5
57.3109541512367	57.3279741376207	1744.682	843.412	823436.2
67.3109461512431	67.3278661377071	2065.757	923.258	845927.35
77.3099381520495	77.3279381376495	2399.014	1046.334	867159.45
87.3109301512559	87.3280101375919	2724.614	1196.278	889433.93
97.3109221512623	97.3279021376783	3111.361	1356.543	911599.24
