0.00199999840000128	0.0179999856000115	3.657	1.139	1308.64
0.00199999840000128	0.0199799840160128	5.614	1.168	778.4
0.00399999680000256	0.0199799840160128	3.723	1.177	1473.04
0.0049999960000032	0.0221399822880142	3.74	1.275	2205.35
0.00599999520000384	0.0221399822880142	3.901	1.237	2824.99
0.0099999920000064	0.0259199792640166	4.021	1.329	4029.22
0.013999988800009	0.0320399743680205	4.162	1.442	6517.08
0.0199999840000128	0.035999971200023	4.155	1.444	8191.41
0.0289999768000186	0.0460799631360295	4.406	1.755	10480.79
0.0429999656000275	0.0599399520480384	5.047	1.925	18328.08
0.063999948800041	0.0818999344800524	5.522	2.341	22414.16
0.0949999240000608	0.111959910432072	7.296	2.933	30610.02
0.141999886400091	0.158039873568101	7.567	3.648	54632.73
0.211999830400136	0.227879817696146	9.582	5.525	75687.58
0.316999746400203	0.334079732736214	15.107	6.627	100315.12
0.474999620000304	0.491939606448315	27.044	9.479	131733.35
0.711999430400456	0.728099417520466	30.053	12.707	318070.99
1.06699914640068	1.08413913268869	54.105	16.994	364578.83
1.59999872000102	1.61585870731303	58.921	24.854	485884.4
2.39899808080154	2.41595806723355	85.062	34.926	566683.74
3.5979971216023	3.61601710718631	109.498	52.375	651032.88
5.39499568400345	5.41205567035546	156.939	77.955	718974.29
8.09299352560518	8.11007351194119	255.278	112.658	740895.31
12.1389902888078	12.1561102751118	393.79	174.303	723193.45
18.2079854336117	18.2258854192917	467.487	255.05	737175.05
27.3109781512175	27.3279381376495	711.309	371.719	756879.76
37.3109701512239	37.3278301377359	1055.38	534.053	778812.95
47.3109621512303	47.3280821375343	1382.955	648.398	800796.09
57.3109541512367	57.3279741376207	1687.975	795.111	822985.06
67.3109461512431	67.3278661377071	2046.557	915.673	844936.95
77.3109381512495	77.3279381376495	2406.119	1051.912	866844.99
87.3109301512559	87.3278301377359	2712.832	1182.562	889296.81
97.3109221512623	97.3279021376783	3136.565	1323.339	911552.91
