0.00199999840000128	0.0179999856000115	3.774	1.36	794.16
0.00299999760000192	0.0199799840160128	3.868	1.376	1147.96
0.00399999680000256	0.0199799840160128	7.658	1.454	1625.37
0.0049999960000032	0.0219599824320141	3.961	1.408	2034.4
0.00699999440000448	0.0239399808480153	4.739	1.385	2716.77
0.0099999920000064	0.0260999791200167	4.093	1.694	3803.01
0.013999988800009	0.0300599759520192	4.23	1.495	5167.21
0.0199999840000128	0.0379799696160243	4.588	1.857	7591.05
0.0289999768000186	0.0460799631360295	4.923	2.346	11121.96
0.0429999656000275	0.0599399520480384	5.756	2.222	16153.54
0.063999948800041	0.0799199360640512	5.584	2.632	24620.26
0.0949999240000608	0.111959910432072	6.634	3.19	35746.41
0.141999886400091	0.158039873568101	7.882	4.123	47368.25
0.211999830400136	0.228059817552146	10.651	5.237	70835.35
0.316999746400203	0.334079732736214	15.325	7.269	97800.48
0.474999620000304	0.491939606448315	19.344	9.764	138161.45
0.711999430400456	0.730079415936467	30.855	13.417	290341.03
1.06699914640068	1.08395913283269	39.949	18.648	383493.6
1.59899872080102	1.61603870716903	67.564	27.077	452659.31
2.39899808080154	2.41595806723355	95.685	39.133	570394.8
3.5979971216023	3.61583710733031	134.567	57.992	661692.25
5.39599568320345	5.41187567049946	163.041	86.025	718845.31
8.09299352560518	8.10989351208519	256.005	124.787	740718.98
12.1379902896078	12.1559302752558	369.068	189.925	723417.55
18.2079854336117	18.2260654191477	490.65	279.328	737432.57
27.3109781512175	27.3279381376495	729.149	414.798	756933.99
37.3109701512239	37.3278301377359	1058.023	565.751	778700.46
47.3109621512303	47.3280821375343	1414.892	704.38	801325.99
57.3109541512367	57.3279741376207	1777.484	875.359	822809
67.3109461512431	67.3280461375631	2130.944	1013.632	845452.78
77.3109381512495	77.3279381376495	2495.047	1139.565	867860.55
87.3109301512559	87.3280101375919	2797.927	1293.409	889311.99
97.3109221512623	97.3280821375343	3134.676	1449.868	911576.22
