0.00199999840000128	0.0179999856000115	3.781	1.162	1218.54
0.00199999840000128	0.0179999856000115	4.142	1.151	782.34
0.00399999680000256	0.0199799840160128	3.966	1.201	1711.2
0.0049999960000032	0.0219599824320141	3.881	1.23	2201.47
0.00699999440000448	0.0239399808480153	3.889	1.194	2859.76
0.0099999920000064	0.028079977536018	4.178	1.336	3568.77
0.013999988800009	0.0320399743680205	4.662	1.279	5448.57
0.0189999848000122	0.035999971200023	20.362	1.387	7482.05
0.0289999768000186	0.0458999632800294	5.134	1.51	12395.08
0.0429999656000275	0.0599399520480384	5.063	1.653	17740.11
0.063999948800041	0.0820799343360525	5.981	1.979	21666.3
0.0949999240000608	0.111959910432072	6.295	2.335	31148.12
0.141999886400091	0.160019871984102	7.67	3.028	44663.72
0.211999830400136	0.230039815968147	12.239	4.033	75380.67
0.315999747200202	0.333899732880214	15.316	5.656	92144.71
0.474999620000304	0.492119606304315	34.478	7.396	161877.14
0.711999430400456	0.730079415936467	30.317	11.289	182093.61
1.06699914640068	1.08395913283269	38.153	16.13	381266.7
1.59999872000102	1.61801870558504	56.38	24.296	490606.7
2.39899808080154	2.41595806723355	116.997	36.853	575149.26
3.5969971224023	3.61403710877031	323.481	53.643	663864.37
5.39599568320345	5.41205567035546	176.474	83.934	720699.92
8.09299352560518	8.10989351208519	256.401	123.196	740908.38
12.1389902888078	12.1559302752558	349.28	182.764	723621.03
18.2069854344117	18.2240854207317	469.254	275.148	737528.42
27.3089781528175	27.3259581392335	754.516	407.454	756460.31
37.3099701520239	37.3280101375919	1094.711	565.685	779642.86
47.3109621512303	47.3279021376783	1448.799	702.065	801278.76
57.3109541512367	57.3277941377647	1788.898	845.019	823591.13
67.3109461512431	67.3278661377071	2141.238	994.467	845919.8
77.3109381512495	77.3279381376495	2517.442	1171.284	867126.09
87.3109301512559	87.3280101375919	2796.185	1297.996	889120
97.3109221512623	97.3279021376783	3184.758	1856.529	911573.64
