0.00199999840000128	0.0199799840160128	3.611	0.948	821.74
0.00299999760000192	0.0201599838720129	4.265	1.255	1222.46
0.00399999680000256	0.0199799840160128	3.665	1.009	1757.99
0.0049999960000032	0.0219599824320141	3.498	0.986	2049.95
0.00699999440000448	0.0239399808480153	10.349	1.062	2728.37
0.0099999920000064	0.0259199792640166	3.955	1.088	3925.74
0.0119999904000077	0.0298799760960191	3.847	1.067	6146.53
0.0199999840000128	0.0379799696160243	5.779	1.191	7943.96
0.0289999768000186	0.0458999632800294	4.278	1.386	11043.96
0.0429999656000275	0.0599399520480384	4.869	1.42	16153.54
0.063999948800041	0.0800999359200513	6.26	1.674	21109.17
0.0949999240000608	0.111959910432072	6.069	2.009	33331.8
0.141999886400091	0.158039873568101	7.453	2.669	48200.8
0.211999830400136	0.229859816112147	9.462	3.401	75211.47
0.316999746400203	0.333899732880214	14.304	4.852	101947.8
0.473999620800303	0.489959608032314	19.077	6.752	137097.05
0.711999430400456	0.729899416080467	34.115	10.395	281098.35
1.06699914640068	1.08413913268869	44.04	14.561	391761.16
1.59999872000102	1.61585870731303	58.191	22.343	455280.88
2.39899808080154	2.41595806723355	103.264	33.761	559077.32
3.5979971216023	3.61385710891431	108.066	50.233	659200.29
5.39499568400345	5.41205567035546	183.599	75.328	722933.43
8.09299352560518	8.11007351194119	239.318	111.728	740860.2
12.1389902888078	12.1561102751118	328.774	169.531	723540.52
18.2079854336117	18.2260654191477	556.376	254.614	736537.73
27.3109781512175	27.3279381376495	793.354	379.671	756807.19
37.3099701520239	37.3260301391759	1045.021	503.505	778579.88
47.3099621520303	47.3279021376783	1365.26	648.823	801325.57
57.3109541512367	57.3277941377647	1728.857	793.74	823605.44
67.3109461512431	67.3278661377071	2051.143	911.943	845572.12
77.3109381512495	77.3279381376495	2389.815	1053.447	867829.06
87.3109301512559	87.3278301377359	2733.621	1194.797	889657.76
97.3109221512623	97.3279021376783	3095.487	1620.769	911686.91
