0.00199999840000128	0.0179999856000115	3.688	1.115	805.98
0.00299999760000192	0.0199799840160128	3.797	1.215	1198.94
0.00399999680000256	0.0199799840160128	3.736	1.144	1594.14
0.0049999960000032	0.0221399822880142	11.03	1.174	2143.22
0.00699999440000448	0.0239399808480153	4.086	1.208	2608.46
0.0099999920000064	0.0259199792640166	3.991	1.245	4094.34
0.013999988800009	0.0298799760960191	4.005	1.263	4946.36
0.0199999840000128	0.035999971200023	6.733	1.337	7730.03
0.0279999776000179	0.0439199648640281	4.583	1.479	10881.08
0.0429999656000275	0.0599399520480384	4.905	1.634	18133.43
0.063999948800041	0.0799199360640512	10.47	2.017	24220.72
0.0949999240000608	0.111959910432072	7.245	2.464	38956
0.14099988720009	0.157859873712101	8.406	3.003	48460.01
0.211999830400136	0.228059817552146	9.579	4.022	66862.33
0.316999746400203	0.334079732736214	14.512	5.405	97674.68
0.474999620000304	0.492119606304315	18.756	7.478	143265.23
0.711999430400456	0.730079415936467	28.953	11.119	302447.22
1.06599914720068	1.08395913283269	41.719	16.918	361995.24
1.59899872080102	1.61603870716903	57.495	24.541	464094.95
2.39799808160153	2.41397806881754	91.042	36.671	565335.7
3.5979971216023	3.61403710877031	141.228	53.472	655872.49
5.39599568320345	5.41187567049946	171.833	82.491	717778.41
8.09199352640518	8.11007351194119	273.345	118.913	740931.27
12.1389902888078	12.1559302752558	364.319	185.882	723378.85
18.2079854336117	18.2260654191477	487.347	274.246	736740.77
27.3109781512175	27.3279381376495	718.626	409.929	756932.72
37.3109701512239	37.3278301377359	1100.233	556.922	778991.12
47.3109621512303	47.3280821375343	1457.761	713.6	801407.88
57.3099541520367	57.3259941392047	1771.949	851.063	823108.27
67.3109461512431	67.3280461375631	2112.339	1004.306	846086.87
77.3109381512495	77.3279381376495	2475.868	1154.465	867755.72
87.3109301512559	87.3280101375919	2815.449	1303.875	889552.19
97.3109221512623	97.3279021376783	3323.572	1793.001	911560.8
