0.00199999840000128	0.0199799840160128	3.755	1.269	790.22
0.00299999760000192	0.0199799840160128	3.808	1.211	1171.49
0.00399999680000256	0.0199799840160128	3.756	1.255	1516.03
0.0049999960000032	0.0219599824320141	3.685	1.349	1804.76
0.00599999520000384	0.0239399808480153	3.988	1.287	2759.3
0.0099999920000064	0.028079977536018	4.715	1.359	4125.01
0.013999988800009	0.0300599759520192	4.03	1.747	5570.1
0.0199999840000128	0.0379799696160243	4.236	1.56	8030.22
0.0289999768000186	0.0460799631360295	4.559	1.709	12126.24
0.0429999656000275	0.0599399520480384	4.94	1.978	14427.11
0.063999948800041	0.0800999359200513	5.996	2.374	24291.47
0.0939999248000602	0.111959910432072	6.288	2.871	34320.91
0.141999886400091	0.157859873712101	7.596	3.66	52269.13
0.211999830400136	0.228059817552146	9.478	4.923	75534.15
0.316999746400203	0.333899732880214	15.169	6.548	99724.68
0.474999620000304	0.491939606448315	19.529	9.417	170116.17
0.710999431200455	0.728099417520466	28.555	12.675	272803.84
1.06599914720068	1.08197913441669	36.925	16.922	390941.07
1.59999872000102	1.61603870716903	64.322	24.829	481578.64
2.39899808080154	2.41595806723355	76.345	35.078	555691.05
3.5979971216023	3.61403710877031	125.397	52.477	660096
5.39599568320345	5.41403566877147	164.894	78.293	719594.14
8.09299352560518	8.10989351208519	250.671	115.361	740772.24
12.1389902888078	12.1559302752558	354.662	175.518	723514.72
18.2079854336117	18.2239054208757	492.281	257.2	736403.21
27.3109781512175	27.3279381376495	722.046	387.109	756838.55
37.3109701512239	37.3280101375919	1056.955	512.048	778561.78
47.3099621520303	47.3280821375343	1365.273	657.782	801616.74
57.3109541512367	57.3279741376207	1697.996	789.963	823081.44
67.3109461512431	67.3278661377071	2038.785	929.197	845002.47
77.3109381512495	77.3279381376495	2372.884	1051.103	868150.46
87.3109301512559	87.3278301377359	2697.552	1196.274	889446.78
97.3109221512623	97.3279021376783	3114.762	1333.179	911537
