0.00199999840000128	0.0179999856000115	4.739	1.158	798.1
0.00299999760000192	0.0199799840160128	3.82	1.176	1198.94
0.00299999760000192	0.0201599838720129	3.812	1.167	1757.99
0.0049999960000032	0.0219599824320141	3.975	1.185	1882.65
0.00699999440000448	0.0241199807040154	3.969	1.31	3002.73
0.0099999920000064	0.0260999791200167	3.795	1.221	3518.8
0.013999988800009	0.0320399743680205	4.052	1.364	5585.29
0.0199999840000128	0.0379799696160243	4.2	1.575	7591.05
0.0289999768000186	0.0460799631360295	4.637	1.738	10725.5
0.0429999656000275	0.0599399520480384	5.093	2.347	16262.43
0.063999948800041	0.0800999359200513	6.095	2.313	24383.44
0.0949999240000608	0.112139910288072	7.309	2.883	37644.47
0.141999886400091	0.158039873568101	7.791	3.688	51764.98
0.211999830400136	0.228059817552146	8.99	4.796	72992.17
0.316999746400203	0.333899732880214	23.729	6.623	107217.2
0.474999620000304	0.491939606448315	19.813	8.946	153609.59
0.711999430400456	0.730079415936467	33.688	12.423	284218.5
1.06699914640068	1.08395913283269	40.228	17.113	354209.38
1.59999872000102	1.61783870572904	55.79	24.521	454862.52
2.39899808080154	2.41595806723355	110.193	35.808	562170.87
3.5979971216023	3.61385710891431	131.805	50.997	654320.6
5.39599568320345	5.41187567049946	182.234	80.945	721757.67
8.09299352560518	8.11007351194119	256.461	117.059	740938.44
12.1389902888078	12.1561102751118	341.849	176.649	723553.23
18.2079854336117	18.2239054208757	498.289	257.752	736589.25
27.3109781512175	27.3279381376495	761.12	379.672	756363.84
37.3109701512239	37.3280101375919	1051.495	530.961	779271.67
47.3109621512303	47.3279021376783	1360.04	659.315	800657.59
57.3109541512367	57.3279741376207	1704.906	778.441	823921.89
67.3109461512431	67.3278661377071	2078.5	917.167	844920.95
77.3109381512495	77.3279381376495	2378.525	1055.233	868328.5
87.3109301512559	87.3280101375919	2685.005	1193.579	889253.7
97.3109221512623	97.3279021376783	3062.253	1319.037	911576.17
