0.00199999840000128	0.0179999856000115	3.525	0.973	805.98
0.00299999760000192	0.0199799840160128	3.983	0.964	1453.49
0.00299999760000192	0.0199799840160128	4.205	0.982	1277.31
0.0049999960000032	0.0219599824320141	3.847	0.968	1800.86
0.00699999440000448	0.0239399808480153	3.776	1.028	3264.85
0.0099999920000064	0.0259199792640166	3.976	1.052	4415.93
0.013999988800009	0.0298799760960191	4.054	1.094	5604.27
0.0199999840000128	0.035999971200023	4.065	1.136	7891.43
0.0289999768000186	0.0458999632800294	4.481	1.336	11591.38
0.0429999656000275	0.0599399520480384	4.619	1.401	16182.58
0.063999948800041	0.0800999359200513	5.537	1.698	22236.27
0.0949999240000608	0.111959910432072	6.356	2.044	30686.44
0.141999886400091	0.158039873568101	7.623	2.609	50572.46
0.211999830400136	0.227879817696146	9.546	3.483	80178.64
0.316999746400203	0.334079732736214	18.248	5.331	102750.35
0.473999620800303	0.491939606448315	20.642	6.925	142411.81
0.711999430400456	0.727919417664466	27.751	10.592	193777.74
1.06699914640068	1.08395913283269	60.108	14.685	376186.59
1.59999872000102	1.61801870558504	86.627	21.998	471172.83
2.39899808080154	2.41595806723355	103.525	32.941	563140.88
3.5979971216023	3.61601710718631	121.654	50.357	647455.78
5.39599568320345	5.41205567035546	165.049	75.918	719153.66
8.09299352560518	8.10989351208519	288.929	112.236	740942.78
12.1389902888078	12.1559302752558	352.677	168.576	723418.32
18.2079854336117	18.2240854207317	547.527	252.96	736988.52
27.3109781512175	27.3279381376495	707.937	376.74	756620.63
37.3099701520239	37.3280101375919	1840.609	539.615	778722.09
47.3109621512303	47.3280821375343	1356.311	653.811	801679.69
57.3109541512367	57.3279741376207	1712.897	773.72	823469.26
67.3109461512431	67.3280461375631	2099.073	916.434	845750.63
77.3109381512495	77.3279381376495	2455.386	1046.222	868213.8
87.3109301512559	87.3278301377359	2800.726	1187.266	889287.37
97.3109221512623	97.3279021376783	3091.818	1674.315	911646.69
