0.00099999920000064	0.0179999856000115	3.773	1.089	790.22
0.00299999760000192	0.0199799840160128	3.726	1.124	1367.35
0.00399999680000256	0.0221399822880142	8.75	1.291	1742.4
0.0049999960000032	0.0219599824320141	3.926	1.219	2022.73
0.00599999520000384	0.0239399808480153	3.988	1.174	2627.81
0.00899999280000576	0.0259199792640166	4.129	1.306	3925.74
0.013999988800009	0.0320399743680205	4.346	1.357	5748.66
0.0199999840000128	0.035999971200023	5.374	1.363	6890.71
0.0279999776000179	0.0439199648640281	5.198	1.487	12531.55
0.0429999656000275	0.0601199519040385	5.002	1.617	16153.54
0.063999948800041	0.0820799343360525	5.777	1.932	22944.21
0.0949999240000608	0.112139910288072	7.23	2.397	30610.02
0.141999886400091	0.159839872128102	7.601	3.239	49336.86
0.211999830400136	0.228059817552146	10.071	4.121	68887.92
0.316999746400203	0.334079732736214	24.504	6.009	102928.29
0.474999620000304	0.492119606304315	23.702	7.703	130762.93
0.711999430400456	0.727919417664466	35.479	11.205	285430.04
1.06699914640068	1.08395913283269	38.789	16.274	362986.68
1.59999872000102	1.61603870716903	108.79	24.655	480438.71
2.39799808160153	2.41595806723355	84.322	35.978	563312.38
3.5979971216023	3.61403710877031	118.669	52.723	661554.23
5.39599568320345	5.41205567035546	185.94	82.619	721846.67
8.09299352560518	8.10989351208519	250.429	125.696	740751.82
12.1379902896078	12.1539502768398	359.052	185.252	723442.12
18.2079854336117	18.2260654191477	476.113	275.348	736322.92
27.3109781512175	27.3279381376495	753.875	408.315	757201.85
37.3109701512239	37.3280101375919	1087.045	554.091	778996.49
47.3109621512303	47.3279021376783	1498.576	695.555	801301.2
57.3109541512367	57.3279741376207	1759.709	844.383	823116.67
67.3109461512431	67.3278661377071	2118.694	987.795	845597.53
77.3109381512495	77.3279381376495	2468.03	1164.456	867819
87.3109301512559	87.3280101375919	2861.075	1275.904	889261.34
97.3109221512623	97.3279021376783	3178.803	1847.886	911541.92
