0.00199999840000128	0.0179999856000115	3.891	0.92	758.69
0.00199999840000128	0.0179999856000115	3.725	1.022	1198.94
0.00399999680000256	0.0199799840160128	3.53	1.215	1473.04
0.0049999960000032	0.0219599824320141	3.903	1.095	2143.22
0.00699999440000448	0.0239399808480153	3.833	1.027	2778.62
0.00899999280000576	0.0260999791200167	12.603	1.045	3514.95
0.013999988800009	0.0300599759520192	3.948	1.066	5953.4
0.0199999840000128	0.035999971200023	3.996	1.161	7252.6
0.0289999768000186	0.0460799631360295	4.521	1.512	10714.38
0.0429999656000275	0.0599399520480384	5.545	1.691	14427.11
0.063999948800041	0.0799199360640512	5.521	1.664	23366.55
0.0949999240000608	0.112139910288072	10.08	2.051	38956
0.141999886400091	0.158039873568101	7.511	2.661	47368.25
0.211999830400136	0.228059817552146	9.392	3.691	71549.53
0.316999746400203	0.334079732736214	15.563	4.967	92144.71
0.473999620800303	0.490139607888314	19.237	7.403	150939.9
0.711999430400456	0.730079415936467	27.97	10.151	183774.65
1.06699914640068	1.08395913283269	39.138	14.874	363353.56
1.59999872000102	1.61603870716903	56.305	21.946	448515.06
2.39899808080154	2.41595806723355	89.998	36.68	565655.73
3.5979971216023	3.61403710877031	109.001	48.932	655341.39
5.39599568320345	5.41205567035546	169.567	74.164	720463.17
8.09299352560518	8.11007351194119	273.364	110.365	740906.32
12.1389902888078	12.1559302752558	316.315	166.387	723587.16
18.2079854336117	18.2258854192917	499.259	253.95	736547.14
27.3109781512175	27.3279381376495	757.791	383.931	756974.31
37.3109701512239	37.3280101375919	1050.894	502.621	778899.25
47.3109621512303	47.3280821375343	1455.071	645.351	800640.36
57.3109541512367	57.3279741376207	1742.905	777.18	823765.85
67.3109461512431	67.3278661377071	2070.924	914.872	845957.5
77.3109381512495	77.3279381376495	2405.66	1041.625	866965.19
87.3109301512559	87.3280101375919	2717.782	1213.432	889247.97
97.3109221512623	97.3279021376783	3075.167	1696.901	911560.69
