0.00199999840000128	0.0199799840160128	26.051	1.607	798.1
0.00299999760000192	0.0199799840160128	3.895	1.327	1187.18
0.00399999680000256	0.0201599838720129	3.915	1.371	1757.99
0.0049999960000032	0.0219599824320141	4.323	1.457	2022.73
0.00699999440000448	0.0239399808480153	4.129	1.492	2902.38
0.00899999280000576	0.0260999791200167	4.099	1.454	3695.53
0.013999988800009	0.0320399743680205	28.266	1.692	5699.35
0.0199999840000128	0.0379799696160243	4.383	1.761	7737.54
0.0289999768000186	0.0458999632800294	4.702	1.928	9867.94
0.0429999656000275	0.0601199519040385	7.88	2.194	15913.85
0.063999948800041	0.0818999344800524	6.426	2.858	21430.45
0.0949999240000608	0.111959910432072	6.338	3.245	31148.12
0.141999886400091	0.158039873568101	8.173	4.163	45334.27
0.210999831200135	0.228059817552146	9.662	5.427	80994.69
0.316999746400203	0.334079732736214	14.868	7.18	108102.66
0.474999620000304	0.492119606304315	20.41	9.997	144926.98
0.711999430400456	0.729899416080467	31.208	13.595	297092.91
1.06699914640068	1.08395913283269	39.129	18.679	369410.87
1.59999872000102	1.61801870558504	59.789	26.354	491325.81
2.39799808160153	2.41415806867355	81.373	38.374	575362.98
3.5969971224023	3.61403710877031	108.161	55.176	659904.66
5.39499568400345	5.41205567035546	162.736	84.982	721810.52
8.09299352560518	8.11007351194119	260.285	125.656	740597.32
12.1389902888078	12.1561102751118	355.027	187.134	723506.93
18.2079854336117	18.2260654191477	506.567	278.904	736789.71
27.3109781512175	27.3279381376495	748.728	414.815	757432.27
37.3099701520239	37.3260301391759	1091.035	564.448	779615.99
47.3109621512303	47.3280821375343	1422.449	713.887	801117.08
57.3109541512367	57.3279741376207	1784.273	846.996	823276.77
67.3109461512431	67.3280461375631	2117.594	1004.497	844848.1
77.3109381512495	77.3279381376495	2471.233	1140.759	868070.41
87.3109301512559	87.3280101375919	2813.879	1296.238	889787.63
97.3109221512623	97.3279021376783	3154.548	1448.554	911559.77
