0.00199999840000128	0.0199799840160128	4.524	1.192	798.1
0.00299999760000192	0.0199799840160128	3.724	1.189	1206.78
0.00399999680000256	0.0199799840160128	3.853	1.381	1457.4
0.0049999960000032	0.0221399822880142	4.889	1.294	1800.86
0.00699999440000448	0.0241199807040154	3.936	1.198	2488.44
0.0099999920000064	0.028079977536018	4.174	1.268	4002.4
0.013999988800009	0.0318599745120204	6.687	1.355	5570.1
0.0199999840000128	0.035999971200023	4.101	1.505	6879.4
0.0289999768000186	0.0458999632800294	8.569	1.658	11207.04
0.0429999656000275	0.0599399520480384	6.109	1.872	17740.11
0.0629999496000403	0.0799199360640512	5.932	2.345	23852.13
0.0949999240000608	0.111959910432072	6.611	3.254	34805.63
0.141999886400091	0.159839872128102	7.435	3.581	47368.25
0.211999830400136	0.230039815968147	9.053	4.856	72825.28
0.316999746400203	0.334079732736214	15.28	7.136	101019.01
0.474999620000304	0.491939606448315	19.086	9.072	130762.93
0.711999430400456	0.728099417520466	28.046	12.162	181965.89
1.06699914640068	1.08413913268869	67.085	17.465	385165.39
1.59999872000102	1.61801870558504	63.736	25.538	491109.92
2.39899808080154	2.41595806723355	83.752	36.163	557649.27
3.5979971216023	3.61403710877031	117.88	51.768	661844.01
5.39599568320345	5.41187567049946	161.215	78.184	719609.24
8.09299352560518	8.11007351194119	232.277	114.457	740868.06
12.1379902896078	12.1559302752558	333.195	176.713	723572.18
18.2079854336117	18.2258854192917	498.53	259.834	736877.45
27.3109781512175	27.3281181375055	740.547	384.332	756419.68
37.3099701520239	37.3280101375919	1021.832	513.53	778320.07
47.3109621512303	47.3280821375343	1416.858	653.66	800737.21
57.3109541512367	57.3279741376207	1725.816	758.553	823487.19
67.3109461512431	67.3278661377071	2071.519	928.812	845451.07
77.3109381512495	77.3279381376495	2385.218	1053.69	867746.65
87.3109301512559	87.3278301377359	2715.909	1199.553	889277.47
97.3099221520623	97.3279021376783	3078.669	1313.477	911576.29
