0.00199999840000128	0.0199799840160128	3.591	0.958	802.04
0.00299999760000192	0.0199799840160128	3.74	0.992	1116.57
0.00399999680000256	0.0199799840160128	4.013	0.996	1621.47
0.0049999960000032	0.0219599824320141	3.773	1.008	2049.95
0.00599999520000384	0.0239399808480153	3.922	1.019	2778.62
0.0099999920000064	0.028079977536018	3.971	1.104	4362.41
0.013999988800009	0.0318599745120204	5.278	1.178	5448.57
0.0199999840000128	0.035999971200023	4.194	1.246	8075.21
0.0289999768000186	0.0460799631360295	18.728	1.521	9853.06
0.0429999656000275	0.0601199519040385	4.909	1.48	17740.11
0.0629999496000403	0.0799199360640512	5.992	1.752	22944.21
0.0949999240000608	0.111959910432072	6.321	2.274	30637.81
0.14099988720009	0.158039873568101	8.044	2.667	50337.67
0.211999830400136	0.227879817696146	9.089	3.488	69240.27
0.316999746400203	0.334079732736214	15.577	4.904	98189.7
0.474999620000304	0.491939606448315	17.92	6.87	152093.41
0.711999430400456	0.730079415936467	29.944	10.312	192651.59
1.06699914640068	1.08395913283269	39.485	14.98	363471.83
1.59999872000102	1.61801870558504	58.505	22.422	473849.85
2.39899808080154	2.41595806723355	104.326	33.719	575232.54
3.5979971216023	3.61601710718631	138.279	49.161	659478.69
5.39599568320345	5.41205567035546	188.372	73.677	721435.33
8.09299352560518	8.10989351208519	267.391	114.918	740877.56
12.1389902888078	12.1561102751118	341.154	168.185	723378.51
18.2079854336117	18.2239054208757	490.045	247.909	737448.13
27.3109781512175	27.3279381376495	735.906	377.644	756812.33
37.3099701520239	37.3278301377359	1040.54	508.531	778280.71
47.3099621520303	47.3261021391183	1384.744	650.414	801391.59
57.3109541512367	57.3279741376207	1725.879	777.666	823664.48
67.3109461512431	67.3280461375631	2116.38	913.428	845042.4
77.3109381512495	77.3279381376495	2413.852	1049.689	867724.84
87.3109301512559	87.3278301377359	2752.403	1204.569	889665.7
97.3109221512623	97.3279021376783	3089.326	1731.047	911686.47
