0.00199999840000128	0.0201599838720129	3.778	1.141	825.67
0.00299999760000192	0.0199799840160128	3.869	1.156	1245.97
0.00299999760000192	0.0199799840160128	3.893	1.122	1527.75
0.0049999960000032	0.0219599824320141	3.865	1.165	2049.95
0.00599999520000384	0.0219599824320141	4.338	1.194	2763.16
0.0099999920000064	0.0260999791200167	4.086	1.322	4274.44
0.013999988800009	0.0300599759520192	4.228	1.382	4870.14
0.0199999840000128	0.035999971200023	4.441	1.373	7943.96
0.0289999768000186	0.0458999632800294	5.445	1.491	10984.75
0.0419999664000269	0.0579599536320371	4.952	1.649	16672.6
0.063999948800041	0.0799199360640512	5.601	1.992	21430.45
0.0949999240000608	0.111959910432072	6.735	2.913	30610.02
0.141999886400091	0.157859873712101	8.045	3.047	48460.01
0.211999830400136	0.230039815968147	10.542	4.027	64437.05
0.316999746400203	0.334079732736214	14.982	5.468	101515.82
0.474999620000304	0.491939606448315	29.051	7.661	132640.41
0.711999430400456	0.729899416080467	30.727	11.329	277720.3
1.06699914640068	1.08395913283269	45.422	16.151	362183.07
1.59899872080102	1.61603870716903	59.438	24.54	476993.75
2.39799808160153	2.41595806723355	86.868	36.427	567135.26
3.5979971216023	3.61385710891431	116.572	53.829	654244.95
5.39599568320345	5.41385566891547	193.327	80.83	718766.35
8.09299352560518	8.10989351208519	261.183	121.551	740881.76
12.1389902888078	12.1561102751118	342.799	185.111	723352.93
18.2079854336117	18.2239054208757	500.078	276.543	736972.59
27.3109781512175	27.3281181375055	746.835	416.725	757233.44
37.3109701512239	37.3280101375919	1071.402	554.93	779022.19
47.3109621512303	47.3279021376783	1421.805	702.363	801390.35
57.3109541512367	57.3279741376207	1778.122	839.829	823179.27
67.3109461512431	67.3278661377071	2135.791	991.309	845925.57
77.3109381512495	77.3279381376495	2481.088	1172.212	867741.12
87.3109301512559	87.3280101375919	2819.294	1301.514	889269.26
97.3109221512623	97.3279021376783	3168.38	1797.024	911549.67
