0.00199999840000128	0.0179999856000115	4.039	1.219	758.69
0.00299999760000192	0.0199799840160128	4.473	1.327	1151.88
0.00399999680000256	0.0199799840160128	3.721	1.246	1629.28
0.0049999960000032	0.0219599824320141	3.848	1.227	1800.86
0.00699999440000448	0.0239399808480153	3.948	1.247	3002.73
0.0099999920000064	0.028079977536018	4.083	1.387	4274.44
0.013999988800009	0.0298799760960191	4.741	1.497	5513.15
0.0179999856000115	0.0340199727840218	4.161	1.463	8030.22
0.0289999768000186	0.0460799631360295	4.492	1.763	11591.38
0.0429999656000275	0.0599399520480384	4.712	1.934	16229.77
0.063999948800041	0.0799199360640512	5.325	2.4	24291.47
0.0949999240000608	0.111959910432072	6.306	2.891	34448.18
0.141999886400091	0.158039873568101	7.671	3.785	44593.31
0.210999831200135	0.227879817696146	16.555	4.968	72301.34
0.316999746400203	0.333899732880214	16.258	6.699	102571.3
0.474999620000304	0.491939606448315	21.75	8.827	144926.98
0.710999431200455	0.728099417520466	29.768	12.498	277915.26
1.06699914640068	1.08395913283269	37.622	17.775	374768.09
1.59999872000102	1.61603870716903	57.413	24.545	481150.08
2.39799808160153	2.41595806723355	96.684	35.024	567107.4
3.5979971216023	3.61403710877031	112.325	51.846	648545.29
5.39599568320345	5.41403566877147	158.558	78.175	722531.38
8.09299352560518	8.11007351194119	232.478	113.911	740914.27
12.1389902888078	12.1559302752558	343.66	175.351	723401.4
18.2079854336117	18.2239054208757	458.846	257.792	737731.55
27.3109781512175	27.3279381376495	730.07	390.479	756911.4
37.3109701512239	37.3280101375919	1047.853	499.684	778923.45
47.3099621520303	47.3259221392623	1396.463	654.205	801649.19
57.3109541512367	57.3279741376207	1717.026	787.28	823348.29
67.3109461512431	67.3280461375631	2084.403	933.017	844951.24
77.3109381512495	77.3279381376495	2422.007	1067.758	867739.08
87.3109301512559	87.3278301377359	2737.671	1192.25	888998.93
97.3109221512623	97.3279021376783	3047.055	1355.078	911662.39
