0.00099999920000064	0.0179999856000115	3.606	0.92	798.1
0.00299999760000192	0.0199799840160128	3.822	0.99	1715.1
0.00299999760000192	0.0199799840160128	4.107	0.943	1151.88
0.0049999960000032	0.0219599824320141	3.6	1.028	2049.95
0.00699999440000448	0.0241199807040154	3.566	0.999	2790.22
0.0099999920000064	0.0260999791200167	4.323	1.113	3518.8
0.013999988800009	0.0300599759520192	4.29	1.07	5570.1
0.0199999840000128	0.035999971200023	4.276	1.143	8142.7
0.0289999768000186	0.0460799631360295	4.42	1.343	10784.78
0.0429999656000275	0.0599399520480384	4.913	1.707	16951.51
0.063999948800041	0.0799199360640512	5.954	1.707	21109.17
0.0949999240000608	0.112139910288072	6.547	2.04	37719.51
0.14099988720009	0.158039873568101	9.744	2.663	51428.58
0.210999831200135	0.228059817552146	9.999	3.481	64437.05
0.316999746400203	0.333899732880214	14.572	4.844	93670.71
0.473999620800303	0.492119606304315	19.944	6.825	148749.21
0.711999430400456	0.727919417664466	40.898	10.183	275260.2
1.06699914640068	1.08395913283269	38.01	14.752	349058.82
1.59999872000102	1.61801870558504	57.31	22.413	460115.48
2.39899808080154	2.41595806723355	110.452	32.307	573469.67
3.5979971216023	3.61403710877031	104.818	49.603	658933.71
5.39599568320345	5.41205567035546	156.458	76.221	719166.74
8.09299352560518	8.11007351194119	257.663	115.932	740928
12.1379902896078	12.1561102751118	371.449	172.046	723556.07
18.2079854336117	18.2240854207317	532.46	255.895	736516.54
27.3109781512175	27.3279381376495	725.924	375.814	757167.29
37.3099701520239	37.3280101375919	1056.558	513.811	779601.83
47.3109621512303	47.3279021376783	1363.748	639.538	801614.92
57.3109541512367	57.3279741376207	1736.868	775.353	823035.48
67.3109461512431	67.3280461375631	2036.643	908.37	845646.87
77.3109381512495	77.3279381376495	2424.514	1055.92	867185.47
87.3109301512559	87.3280101375919	2740.249	1197.478	889248.61
97.3109221512623	97.3279021376783	3061.644	1697.272	911541.29
