0.00199999840000128	0.0179999856000115	15.917	1.12	1202.86
0.00199999840000128	0.0179999856000115	3.876	1.179	782.34
0.00399999680000256	0.0199799840160128	3.998	1.226	1457.4
0.0049999960000032	0.0219599824320141	4.163	1.202	2201.47
0.00699999440000448	0.0241199807040154	3.942	1.192	2790.22
0.0099999920000064	0.028079977536018	4.019	1.214	3937.24
0.0129999896000083	0.0300599759520192	13.467	1.422	5964.76
0.0189999848000122	0.035999971200023	4.33	1.418	7913.94
0.0289999768000186	0.0460799631360295	4.849	1.593	10784.78
0.0429999656000275	0.0599399520480384	5.04	1.789	18367.72
0.0619999504000397	0.0800999359200513	5.553	2.014	24644.99
0.0949999240000608	0.111959910432072	15.586	2.427	34640.71
0.141999886400091	0.160019871984102	8.028	3.02	56506.44
0.211999830400136	0.228059817552146	10.145	3.996	73555.39
0.316999746400203	0.333899732880214	15.954	5.618	107231.89
0.473999620800303	0.489959608032314	18.577	8.083	142142.11
0.711999430400456	0.727919417664466	28.767	11.214	281436.82
1.06699914640068	1.08395913283269	38.419	16.152	385996.02
1.59999872000102	1.61801870558504	69.198	24.955	477173.61
2.39899808080154	2.41595806723355	85.264	36.982	573629.47
3.5979971216023	3.61403710877031	115.557	53.396	657115.74
5.39599568320345	5.41187567049946	198.889	82.396	716322.91
8.09299352560518	8.11007351194119	261.34	120.449	740798.45
12.1389902888078	12.1559302752558	356.751	187.18	723585.39
18.2079854336117	18.2240854207317	494.983	274.628	736694.07
27.3099781520175	27.3259581392335	723.747	409.529	757569.87
37.3109701512239	37.3280101375919	1087.772	549.762	779415.78
47.3109621512303	47.3279021376783	1440.134	701.214	801206.32
57.3109541512367	57.3279741376207	1813.03	848	823446.17
67.3109461512431	67.3280461375631	2140.213	1004.266	845646.72
77.3109381512495	77.3279381376495	2470.012	1149.757	867232.12
87.3109301512559	87.3280101375919	2812.198	1308.355	889487.37
97.3109221512623	97.3279021376783	3153.951	1832.727	911655.87
