0.00199999840000128	0.0199799840160128	4.101	1.149	758.69
0.00299999760000192	0.0199799840160128	4.343	1.151	1202.86
0.00399999680000256	0.0199799840160128	3.705	1.176	1621.47
0.0049999960000032	0.0219599824320141	3.66	1.297	1960.5
0.00699999440000448	0.0241199807040154	3.651	1.281	3099.16
0.0099999920000064	0.028079977536018	7.11	1.353	4274.44
0.013999988800009	0.0320399743680205	4.055	1.587	4877.77
0.0199999840000128	0.035999971200023	4.677	1.517	8030.22
0.0289999768000186	0.0458999632800294	4.589	1.659	9853.06
0.0429999656000275	0.0599399520480384	4.962	1.915	16672.6
0.063999948800041	0.0818999344800524	5.383	2.341	24644.99
0.0949999240000608	0.111959910432072	6.744	2.974	32315.9
0.141999886400091	0.158039873568101	7.502	3.705	51916.64
0.211999830400136	0.227879817696146	10.006	4.796	73759.73
0.316999746400203	0.334079732736214	14.831	6.644	99948.41
0.474999620000304	0.492119606304315	26.065	8.823	130861.33
0.711999430400456	0.728099417520466	29.241	12.302	192125.47
1.06699914640068	1.08395913283269	40.092	17.615	370648.15
1.59999872000102	1.61603870716903	57.197	24.698	451295.17
2.39899808080154	2.41595806723355	89.821	35.432	589245.81
3.5969971224023	3.61403710877031	141.512	52.18	661008.94
5.39599568320345	5.41205567035546	154.627	78.849	717592.66
8.09199352640518	8.10791351366919	308.775	115.723	740959.23
12.1389902888078	12.1559302752558	341.299	176.441	723980.03
18.2079854336117	18.2258854192917	531.924	258.613	736755.17
27.3109781512175	27.3281181375055	714.603	382.209	756862.25
37.3109701512239	37.3280101375919	1037.365	517.295	778852.92
47.3109621512303	47.3279021376783	1385.993	649.127	801453.32
57.3109541512367	57.3279741376207	1736.362	790.568	823591.14
67.3109461512431	67.3278661377071	2083.222	978.994	845346.6
77.3109381512495	77.3279381376495	2395.151	1055.389	866812.56
87.3109301512559	87.3280101375919	2768.005	1196.197	889407.71
97.3109221512623	97.3279021376783	3084.696	1324.745	911663.47
