0.00199999840000128	0.0199799840160128	3.797	1.205	805.98
0.00299999760000192	0.0199799840160128	3.708	1.267	1198.94
0.00399999680000256	0.0201599838720129	4.812	1.232	1598.05
0.0049999960000032	0.0219599824320141	3.998	1.234	2205.35
0.00699999440000448	0.0239399808480153	3.759	1.465	2728.37
0.0099999920000064	0.0259199792640166	3.739	1.356	3929.58
0.013999988800009	0.0318599745120204	4.058	1.392	5585.29
0.0199999840000128	0.0379799696160243	4.813	1.556	7891.43
0.0289999768000186	0.0460799631360295	4.597	1.762	12126.24
0.0429999656000275	0.0601199519040385	4.958	1.993	14405.19
0.063999948800041	0.0820799343360525	5.852	2.497	23072.02
0.0949999240000608	0.111959910432072	6.275	2.916	35166.2
0.141999886400091	0.159839872128102	8.044	3.845	50063.03
0.210999831200135	0.228059817552146	16.025	4.914	77073.39
0.316999746400203	0.333899732880214	15.209	6.709	114058.05
0.474999620000304	0.491939606448315	18.534	8.929	157341.38
0.711999430400456	0.730079415936467	28.095	12.376	278440.74
1.06699914640068	1.08395913283269	56.684	17.047	396714.09
1.59999872000102	1.61783870572904	55.697	24.537	478347.85
2.39899808080154	2.41595806723355	88.657	34.844	562262.6
3.5979971216023	3.61403710877031	105.498	51.093	655442.96
5.39599568320345	5.41403566877147	175.278	77.773	720566.02
8.09299352560518	8.10989351208519	271.911	115.765	740904.86
12.1379902896078	12.1539502768398	335.611	173.836	723159.45
18.2079854336117	18.2239054208757	519.816	260.365	737175.56
27.3109781512175	27.3279381376495	734.401	383.88	756870.13
37.3109701512239	37.3278301377359	1065.653	519.463	779102.3
47.3099621520303	47.3280821375343	1375.497	655.959	801107.55
57.3109541512367	57.3279741376207	1687.215	787.984	823686.88
67.3109461512431	67.3280461375631	2049.127	925.92	845369.66
77.3109381512495	77.3279381376495	2404.497	1066.669	867186
87.3109301512559	87.3278301377359	2728.195	1191.03	889279.71
97.3109221512623	97.3279021376783	3120.435	1341.049	911550.06
