0.00199999840000128	0.0179999856000115	3.44	0.965	758.69
0.00199999840000128	0.0179999856000115	3.886	0.911	1202.86
0.00399999680000256	0.0199799840160128	3.732	0.974	1711.2
0.0049999960000032	0.0219599824320141	3.746	0.974	1824.24
0.00699999440000448	0.0239399808480153	3.818	1.007	2790.22
0.0099999920000064	0.0278999776800179	3.924	1.168	3925.74
0.013999988800009	0.0298799760960191	3.943	1.103	5456.17
0.0199999840000128	0.0379799696160243	6.721	1.145	7775.09
0.0289999768000186	0.0458999632800294	4.314	1.317	11099.47
0.0429999656000275	0.0599399520480384	4.765	1.451	16382.18
0.063999948800041	0.0820799343360525	5.221	1.705	28438.09
0.0949999240000608	0.111959910432072	6.302	2.263	33300.77
0.141999886400091	0.159839872128102	7.362	2.635	54632.73
0.211999830400136	0.230039815968147	22.842	3.521	64382.56
0.316999746400203	0.333899732880214	14.82	4.974	101170.78
0.474999620000304	0.491939606448315	18.666	6.955	152123.13
0.710999431200455	0.727919417664466	49.29	10.1	301211.72
1.06699914640068	1.08395913283269	37.354	14.605	391753.58
1.59899872080102	1.61603870716903	53.954	22.239	468885.2
2.39799808160153	2.41613806708955	126.835	32.876	562090.54
3.5969971224023	3.61385710891431	108.091	48.787	654840.87
5.39599568320345	5.41385566891547	169.786	76.668	720756.29
8.09299352560518	8.10989351208519	231.901	110.004	740888.58
12.1389902888078	12.1559302752558	330.152	171.112	723579.11
18.2079854336117	18.2260654191477	485.163	255.825	737200.77
27.3109781512175	27.3279381376495	701.887	371.455	756797.67
37.3109701512239	37.3280101375919	1042.635	521.043	779456.08
47.3109621512303	47.3279021376783	1381.473	655.617	801300.34
57.3109541512367	57.3279741376207	1705.156	784.714	823469.24
67.3109461512431	67.3278661377071	2053.809	926.378	845612.95
77.3109381512495	77.3279381376495	2429.997	1041.626	867151.92
87.3109301512559	87.3280101375919	2700.392	1197.595	888915.54
97.3109221512623	97.3280821375343	3061.062	1714.207	911615.47
