0.00199999840000128	0.0179999856000115	3.725	1.33	813.86
0.00299999760000192	0.0199799840160128	4.685	1.368	1238.13
0.00399999680000256	0.0219599824320141	3.902	1.384	1640.98
0.0049999960000032	0.0219599824320141	3.838	1.387	1941.04
0.00699999440000448	0.0239399808480153	4.147	1.412	3002.73
0.00899999280000576	0.0259199792640166	7.749	1.975	3925.74
0.013999988800009	0.0300599759520192	4.157	1.637	4873.96
0.0199999840000128	0.035999971200023	4.558	1.707	7309.05
0.0289999768000186	0.0458999632800294	4.641	1.896	11121.96
0.0419999664000269	0.0579599536320371	5.08	2.215	15204.41
0.063999948800041	0.0799199360640512	5.787	2.712	23366.55
0.0949999240000608	0.111959910432072	6.547	3.502	34479.13
0.14099988720009	0.157859873712101	8.395	4.168	47005.04
0.211999830400136	0.230039815968147	10.992	5.506	70863.81
0.315999747200202	0.331919734464212	16.127	7.296	104939.85
0.474999620000304	0.491939606448315	21.627	9.836	147869.05
0.711999430400456	0.729899416080467	30.573	13.599	277639.07
1.06699914640068	1.08395913283269	40.113	18.628	376785.02
1.59999872000102	1.61603870716903	80.689	26.646	483504.58
2.39899808080154	2.41595806723355	80.629	37.781	580559
3.5979971216023	3.61403710877031	116.238	56.545	651408.6
5.39599568320345	5.41385566891547	174.543	85.036	719666.77
8.09299352560518	8.10989351208519	249.873	124.807	740706.53
12.1389902888078	12.1561102751118	353.434	189.248	723296.81
18.2079854336117	18.2258854192917	500.461	278.266	736627.55
27.3109781512175	27.3279381376495	758.485	417.162	756974.38
37.3109701512239	37.3278301377359	1092.529	563.4	778787.45
47.3109621512303	47.3280821375343	1437.352	710.689	801319.19
57.3109541512367	57.3279741376207	1773.384	864.719	823091.04
67.3109461512431	67.3280461375631	2141.53	1009.049	844837.65
77.3109381512495	77.3279381376495	2475.282	1139.303	867729.84
87.3109301512559	87.3280101375919	2845.6	1307.312	889423.58
97.3109221512623	97.3279021376783	3153.648	1455.531	911601.33
