0.00103001442020188	0.0185399851680119	8.03	1.092	15.9
0.00187002618036653	0.0336599730720215	12.773	1.292	24.32
0.00297004158058213	0.0534599572320342	19.748	1.58	30.44
0.00433006062084869	0.0775799379360497	29.589	1.745	44.36
0.00605008470118582	0.107819913744069	34.948	2.15	59.02
0.00914012796179147	0.160919871264103	51.01	2.634	93.4
0.0129001806025284	0.224279820576144	86.569	3.389	132.04
0.0192102689437652	0.332099734320213	127.282	4.027	190.39
0.029280409925739	0.491399606880314	176.761	5.232	232.13
0.04153058142814	0.676079459136433	251.721	7.471	384.72
0.062800879212309	0.983159213472629	360.256	9.662	489.38
0.084321180496527	1.20473903620877	407.885	9.458	743.39
0.140091961287458	1.85399851680119	668.833	15.519	1292.24
0.211672963421488	2.44601804318557	815.784	18.116	1907.46
0.313794393121504	3.02957757633794	982.837	24.976	2739.36
0.473086623212725	3.6008971192823	1082.039	33.895	4382.76
0.708689921658903	4.12271670182664	1134.243	41.608	6573.24
1.06698493778913	4.63013629589096	1209.025	57.594	9194.1
1.60018240255364	5.24429580456336	1405.463	82.337	15035.14
2.40385365395116	6.03611517110786	1700.167	126.398	21049.19
3.46199846797855	6.16265506987594	1860.779	155.098	29771.78
5.38810543347607	9.02825277739778	2739.519	245.164	49200.07
8.09471332598656	11.7541705966635	3626.024	359.592	73900.41
12.1354198958785	15.7627673897861	4767.163	543.833	104769.55
18.2033148464078	21.842622525902	6426.59	797.303	154070.16
27.3040522567316	30.9351352518918	9080.432	1162.155	235585.74
37.3088723242125	40.9607672313862	12067.81	1642.167	325222.5
47.3050422705918	50.9426592458726	15121.174	2046.757	408841.19
57.2582316152426	60.3589917128066	17970.798	2487.867	498544.5
67.3108723522129	70.9388432489254	21470.174	2920.342	587620.87
77.3035022490315	80.8949952840038	24135.333	3443.385	673825.35
87.3107823509529	90.9267472586022	27006.526	3757.527	762276.47
97.1578602100429	99.6977802417758	29965.882	4199.857	845876.24
