0.000980013720192083	0.0176399858880113	7.039	1.106	14.53
0.00201002814039397	0.0361799710560232	29.038	1.191	24.47
0.00298004172058409	0.0532799573760341	18.042	1.219	34.45
0.00388005432076049	0.0691199447040442	28.748	1.327	42.94
0.0059300830211623	0.105479915616068	38.217	1.576	61.91
0.00852011928166994	0.151199879040097	49.135	1.96	77.17
0.013020182282552	0.227699817840146	81.765	2.232	131.94
0.0191102675437456	0.324539740368208	127.812	2.653	183.02
0.027780388925445	0.467279626176299	163.752	3.379	281.9
0.0425605958483419	0.698219441424447	258.008	4.634	417.81
0.0645009030126422	0.996119203104638	359.738	6.291	579.23
0.088801243217405	1.27745897803282	475.484	8.103	743.39
0.143382007348103	1.89251848598521	709.6	11.647	1290.92
0.213042982601756	2.42747805801755	852.987	16.459	1625.02
0.314384401381619	3.01337758929793	959.211	21.392	2854.77
0.478626700773811	3.60323711741031	1062.257	29.038	3932.46
0.709369931179036	4.12271670182664	1120.266	38.594	6159.56
1.06306488290836	4.64237628609897	1446.468	53.374	9517.41
1.60141241977388	5.22863581709135	1693.174	77.463	15615.36
2.39375351254918	6.03233517413186	1663.569	108.831	20697.54
3.59473032622457	7.23419421264463	2009.553	156.809	31523.46
5.40173562429874	9.03491277206978	2586.685	245.122	46587.48
8.07016298228175	11.3981308814953	3622.266	335.387	73686.46
12.1306098285376	15.7769873784101	4634.352	532.922	104789.91
18.2062748878484	21.844422524462	6352.92	755.805	159883.24
27.3108123513729	30.9696952242438	9317.559	1174.015	240232.17
37.311072355013	40.9490672407462	12250.811	1570.119	321908.88
47.3124023736332	50.9381592494726	15234.669	2000.622	412319.47
56.9321970507587	59.1670326663739	18026.654	2437.868	491955.65
67.3107423503929	70.9399232480614	21378.554	2942.673	586846.65
77.3138623940735	80.9529552376358	24217.763	3351.277	672240.31
87.3073323026522	90.9379072496742	27560.688	3958.33	760557.64
97.2188710641949	99.8806600954719	30180.095	8000.905	847237.84
