0.000840011760164642	0.0151199879040097	9.974	0.901	15.83
0.00191002674037437	0.0340199727840218	12.591	1.009	22.95
0.00293004102057429	0.0521999582400334	17.233	1.114	29.07
0.00425005950083301	0.0759599392320486	25.239	1.196	44.28
0.00586008204114858	0.104759916192067	36.697	1.306	60.29
0.00933013062182871	0.163439869248105	53.556	1.928	91.71
0.0128401797625167	0.223739821008143	71.921	1.856	130.62
0.0193802713237985	0.331739734608212	117.421	2.435	177.58
0.0270903792653097	0.454859636112291	161.619	3.226	224.76
0.0427005978083693	0.698399441280447	249.927	4.234	383.55
0.0601308418317856	0.9368992504806	350.104	5.67	497.85
0.0950913312786379	1.37033890372888	464.6	8.272	863.57
0.141111975567658	1.85129851896118	665.428	11.525	1310.62
0.209102927440984	2.40209807832154	847.66	15.669	1820.46
0.316704433862074	3.01877758497793	960.538	22.707	2947.71
0.473516629232809	3.58451713238629	978.673	29.141	4426.5
0.608298516179226	3.13451749238601	881.199	32.158	4244.27
1.06726494170918	4.63517629185897	1317.091	55.011	8227.81
1.60020240283364	5.23079581536335	1554.861	79.334	14823.3
2.39432352052929	6.04061516750787	1710.415	119.4	20565.43
3.59534033476469	7.23581421134863	2180.726	169.65	31319.3
5.39828557599806	9.02609277912578	2637.937	240.668	46693.3
8.0933533069463	11.7455306035755	3417.691	353.91	74772.71
12.1383299366191	15.7811273750981	4778.463	537.606	109456.69
18.2073749032486	21.842982525614	6620.273	790.781	155352.63
27.3017822249512	30.9462952429638	9206.064	1175.905	231623.25
37.3155924182939	40.9616672306662	12087.61	1659.695	326046.84
47.3090323264526	50.9464392428486	15878.505	2269.229	410780.88
57.3048022672317	60.965411227671	18155.368	2463.263	499663.43
67.3115123611731	70.9399232480614	21501.501	3087.126	584277.31
77.3081823145524	80.9673552261158	24389.003	3456.134	671523.38
87.3095523337327	90.9632872293702	27493.814	4049.149	762276.26
97.2216411029754	99.9100000719999	30069.418	7957.932	847224.16
