0.00211002954041357	0.0379799696160243	13.18	1.041	24.39
0.00300004200058801	0.0534599572320342	16.896	1.1	33.18
0.00392005488076833	0.0689399448480441	22.963	1.232	44.58
0.00909012726178167	0.159119872704102	56.925	1.582	88.72
0.0130701829825618	0.226079819136145	95.807	2.124	120.24
0.0191202676837476	0.327239738208209	128.974	2.663	190.39
0.0413205784880988	0.672839461728431	888.249	4.275	384.72
0.09357130999834	1.36043891164887	517.139	9.185	899.22
1.5974623644731	5.24933580053136	1458.669	75.71	13070.71
47.3134823887534	50.9437392450086	15346.817	1982.759	410202.81
67.3096623352727	70.9746632202694	21364.596	2894.854	584224.37
77.311442360193	80.9448552441158	24797.961	3216.806	672135.5
87.2882520355285	90.63298749361	26789.613	3877.405	760253.53
97.010278143894	99.3154605476316	30115.082	7966.021	843560.37
