0.00109001526021364	0.0196199843040126	7.705	1.331	15.65
0.00209002926040965	0.0372599701920238	13.089	1.535	23.2
0.00295004130057821	0.0527399578080338	18.351	1.934	28.7
0.00405005670079381	0.0723599421120463	29.113	1.899	46.07
0.00675009450132302	0.120239903808077	40.056	3.134	57.53
0.00876012264171698	0.153899876880098	70.354	2.767	77.17
0.0130401825625559	0.229319816544147	73.379	3.656	120.24
0.0179602514435202	0.299879760096192	98.937	4.353	59
0.0182102549435692	0.313919748864201	117.985	4.214	191.98
0.0425105951483321	0.692639445888443	237.369	6.736	422.07
0.0640208962925481	0.992519205984635	329.275	8.199	582.12
0.0944413221785105	1.37897889681688	437.35	10.797	827.75
0.140161962267472	1.85111851910518	665.821	15.045	1217.99
0.210922952921341	2.41667806665755	867.79	18.426	2053.09
0.314634404881668	3.01643758684993	910.517	24.42	2837.76
0.472366613132584	3.5953171237463	1029.634	32.317	4199.92
0.706469890578468	4.07933673653061	1112.097	44.014	6111.03
1.06694493722912	4.63193629445096	1256.105	58.726	10424.56
1.59652235131292	5.23853580917135	1470.666	83.411	14468.67
2.40299364191099	6.04511516390787	1741.444	126.757	23025.63
3.59660035240493	7.23023421581263	2113.144	172.505	31968.37
5.39368551159716	9.0599327520538	2937.941	253.056	46195.45
8.08639320950493	11.7248306201355	3995.844	364.134	70693.75
12.132729858218	15.7854473716421	4709.333	542.301	104971.18
18.203994855928	21.858282513374	6630.828	802.927	159265.82
27.3037922530915	30.9432352454118	10262.679	1191.055	235824.29
37.3133023862334	40.9625672299462	12157.239	1650.41	323590.59
47.3039722556116	50.9514792388166	15145.698	2044.685	408948.97
57.3134323880534	60.931391254887	18524.441	2498.057	498032
67.3066122925721	70.9640432287654	21530.137	2951.921	584280.15
77.3065622918721	80.9356752514598	23753.195	3336.995	671834
87.3102923440928	90.9416872466502	26825.435	3770.759	761647.99
97.0514587204221	99.4067204746236	30204.348	4312.005	843436.18
