0.000800011200156802	0.0142199886240091	5.497	0.906	17.12
0.00205002870040181	0.0368999704800236	12.537	1.02	23.12
0.00347004858068013	0.06245995003204	19.931	1.156	34.45
0.00373005222073109	0.0669599464320429	23.349	1.131	45.75
0.00632008848123874	0.111779910576072	65.941	1.509	58.68
0.00941013174184439	0.166499866800107	57.299	1.665	88.7
0.0136601912426774	0.237059810352152	79.199	2.015	118.92
0.0195002730038221	0.334079732736214	120.33	2.503	191.98
0.0279803917254842	0.469979624016301	179.061	3.352	257.57
0.0412105769480773	0.673559461152431	230.718	4.757	350.6
0.0640308964325501	0.994319204544636	366.321	7.339	519.15
0.0933413067782949	1.36403890876887	484.573	9.499	899.22
0.139871958207415	1.84355852515318	600.715	11.721	1217.99
0.208792923100923	2.40893807284954	780.082	15.616	1721.88
0.316904436662113	3.02507757993794	933.024	20.347	2972.96
0.474426641972988	3.58271713382629	1082.106	28.682	4617.31
0.709159928238995	4.11821670542664	1198.695	39.251	6971.01
1.06591492280892	4.62797629761896	1411.76	56.479	9515.71
1.59525233353267	5.22593581925134	1504.774	75.592	13936.14
2.39512353172944	6.03071517542786	1745.689	110.206	22101.03
3.58845023830334	7.24481420414864	2616.109	160.269	29510.12
5.38846543851614	9.03689277048578	2636.709	231.067	45231.88
8.0923232925261	11.7343706125035	3470.329	339.36	72893.24
12.137719928079	15.7638473889221	4793.298	508.848	105126.6
18.2156250187503	21.85396251683	6633.571	761.942	156832.79
27.3037522525315	30.9515152387878	9310.755	1133.133	238917.12
37.316492430894	40.9445672443462	13219.049	1554.084	325706.36
47.3104423461928	50.9541792366566	15080.318	1974.747	411311.01
57.3084923188925	60.956411234871	18223.893	2391.863	499819.15
67.3082323152524	70.9440632447494	22463.421	2814.744	582596.92
77.3077523085323	80.9605152315878	24516.178	3216.846	672142.24
87.3072123009722	90.9260272591782	27854.832	3912.007	761544.37
97.1396899556594	99.6475602819518	29647.745	7901.642	845383.93
