0.000890012460174442	0.0160199871840103	6.761	1.24	16.02
0.00198002772038809	0.0356399714880228	12.149	1.533	24.32
0.00320004480062721	0.0570599543520365	19.954	2.2	30.44
0.00408005712079969	0.0725399419680464	27.213	1.915	43.21
0.0055800781210937	0.0989999208000634	34.922	2.548	53.17
0.00876012264171698	0.153899876880098	49.888	2.776	77.17
0.01301018214255	0.227339818128145	74.246	3.477	128.83
0.0199202788839044	0.34397972481622	110.31	4.664	167.69
0.0280903932655057	0.4688996248803	163.931	5.49	274.78
0.0423105923482929	0.698759440992447	294.953	6.483	393.53
0.0635008890124462	0.981539214768628	397.282	8.796	564.96
0.0948613280585928	1.37141890286488	446.894	11.089	907.62
0.140791971087595	1.85111851910518	609.802	14.293	1327.82
0.210212942981202	2.41523806780955	854.996	18.686	1904.7
0.315444416221827	3.03389757288194	927.817	25.083	2575.4
0.476436670113382	3.61781710574632	1054.328	32.468	3905.5
0.713319986479811	4.13045669563464	1476.593	44.243	5802.66
1.07086499210989	4.64327628537897	1410.83	60.155	9514.36
1.60165242313392	5.23619581104335	1488.622	85.459	15050.27
2.40095361335059	6.04043516765187	1660.771	117.858	22477.55
3.59651035114492	7.23383421293263	2104.902	177.229	31096.96
5.39087547225661	9.04031276774979	5178.937	244.806	45790.63
8.09527333382667	11.7408506073195	3331.068	368.45	75067.71
12.137699927799	15.7640273887781	4770.903	533.513	105124.98
18.2084349180889	21.84856252115	6581.801	803.574	156298.6
27.3044822627517	30.9450352439718	9175.509	1219.392	236637.86
37.3031122435714	40.9321472542822	12627.182	1636.429	321621.32
47.3072523015322	50.9493192405446	15209.021	2055.249	408695.53
57.3154624164738	60.948851240919	18894.833	2499.76	501402.83
67.1613602590436	69.8196041443167	20576.223	2928.475	586485.44
77.2526515371215	80.3000957599234	25617.55	3319.252	673712.18
87.0831291638083	89.5427283658173	26937.251	3792.052	755891.78
97.2085809201329	99.8365601307519	30925.361	4255.444	847243.29
