0.000860012040168562	0.0152999877600098	6.019	1.09	15.92
0.0131801845225833	0.230939815248148	95.669	2.19	129.05
0.0189502653037143	0.327239738208209	102.464	2.555	191.98
0.0417005838081733	0.679499456400435	225.611	4.366	407.58
0.0951113315586418	1.37519889984088	463.607	9.234	863.57
0.210342944801227	2.41775806579355	822.319	15.391	1736.19
0.475216653033142	3.60989711208231	1056.008	29.278	4670.22
3.5959303430248	7.24805420155664	2026.498	161.593	33160.96
12.1336998717982	15.7829273736581	4587.039	528.38	105050.24
18.1891646483051	21.5387827689738	6360.979	769.034	160586.74
27.3124923748932	30.9561952350438	9833.858	1143.548	238156.42
