0.000940013160184243	0.0169199864640108	15.515	1.096	15.85
0.00202002828039593	0.0361799710560232	12.299	1.315	25.79
0.00313004382061349	0.0554399556480355	18.558	1.582	34.5
0.00392005488076833	0.0692999445600443	23.582	1.751	41.44
0.00634008876124266	0.112679909856072	59.099	2.218	61.89
0.00893012502175031	0.158039873568101	51.105	3.502	84.42
0.0131301838225735	0.228419817264146	84.92	3.247	125.99
0.0181902546635653	0.313919748864201	103.678	4.022	190.39
0.0276003864054097	0.463859628912297	202.046	4.961	260.28
0.0424505943083203	0.694439444448444	245.781	6.513	374.86
0.0624708745922443	0.971279222976622	314.224	8.071	617.88
0.0937213120983694	1.36889890488088	471.928	10.634	863.5
0.141541981587742	1.85327851737719	716.83	13.666	1274.81
0.212112969581574	2.43845804923356	747.003	18.112	2077.31
0.314904408661721	3.03515757187394	915.139	24.097	3071.57
0.473426627972792	3.60413711669031	1020.907	34.378	4457.66
0.711339958759423	4.11749670600264	1166.081	44.652	6599.01
1.06526491370879	4.63031629574696	1304.55	60.037	10024.79
1.59989239849358	5.22719581824335	1490.906	87.484	15263.61
2.40197362763079	6.05177515857987	1632.28	126.963	22876.64
3.6005304074257	7.22159422272462	2094.064	175.435	33830.01
5.39665555317774	9.03491277206978	2844.296	253.85	49905.31
8.08596320348485	11.7329306136555	3386.987	387.119	71435.2
12.1383199364791	15.7746473802821	4712.905	616.627	101500.9
18.2051848725882	21.85036251971	6430.742	818.262	159708.84
27.3087323222525	30.9426952458438	9313.382	1236.853	236980.16
37.2989221849106	40.8506073195141	12260.85	1684.817	321367.61
47.3085723200125	50.9550792359366	15325.479	2094.77	408343.75
57.3101123415728	60.951371238903	21606.781	2533.659	498720.54
67.311092355293	70.9404632476294	23296.033	3006.28	583991.36
77.3089923258926	80.9480952415238	24719.367	3486.422	672425.71
87.1773704831868	89.8868880904895	27230.687	4524.572	758067.15
97.1605802481235	99.7033602373118	29948.297	4327.456	845934.59
