0.00118001652023128	0.0212399830080136	9.221	1.331	16.02
0.00196002744038417	0.0349199720640224	13.645	1.465	24.52
0.00307004298060173	0.0545399563680349	18.299	1.765	31.76
0.00344004816067425	0.0615599507520394	21.288	1.835	35.92
0.00510007140099961	0.0907199274240581	28.759	2.576	53.17
0.00871012194170718	0.152999877600098	77.437	2.83	77.54
0.0126601772424814	0.221759822592142	98.964	3.461	123.1
0.0185602598436378	0.321119743104205	128.568	4.064	178.66
0.0278703901854626	0.467639625888299	174.192	6.334	279.04
0.0419605874482243	0.68813944948844	256.466	6.494	384.59
0.0632008848123874	0.982259214192629	307.691	8.321	626.46
0.0951713323986536	1.38923888860889	514.271	10.848	777.75
0.144382021348299	1.8784784972172	678.856	13.971	1240.65
0.210482946761255	2.42225806219355	796.743	18.844	1990.55
0.312964381501341	3.00743759404992	1031.81	24.853	2918.91
0.473026622372713	3.6003571197143	1116.747	35.636	4507.63
0.708709921938907	4.11785670571464	1278.294	43.407	6288.88
1.06694493722912	4.64381628494697	1343.564	57.451	10031.75
1.59761236657313	5.20703583437133	1452.798	81.909	15101.43
2.34333280665929	5.42177566257947	1496.95	110.977	20317.77
3.5994903928655	7.24877420098064	2255.574	173.915	32867.42
5.39550553707752	9.03617277106178	2639.86	248.502	45471.16
8.08807323302526	11.7451706038635	3486.827	363.875	68206.14
12.1385099391391	15.7861673710661	4819.018	538.306	102138.85
18.2027348382877	21.843882524894	6668.632	801.882	160074.1
27.3069122967722	30.9745552203558	9039.195	1181.008	235836.51
37.3040522567316	40.9521272382982	12427.72	1677.73	326591.99
47.3107223501129	50.9437392450086	14715.332	2038.22	408777
57.3044322620517	60.945791243367	17954.844	2643.267	500905.29
67.311112355573	70.9444232444614	21188.079	2955.019	584507.84
77.3049822697518	80.9455752435398	24375.806	3378.553	672030.24
87.3116323628531	90.9645472283622	27490.676	3839.332	761950.35
97.183510569148	99.7710401831679	29952.429	4373.822	846632.67
