0.00109001526021364	0.0196199843040126	9.107	1.118	15.78
0.00292004088057233	0.0520199583840333	17.97	1.255	29.07
0.00410005740080361	0.0732599413920469	26.713	1.396	47.15
0.00631008834123678	0.111959910432072	48.801	1.544	61.76
0.00909012726178167	0.158759872992102	50.608	1.77	89
0.0134901888626441	0.23507981193615	72.547	2.13	125.99
0.0645309034326481	1.00349919720064	351.023	6.155	489.38
0.141831985647799	1.85885851291319	681.32	11.459	1327.82
0.3147944071217	3.02309758152193	901.221	22.443	2588.27
0.473056622792719	3.5967571225943	997.307	28.684	4171.74
0.714560003840054	4.13873668901065	1129.967	38.821	6763.81
1.59458232415254	5.23025581579535	1690.979	75.485	14498.36
5.39313550389705	9.02627277898178	2735.09	234.711	47059.99
8.09494332920661	11.7318506145195	3433.754	344.409	69114.9
12.1307598306376	15.7796873762501	4674.519	506.845	103857.59
27.3067222941121	30.9493552405158	9292.53	1139.112	231399.92
37.3084323180525	40.9631072295142	12400.123	1564.215	326360.45
57.3096623352727	60.954611236311	18041.51	2420.949	496806.81
67.3124623744732	70.9489232408614	21499.132	2845.273	585282.1
77.316242427394	80.9441352446918	24756.624	3341.329	673535.03
87.2919720876092	90.674747460202	26987.03	3895.462	760340.82
