0.00212002968041553	0.0376199699040241	12.392	1.014	24.57
0.00291004074057037	0.0520199583840333	16.874	1.109	34.5
0.00487006818095453	0.0867599305920555	28.378	1.218	53.17
0.0193102703437848	0.331199735040212	112.111	2.655	178.68
0.0918912864780107	1.34369892504086	483.673	8.174	829.37
0.143082003148044	1.8797384962092	691.702	12.361	1248
0.474026636372909	3.5983771212983	1044.653	28.261	3871.03
0.710589948259276	4.11695670643464	1186.847	42.222	6507.92
1.06833495668939	4.64039628768297	1314.554	52.589	9755.3
5.39152548135674	9.03149277480578	2821.325	250.8	46328.82
27.3068922964922	30.9614152308678	9044.467	1132.579	236067.07
37.3140723970136	40.9703072237542	12126.61	1530.338	323240.58
47.3116023624331	50.9529192376646	14957.219	1944.497	412588.24
57.3123423727932	60.935531251575	18004.221	2358.853	500120.37
77.030738430338	79.4175564659548	25035.044	3222.266	668188.14
87.1977207680907	89.9790480167616	27125.026	3649.123	758701.02
97.1984007776109	99.8183801452959	30537.59	7965.533	847207.65
