0.00107001498020972	0.0188999848800121	9.296	1.148	15.95
0.00194002716038025	0.0347399722080222	11.79	1.278	24.39
0.00279003906054685	0.0496799602560318	51.372	1.529	28.83
0.00403005642078989	0.0716399426880459	62.349	1.834	44.45
0.00622008708121914	0.110699911440071	40.065	2.566	60.47
0.00814011396159546	0.14075988739209	50.87	2.465	77.54
0.0123701731824246	0.213119829504136	74.013	3.328	120.34
0.0189502653037143	0.325259739792208	105.519	4.012	178.66
0.0287404023656331	0.481319614944308	203.035	5.022	281.9
0.0408505719080067	0.667079466336427	216.869	6.142	384.72
0.0626108765522717	0.975239219808624	366.356	8.413	626.46
0.0938413137783929	1.36565890747287	435.753	11.903	930.66
0.139511953167344	1.84139852688118	568.413	14.228	1159.31
0.21112295572138	2.42513805988955	691.233	18.749	1860.7
0.316244427421984	3.02759757792194	871.345	24.169	2732.09
0.474566643933015	3.60575711539431	983.822	32.669	4641.57
0.713819993479909	4.12667669865864	1130.028	42.539	5889.54
1.06868496158946	4.64543628365097	1226.443	60.102	9333.08
1.59575234053277	5.22341582126734	1768.991	88.597	13575.58
2.39357351002914	6.03197517441986	1653.17	119.223	20701.94
3.59822037508525	7.25273419781264	2281.429	172.739	33053.3
5.39411551761725	9.05363275709379	2670.439	255.19	48684.5
8.09658335216693	11.7367106106315	3529.655	367.284	69937.07
12.1310598348377	15.7660073871941	4957.026	550.939	103701.99
18.2044848627881	21.843882524894	6400.037	824.393	154862.02
27.3107223501129	30.9417952465638	9086.834	1216.928	236706.33
37.3079623114724	40.9607672313862	12158.191	1705.464	321540.78
47.3052822739518	50.9439192448646	15696.275	2124.618	411304.25
57.3080923132924	60.948131241495	18916.579	2616.73	496889.82
67.3090523267326	70.9384832492134	20984.865	3020.776	587109.91
77.2132609856538	80.0549359560512	23904.446	3411.828	672113.38
87.3085123191725	90.9364672508262	27296.748	3875.308	761487.06
96.9397771568802	99.1630006695995	34167.04	4368.976	842517.56
