0.00111001554021756	0.0199799840160128	7.33	1.159	15.8
0.00196002744038417	0.0352799717760226	11.842	1.316	24.39
0.00272003808053313	0.0489599608320313	16.275	1.498	33.18
0.00434006076085065	0.0773999380800495	31.48	1.854	45.97
0.0065300914212799	0.115379907696074	63.576	2.304	59.05
0.00935013090183263	0.164339868528105	50.542	2.887	90.22
0.0132201850825912	0.231839814528148	89.965	3.472	125.94
0.0192802699237789	0.333719733024214	136.192	4.112	184.48
0.0286204006856096	0.480059615952307	168.591	5.408	266.2
0.0421305898282576	0.689939448048442	277.249	7.058	407.41
0.060790851071915	0.870299303760557	339.9	7.884	186.28
0.0624608744522423	0.975599219520624	351.09	8.058	522.13
0.140251963527489	1.84157852673718	689.478	13.435	1322.08
0.208532919460872	2.40767807385754	806.33	17.806	1854.88
0.315064410901753	3.04721756222595	958.337	24.964	2739.36
0.47428664001296	3.60557711553831	1091.291	32.01	4328.17
0.711909966739534	4.11641670686663	1230.126	44.089	6364.26
1.06651493120904	4.61807630553896	1227.168	56.973	9907.07
1.60042240591368	5.22467582025934	1376.028	80.461	15615.08
2.40670369385171	6.04601516318787	2977.342	149.915	22096.69
3.60686049604694	7.25885419291665	2120.909	164.392	31990.75
5.39169548373677	9.03185277451778	2630.229	243.97	46324.71
8.09292330092621	11.7374306100555	3566.106	362.886	68309.66
12.0163982295752	14.7668281865375	4280.248	529.055	107691.83
18.2001848025872	21.853242517406	6835.446	818.181	158598.11
27.3023622330713	30.9552952357638	9191.294	1168.978	231645.22
37.3066922936921	40.9467272426182	12930.81	1614.161	321086.86
47.1951807325303	49.971020023184	21125.203	2036.923	408564.4
57.3170424385941	60.938951248839	17857.409	2461.655	498457.43
67.3101723424128	70.9309232552614	20994.026	2928.213	585703.35
77.3120123681732	80.9405352475718	24314.365	3341.151	672112.03
87.3086323208525	90.9523072381542	27133.157	3770.375	761356.32
96.9653175144452	99.2157406274075	29965.081	4163.938	842881.58
