0.00101001414019796	0.0179999856000115	7.64	1.323	16.02
0.00187002618036653	0.0336599730720215	11.867	1.509	25.79
0.00292004088057233	0.0523799580960335	16.897	1.717	31.61
0.00405005670079381	0.0721799422560462	30.125	1.953	36.27
0.00617008638120934	0.10979991216007	34.702	2.317	61.76
0.00871012194170718	0.154079876736099	49.791	2.815	84.54
0.013020182282552	0.227879817696146	72.823	3.649	130.62
0.0190602668437358	0.32795973763221	270.804	4.724	183.02
0.0281803945255234	0.472859621712303	167.688	6.277	283.17
0.0416405829681616	0.678959456832435	259.002	7.323	348.93
0.062290872072209	0.965159227872618	327.734	8.669	559.48
0.0943813213384987	1.35683891452887	500.412	10.421	900.96
0.141321978507699	1.8691185047052	638.523	14.282	1217.99
0.209812937381123	2.41973806420955	809.023	18.749	1894.64
0.318074453042343	3.05243755804995	853.12	24.546	2952.05
0.474476642672997	3.6010771191383	999.978	32.116	4429.42
0.709859938039132	4.14359668512265	1088.643	43.587	6561.88
1.07182500555008	4.66109627112298	1394.959	60.107	9650.47
1.59931239037347	5.22467582025934	1555.266	86.287	15383.61
2.39605354474963	6.03161517470786	1705.75	124.274	22129.02
3.59472032608457	7.22735421811663	2072.873	169.639	31685.8
5.38778542899601	9.04085276731779	2728.208	248.346	44868.74
8.08678321496501	11.6107107114314	3402.218	363.709	74455.07
12.1342398793583	15.7764473788421	4613.919	548.722	103828.99
18.2006448090273	21.837042530366	6828.563	801.017	158394.89
27.3081523141324	30.9506152395078	9191.939	1214.757	235078.62
37.3034022476315	40.9506872394502	12405.076	1623.264	325148.66
47.305992283892	50.9514792388166	18867.076	2045.005	408831.72
57.3064722906121	60.960731231415	18484.201	2467.007	499373.37
67.3076823075523	70.9354232516614	21821.01	2894.693	585253.42
77.2925120951693	80.7038354369317	23911.462	3340.789	673191.87
87.3077923090923	90.9299872560102	27544.145	3756.601	760272.76
96.9556673793433	99.1907206474235	32055.532	4272.067	841960.2
