0.00103001442020188	0.0185399851680119	12.78	1.121	17.12
0.00191002674037437	0.034379972496022	12.635	1.867	25.81
0.00317004438062133	0.0561599550720359	24.4	1.623	30.44
0.00419005866082125	0.0745199403840477	26.839	1.818	42.76
0.00614008596120346	0.10871991302407	43.798	2.741	60.29
0.00915012810179342	0.160559871552103	61.783	2.675	93.11
0.0129401811625363	0.224639820288144	88.541	4.033	120.44
0.0187902630636829	0.323099741520207	104.485	4.586	187.55
0.0275403855653979	0.465839627328298	202.173	5.004	274.44
0.04204058856824	0.685979451216439	240.948	6.894	414.78
0.0622708717922051	0.975059219952624	336.507	8.021	606.31
0.0925412955781381	1.35197891841687	546.268	10.468	926.45
0.13913194784727	1.84211852630518	586.248	13.47	1219.26
0.212452974341641	2.46131803094558	783.899	18.89	1883.4
0.315824421541902	3.01967758425793	913.331	25.142	2726.63
0.47484664785307	3.61547710761831	1110.64	31.406	4140.33
0.71310998353977	4.12703669837064	1216.005	46.789	6952.7
1.06585492196891	4.64453628437097	1413.345	58.236	9286.22
1.60098241375379	5.22719581824335	1381.121	82.638	15245.16
2.3948835283694	6.02675517859586	1670.667	116.602	21161.69
3.59759036626513	7.24175420659664	2168.187	169.395	32344.72
5.39391551481721	9.05165275867779	2600.979	258.094	50385.87
8.08455318374457	11.7313106149515	3549.477	358.468	68121.75
12.1411599762397	15.8057873553701	4910.386	533.07	110946.56
18.2083949175288	21.847302522158	6592.951	790.69	155333.45
27.306142285992	30.9545752363398	9139.625	1186.03	234421.62
37.3137223921135	40.9634672292262	12289.549	1615.057	321947.08
47.3107523505329	50.9444592444326	14608.702	2118.923	412585.5
57.3140923972936	60.952271238183	18579.141	2444.912	498788.75
67.3083323166524	70.9703432237254	21491.373	2877.634	584551.31
77.1289098047373	79.667396266083	23707.028	3320.206	671508.19
87.3091123275726	90.9523072381542	26990.571	3780.583	761896.15
97.1877106279488	99.7714001828799	29610.416	4103.103	847248.8
