0.000560007840109762	0.0100799919360065	4.508	1.101	9.97
0.00189002646037045	0.0340199727840218	11.421	1.096	24.52
0.00303004242059389	0.0541799566560347	27.374	1.083	33.18
0.00403005642078989	0.0716399426880459	22.892	1.185	37.34
0.0061800865212113	0.108359913312069	36.119	1.421	54.66
0.00900012600176403	0.159119872704102	54.647	1.999	87.38
0.0132801859226029	0.231119815104148	79.69	1.942	113.09
0.0194902728638201	0.334619732304214	111.619	2.357	191.98
0.0275503857053999	0.466019627184298	239.662	3.08	232.13
0.0414405801681224	0.675899459280433	286.227	4.3	367.82
0.0638608940525167	0.981899214480628	312.266	5.719	617.9
0.0939913158784223	1.36493890804887	488.811	9.538	919.16
0.141391979487713	1.86569850744119	1015.369	11.324	1217.99
0.2117329642615	2.42855805715355	760.757	15.981	2013.04
0.316154426161966	3.02471758022594	953.104	20.819	2591.05
0.471456600392406	3.60215711827431	1054.627	30.403	3883.88
0.710899952599336	4.10075671939462	1282.139	39.312	6773.64
1.07253501549022	4.63121629502696	1320.486	53.726	8623.72
1.60301244217419	5.23439581248335	1487.653	82.765	15059.14
2.39599354390961	6.05087515929987	1662.009	112.071	22258.2
3.59991039874558	7.24535420371664	2037.375	173.663	33273.89
5.39991559881838	9.03761276990978	2659.773	239.693	45718.34
8.08987325822562	11.7248306201355	3462.249	350.75	70698.02
12.1346998857984	15.7597073922341	4938.194	524.418	104765.19
18.1985947803269	21.848202521438	6460.383	798.743	154224.09
27.3028522399314	30.9387352490118	9369.724	1192.5	231436.67
37.3066922936921	40.9550072359942	13862.84	1586.311	326435.4
47.311152356133	50.9514792388166	15133.617	2094.091	408774.35
57.3106423489929	60.954431236455	18608.477	2520.278	499545.16
67.3088623240725	70.9566632346694	23083.146	2960.106	587194.46
77.2711317958451	80.4732556213955	24959.109	3835.43	672826.54
87.3067122939721	90.9278272577382	27941.904	4094.097	761552.59
97.2251711523961	99.9101800718559	30894.914	8223.96	847230.94
