0.000880012320172482	0.0158399873280101	7.361	0.914	14.53
0.00276003864054097	0.0489599608320313	15.703	1.105	31.74
0.00646009044126618	0.115019907984074	36.289	1.375	64.45
0.00876012264171698	0.154259876592099	103.401	1.753	87.35
0.0129901818625461	0.227699817840146	73.812	2.073	124.6
0.0418705861882066	0.683459453232437	227.859	4.274	387.68
0.0624808747322462	0.977939217648626	377.086	5.791	624.85
0.0957113399587594	1.38419889264089	538.784	8.313	930.66
0.141341978787703	1.85975851219319	623.974	11.153	1347.81
0.182222551115716	2.01455838835329	613.519	14.31	1656.23
0.475196652753139	3.60881711294631	1019.29	29.435	4600.13
0.710029940419166	4.12631669894664	1153.49	39.743	6146.58
1.60156242187391	5.24087580729935	1537.729	75.18	14706.2
2.39494352920941	6.03089517528386	1690.982	106.202	22290.43
5.39576554071757	9.03545277163778	2890.704	230.369	45597.49
27.3082423153924	30.9340552527558	9546.133	1119.471	236711.58
47.3141823985536	50.9498592401126	15691.574	1940.659	410302.36
67.3104023456328	70.9374032500774	20770.159	2835.839	585455.13
86.9954279359911	89.3063885548892	28319.133	3678.519	753582.98
