0.00204002856039985	0.0367199706240235	17.929	1.158	24.57
0.00295004130057821	0.0525599579520336	23.809	1.209	31.61
0.00402005628078793	0.0712799429760456	33.761	1.338	35.92
0.0088301236217307	0.154979876016099	69.948	1.743	80.28
0.0131501841025774	0.229499816400147	100.279	2.064	123.08
0.0284403981655743	0.48419961264031	234.206	3.34	279.04
0.140541967587546	1.85417851665719	913.253	10.461	1176.47
0.314324400541608	3.02831757734594	1508.794	19.9	2682.3
0.708629920818891	4.12757669793864	1695.597	39.043	6917.26
18.2016848235875	21.852702517838	9522.681	764.111	158503.94
27.3130123821734	30.9570952343238	14338.961	1123.888	238523.02
37.3146924056937	40.9679672256262	18387.939	1542.529	323240.5
47.3044122617717	50.9572392342086	23357.004	2079.502	411414.75
57.3096523351327	60.963071229543	28104.104	2435.037	499538.08
96.9250369505173	99.1324006940795	45875.583	19252.795	842329.59
