0.000970013580190123	0.0174599860320112	7.515	1.132	16.05
0.00209002926040965	0.037439970048024	12.813	1.365	24.71
0.00294004116057625	0.0527399578080338	17.339	1.524	31.86
0.00417005838081733	0.0743399405280476	27.214	1.761	47.15
0.00597008358117014	0.106379914896068	36.081	2.486	64.45
0.00836011704163858	0.147959881632095	68.632	2.612	91.64
0.0130301824225539	0.228779816976146	77.399	3.412	114.66
0.0192002688037633	0.332999733600213	144.29	3.995	174.75
0.0274503843053803	0.465119627904298	161.645	5.283	266.2
0.0418105853481949	0.682019454384436	229.852	6.114	366.18
0.0629608814523403	0.976139219088625	359.63	8.094	579.23
0.0938413137783929	1.36889890488088	486.651	10.089	939.26
0.139851957927411	1.85579851536119	694.589	14.27	1249.47
0.211642963001482	2.42153806276955	747.423	18.274	1984.56
0.313034382481355	2.99465760427392	978.869	23.815	2722.09
0.473866634132878	3.61151711078631	1140.571	32.823	4443.84
0.711129955819381	4.11263670989063	1221.263	43.471	6712.39
1.06860496046945	4.63373629301097	1232.087	60.859	10097.01
1.59699235789301	5.20991583206733	1480.081	87.355	15087.29
2.3943835213693	6.03899516880386	1776.74	120.326	22261.03
3.59432032048449	7.22915421667663	2145.528	173.824	31642.28
5.39622554715766	9.04895276083779	2489.151	252.251	50512.04
8.0841731784245	11.7289706168235	3816.436	373.852	70682.57
12.132719858078	15.7935473651621	4900.079	566.836	105544.86
18.2099149388091	21.848382521294	6720.706	915.79	161052.72
27.3134423881934	30.9722152222278	9479.94	1216.676	235842.1
37.3067422943921	40.9575272339782	12263.284	1665.677	326427.36
47.3101323418528	50.9566992346406	16187.235	2084.694	412602.93
57.3108423517929	60.939671248263	18299.034	2555.449	498619.42
67.3099923398928	70.9545032363974	21389.71	3003.886	583559.25
77.3055222773119	80.9387352490118	24784.004	3522.277	672305.86
87.2853219945079	90.605267515786	27946.541	4009.172	760185.28
97.1157196200747	99.5577403538077	30603.489	4358.66	845438.58
