0.00164002296032144	0.0293399765280188	10.723	0.963	21.7
0.00285003990055861	0.0512999589600328	22.511	1.091	31.96
0.00383005362075069	0.0669599464320429	20.972	1.216	42.79
0.0084301180216523	0.148499881200095	45.693	1.515	91.64
0.0127401783624971	0.223379821296143	129.53	2.058	118.92
0.0278203894854528	0.4685396251683	174.275	3.188	260.28
0.14372201210817	1.86407850873719	635.038	11.307	1176.47
0.314224399141588	3.01571758742593	942.675	22.1	2433.8
0.473796633152864	3.5963971228823	1008.962	33.919	4379.73
1.0683749572494	4.64993628005098	1286.1	56.078	8436.3
2.40237363323087	6.04529516376387	1798.461	120.906	22727.54
12.132739858358	15.7737473810021	4716.94	534.183	105213.62
67.3043822613517	70.9458632433094	21987.998	2958.803	586236.21
