0.0010500147002058	0.018719985024012	9.217	1.095	15.95
0.00168002352032928	0.0298799760960191	13.494	1.29	24.37
0.00316004424061937	0.0565199547840362	30.207	1.94	28.7
0.00435006090085261	0.0772199382240494	75.556	2.224	43.16
0.00554007756108585	0.0986399210880631	43.267	2.012	55.76
0.00954013356186987	0.168479865216108	78.51	2.711	85.91
0.0132901860626049	0.233099813520149	108.286	3.22	118.92
0.0194102717438044	0.332819733744213	152.626	3.909	174.45
0.0278803903254646	0.469799624160301	287.103	4.77	257.57
0.0411705763880694	0.674279460576432	378.591	6.266	333.41
0.0639408951725324	0.996659202672638	595.154	7.96	582.12
0.0943613210584948	1.36871890502488	666.105	10.75	777.75
0.140361965067511	1.85273851780919	869.66	13.501	1272.03
0.210122941721184	2.41793806564955	1127.071	17.367	1924.73
0.315384415381815	3.03011757590594	1322.93	23.003	2883.61
0.475166652333133	3.6007171194263	1581.15	32.847	3932.46
0.713529989419852	4.11389670888263	1688.532	40.728	5889.54
1.06876496270948	4.65191627846698	1968.553	61.823	10279.94
1.59964239499353	5.22989581608335	2305.432	81.71	15524.96
2.40190362665077	6.04619516304387	2554.224	110.965	22353.8
3.59930039020546	7.24571420342864	3365.934	171.39	33995.1
5.40035560497847	9.03059277552578	3802.849	234.913	46658.2
8.08991325878562	11.6359106912714	6443.954	358.39	74604.23
12.137859930039	15.7834673732261	7131.611	522.907	107496.63
18.2030748430478	21.846582522734	9982.882	772.806	160016.75
27.3041422579916	30.9659152272678	14506.021	1156.932	235940.19
37.3084723186125	40.9604072316742	18400.259	1571.649	325332.83
47.3095223333127	50.9502192398246	26384.401	2001.453	412561.07
57.3089423251926	60.950651239479	28121.657	2433.28	498206.52
67.3082023148324	70.9649432280454	32023.172	2837.861	584639.99
77.2770418785863	80.5675755459396	36830.482	3256.207	673995.66
87.1739404351661	89.8710481031615	42627.557	3738.793	757966.37
97.0726390169462	99.4619804304157	47302.98	4080.894	843836.87
