0.001000014000196	0.0179999856000115	8.447	0.921	16
0.0090301264217699	0.159299872560102	79.786	1.629	77.17
0.0195902742638397	0.337139730288216	144.292	2.527	191.86
0.0409205728880204	0.669419464464428	315.21	3.9	422.07
0.0625008750122502	0.96893922484862	568.845	5.481	549.11
0.0938413137783929	1.35215891827287	692.244	7.379	899.22
0.142361993067903	1.8678585057132	926.507	10.941	1274.81
0.212002968041553	2.43287805369756	1255.529	15.308	1736.19
0.475336654713166	3.62447710041832	1662.145	27.557	4144.6
3.60024040336565	7.22501421998862	3149.024	157.222	33694.6
5.39579554113758	9.05219275824579	4691.551	232.161	49802.5
18.2015448216275	21.84766252187	10000.229	738.342	153421.19
37.3067822949521	40.9427672457862	19010.336	1531.988	323983.33
47.3145924042937	50.9453592437126	23869.523	1940.136	410040.7
67.1852505935083	69.9362440510048	31885.51	2764.579	587345.74
77.3127923790933	80.9504352396518	38883.974	3179.916	672918.99
97.2150510107141	99.8758000993599	46086.168	19383.168	847213.31
