0.000960013440188163	0.0172799861760111	19.031	1.433	15.92
0.00202002828039593	0.0363599709120233	15.847	1.476	24.32
0.00278003892054489	0.0496799602560318	75.017	1.892	30.44
0.00397005558077813	0.0709199432640454	32.223	1.898	44.45
0.00562007868110154	0.100259919792064	46.255	2.16	59.05
0.00909012726178167	0.158939872848102	69.015	2.774	84.42
0.0126901776624873	0.222479822016142	104.906	3.367	124.42
0.0186002604036457	0.320399743680205	143.285	3.952	151.97
0.0278503899054587	0.4694396244483	239.294	5.1	224.78
0.0436606112485575	0.711359430912455	390.273	6.354	374.86
0.0646209046926657	1.00223919820864	461.722	8.451	573.51
0.0945413235785301	1.37033890372888	636.734	10.542	850.88
0.140271963807493	1.85741851406519	902.594	13.716	1217.99
0.210982953761353	2.43449805240156	1144.812	18.015	1930.27
0.313124383741372	3.00743759404992	1393.15	22.946	3105.7
0.475546657653207	3.5983771212983	1536.899	30.833	4583.37
0.707349902898641	4.11029671176263	1742.032	41.392	6600.35
1.06875496256948	4.63445629243497	1882.884	71.369	10344.87
1.59687235621299	5.21405582875534	2333.845	79.293	13463.88
2.40081361139056	6.03989516808387	2648.094	112.233	22273.78
3.59651035114492	7.23185421451663	3234.932	161.918	33673.72
5.39435552097729	9.04049276760579	4061.041	239.329	45552.92
8.08804323260526	11.7196106243115	5106.198	366.854	71015.43
12.1373999235989	15.7786073771141	7174.518	520.863	105494.49
18.2004348060873	21.825522539582	9751.952	811.121	160071.45
27.306042284592	30.9484552412358	14207.925	1184.958	233993.62
37.3049722696118	40.9460072431942	18839.595	1604.115	320795.39
47.3173224425142	50.9530992375206	22897.689	2000.42	414703.43
57.3144324020536	60.959471232423	29498.517	2442.77	496420.92
67.311042354593	70.9449632440294	36201.683	2935.149	583751.41
77.3056822795519	80.9457552433958	36454.154	3274.846	672031.6
87.3097423363927	90.9353872516902	41541.545	3738.663	761643.8
97.1705203872854	99.7204602236318	46088.605	4145.737	846760.55
