0.00102001428019992	0.0181799854560116	8.689	1.071	15.95
0.00317004438062133	0.0568799544960364	26.612	1.244	33.03
0.013250185502597	0.230939815248148	131.529	2.401	120.34
0.312984381781345	3.01265758987393	1317.771	19.583	2897.56
1.06651493120904	4.64687628249897	1979.394	51.847	9941.16
1.60030240423366	5.21477582817934	2273.934	77.023	15078.77
2.39275349854898	6.01703518637185	2515.856	105.714	22300.48
3.596930357025	7.24625420299664	3259.995	159.83	29862.65
5.39068546959657	9.02609277912578	3967.868	228.752	49082.95
27.3091123275726	30.9626752298598	14075.963	1236.946	240055.2
37.3135023890334	40.9542872365702	18864.747	1685.033	322646.04
47.3160524247339	50.9833392133286	23564.921	1979.567	414967.87
77.2803019242269	80.5747755401796	38007.553	3250.946	672980.45
87.3102223431128	90.9467272426182	41995.523	4084.319	761289.3
97.1822105509477	99.7661801870559	46863.419	19542.845	846594.34
