0.000990013860194043	0.0178199857440114	8.355	0.946	15.65
0.00185002590036261	0.0332999733600213	14.614	1.025	24.32
0.00314004396061545	0.0565199547840362	23.871	1.206	33.33
0.00447006258087613	0.0800999359200513	34.276	1.313	47.19
0.00594008316116426	0.105479915616068	44.661	1.407	55.76
0.00964013496188947	0.169019864784108	74.634	1.626	93.11
0.0131901846625853	0.231659814672148	142.364	1.984	133.34
0.0191602682437554	0.330479735616212	199.112	2.398	174.45
0.0275803861254058	0.463679629056297	231.429	2.88	257.52
0.0336804715266014	0.543599565120348	257.587	3.364	87.28
0.0630608828523599	0.982079214336628	470.183	5.604	607.58
0.0937013118183655	1.36187891049687	613.992	7.308	876.43
0.140961973467629	1.85885851291319	868.628	10.803	1332.12
0.208832923660931	2.41739806608155	1129.644	15.634	2084.62
0.315214413001782	3.01823758540993	1292.515	20.261	2846.27
0.455506377089279	3.33737733009814	1404.188	25.336	3710.13
0.71193996715954	4.12595669923464	1696.667	36.802	6532.23
1.06644493022902	4.63877628897897	1897	53.87	10078.64
1.60110241543382	5.23457581233935	2215.598	77.579	14993.91
2.39653355146972	6.05375515699587	3429.69	106.507	22237.23
3.59668035352495	7.23905420875663	3176.113	199.968	33602.57
5.38582540155562	9.03581277134978	3958.006	231.757	49091.35
8.0862132069849	11.5927107258314	5098.267	342.644	74350.46
12.1433900074601	15.7843673725061	7036.828	506.49	106354.7
18.209184928589	21.847122522302	10065.911	723.211	155242.33
27.3142523995336	30.9450352439718	14317.219	1121.589	238138.67
37.000178002492	39.3353685317052	17931.501	1483.453	314705.31
46.9839477752689	49.3034005572796	22589.147	1916.644	403440.7
57.3092023288326	60.951731238615	27729.638	2367.511	498491.45
67.3156024184339	70.9411832470534	32544.396	2894.098	589764.88
77.306032284452	80.9500752399398	36410.053	3180.286	672238.88
87.306002284032	90.9377272498182	41259.037	3940.921	760399.37
97.0651289118048	99.4427204458236	45583.254	19731.019	843685.72
