0.00116001624022736	0.0208799832960134	11.202	1.253	16.02
0.00186002604036457	0.0332999733600213	22.044	1.54	23.12
0.00309004326060565	0.054719956224035	24.703	1.736	33.16
0.00379005306074285	0.067139946288043	39.674	1.91	43.18
0.00585008190114662	0.103319917344066	53.011	2.225	58.7
0.00967013538189535	0.170279863776109	81.922	2.965	91.71
0.012750178502499	0.223019821584143	107.421	3.685	120.44
0.0188502639036947	0.324539740368208	165.846	4.701	167.71
0.0283803973255626	0.476819618544305	256.372	5.456	274.78
0.0418205854881968	0.684719452224438	298.578	5.824	422.07
0.0646809055326775	1.00043919964864	517.219	8.499	623.43
0.0929513013182185	1.35395891683287	699.756	9.926	863.5
0.139291950087301	1.84499852400118	885.235	13.719	1394.93
0.210232943261206	2.41037807169754	1159.763	17.032	1990.55
0.318454458362417	3.05153755876995	1307.921	25.295	3107.19
0.473036622512715	3.5954971236023	1487.051	31.317	4161.71
0.710199942799199	4.11875670499464	1609.665	40.562	6665.76
1.06234487282822	4.62905629675496	2052.756	59.162	9456.18
1.59581234137278	5.21243583005134	2415.401	78.599	14891.1
2.39841357779009	6.02261518190785	2654.182	111.853	22037.78
3.30032620456686	5.64533548373161	2504.425	151.361	25712.12
5.39267549745696	9.04913276069379	4856.652	244.479	43885.04
8.09205328874604	11.7507505993995	6061.423	356.501	74671.69
12.1412999781997	15.7688873848901	7065.041	555.243	102624.1
18.2114949609295	21.835242531806	9854.069	800.739	157226.9
27.3084723186125	30.9520552383558	14166.319	1195.777	236881.85
37.3089023246325	40.9532072374342	18436.429	1614.254	326480.28
47.3104323460528	50.9689392248486	24209.214	2001.91	414220.85
57.3097123359727	60.960551231559	27773.161	2463.27	499364.97
67.3147924070937	70.9663832268934	33255.062	2915.503	587513.25
77.3077223081123	80.9601552318758	41136.022	3274.739	671909.09
87.311292358093	90.9746272202982	41758.107	3777.775	762013.36
97.2152110129542	99.8668001065599	45635.402	4174.874	847240.33
