0.000950013300186203	0.0170999863200109	6.572	0.879	15.92
0.00189002646037045	0.0338399729280217	11.384	0.967	24.47
0.00332004648065073	0.0597599521920382	21.343	1.406	33.18
0.00388005432076049	0.0694799444160445	22.795	1.459	34.78
0.00617008638120934	0.10961991230407	34.741	1.352	61.91
0.00909012726178167	0.159659872272102	49.014	1.678	84.54
0.0129701815825422	0.226079819136145	150.025	1.971	123.13
0.0186502611036555	0.318239745408204	143.722	2.397	190.39
0.0283403967655547	0.477179618256305	163.646	3.135	279.04
0.0416705833881674	0.674459460432432	230.442	4.278	414.81
0.0629308810323344	0.977939217648626	343.697	6.3	569.26
0.0924612944581224	1.34189892648086	453.023	8.589	849.34
0.141651983127764	1.86623850700919	693.905	11.594	1316.33
0.209832937661127	2.41235807011354	876.88	15.841	1901.82
0.312814379401312	3.00653759476992	902.214	22.744	2873.53
0.477186680613529	3.63599709120233	1049.766	31.433	4600.13
0.711259957639407	4.12775669779464	1189.739	39.667	6633.13
1.06653493148904	4.64183628653097	1337.461	58.802	10018.86
1.5984723786133	5.22755581795535	1545.035	80.359	14003.72
2.39987359823038	6.03989516808387	1750.868	116.737	22706.32
3.59483032762459	7.24697420242064	2213.648	162.199	31297.01
5.38974545643639	8.95175283859773	2544.109	236.988	49887.35
8.08484318780463	11.7320306143755	3600.462	368.078	71062.61
12.137789929059	15.7762673789861	4761.095	516.647	103910.61
18.2067948951285	21.845142523886	8136.844	797.436	155362.19
27.0564187898631	29.4692164246269	8748.498	1161.827	234260.96
37.3105523477329	40.9472672421862	12310.805	1637.742	324963.46
47.3127523785333	50.9478792416966	16435.683	2063.825	408557.66
57.3124123737732	60.953171237463	18467.739	2498.222	497004.46
67.3123523729332	70.9444232444614	21607.896	2937.255	588039.38
77.3095523337327	80.9461152431078	24584.01	3399.295	672490.93
87.3129523813333	90.9537472370022	29340.765	4227.181	761534.96
96.9903978655701	99.2701005839195	32548.869	8101.463	843242.59
