0.000960013440188163	0.0172799861760111	7.353	1.068	17.1
0.00179002506035084	0.0320399743680205	11.057	1.449	25.76
0.00287004018056253	0.0509399592480326	22.037	1.513	31.96
0.00389005446076245	0.0698399441280447	23.292	1.758	45.75
0.00569007966111526	0.100979919216065	37.734	2.12	58.68
0.00899012586176206	0.158759872992102	50.611	2.752	94.48
0.0133601870426186	0.23381981294415	109.873	3.404	120.44
0.0189002646037045	0.324539740368208	136.418	4.14	180.45
0.0286704013856194	0.478979616816307	159.398	5.183	257.52
0.0432006048084673	0.699839440128448	270.181	6.888	400.8
0.0623108723522129	0.964979228016618	329.055	7.973	626.46
0.0947413263785693	1.37915889667288	510.87	10.724	906.18
0.141081975147652	1.85579851536119	658.473	13.81	1247.79
0.210182942561196	2.41595806723355	850.596	18.048	1854.88
0.316194426721974	3.03983756812995	970.375	24.396	2815.06
0.474936649113088	3.60863711309031	1007.738	35.293	4670.22
0.716180026520371	4.11803670557064	1255.584	43.967	5456.83
1.06674493442908	4.63229629416296	1316.416	58.975	10425.7
1.56319188468639	4.78925616859506	1336.786	80.323	13175.41
2.39198348776883	6.04007516793987	1688.406	124.11	21149.03
3.59830037620527	7.23851420918863	1928.112	177.422	33451.56
5.39256549591694	9.03131277494978	2590.095	254.329	45940.91
8.08291316078425	11.7363506109195	3420.73	373.477	68369.17
12.1422299912199	15.7768073785541	4720.699	554.065	106385.94
18.2027548385677	21.846582522734	6670.658	816.506	159305.35
27.3121123695732	30.9725752219398	9430.688	1213.208	240180.53
37.3167924350941	40.9726472218822	12253.858	1683.745	322364
46.9154668165354	49.1525606779515	16523.763	2082.218	402410.35
57.3134923888934	60.962171230263	18460.828	2612.236	497641
67.3071022994322	70.9404632476294	22646.826	2973.912	586001.87
77.3123023722332	80.9497152402278	24330.473	3494.506	672176.2
86.9323870534188	89.1868686505051	26881.918	3993.872	753591.15
97.1151896126546	99.5732203414237	30404.794	4311.881	844722.75
