0.000930013020182283	0.0165599867520106	6.307	1.086	15.85
0.00192002688037633	0.0345599723520221	13.137	1.286	24.32
0.00288004032056449	0.0512999589600328	21.573	1.625	31.76
0.00387005418075853	0.0691199447040442	24.773	1.772	42.94
0.00611008554119758	0.108359913312069	41.58	2.156	61.96
0.00901012614176598	0.159119872704102	53.961	2.8	89
0.0133701871826206	0.233459813232149	78.624	3.298	114.66
0.0187402623636731	0.325259739792208	110.269	4.094	190.39
0.0278303896254548	0.471239623008302	154.396	4.941	263.19
0.0419805877282282	0.684359452512438	314.098	6.284	384.59
0.0627708787923031	0.96911922470462	339.973	8.002	589.02
0.0947213260985654	1.36907890473688	449.682	10.298	930.98
0.128761802665237	1.66499866800107	585.834	13.541	1110.64
0.210122941721184	2.41361806910554	827.266	19.109	1930.47
0.313194384721386	3.01805758555393	921.905	24.007	2775.14
0.474266639732956	3.60629711496231	1526.476	33.049	4549.36
0.708529919418872	4.14377668497865	1245.442	47.67	6428.21
1.06666493330907	4.64111628710697	1759.325	61.385	8669.09
1.60054240759371	5.22323582141134	1403.353	82.172	14967.46
2.39122347712868	6.04691516246787	1733.786	117.504	21084.32
3.60010040140562	7.26065419147665	1952.888	183.839	30096.6
5.38900544607625	9.03635277091778	2644.879	262.248	48810.9
8.09626334768687	11.7367106106315	4600.069	398.446	75299.59
12.1373099223389	15.7786073771141	4675.939	547.27	105495.69
17.8171894406522	20.0532439574048	6054.074	812.615	154785.55
27.3078623100723	30.9432352454118	9345.276	1223.21	235007.78
37.3145324034536	40.9510472391622	12607.198	1690.934	324572.3
47.3136823915535	50.9426592458726	15349.807	2089.297	412304.77
57.3085123191725	60.948311241351	19856.553	2612.435	501487.2
67.3151724124138	70.9500032399974	35780.907	3035.232	587334.69
77.3082723158124	80.9450352439718	24491.137	3418.023	674223.57
87.2716118025652	90.5195875843299	66563.124	3906.976	758762.33
97.2132309852338	99.8711201031039	29796.155	4348.892	847213.08
