0.00118001652023128	0.0212399830080136	8.73	1.185	15.92
0.0018000252003528	0.0322199742240206	12.294	1.271	23.2
0.00299004186058605	0.053099957520034	17.408	1.698	29.07
0.00383005362075069	0.0680399455680435	39.166	1.704	34.78
0.00569007966111526	0.100799919360065	32.952	2.531	59.07
0.00905012670177383	0.158039873568101	75.706	2.668	91.71
0.0134801887226421	0.23507981193615	91.23	4.35	124.42
0.0186802615236613	0.323279741376207	103.226	4.268	191.86
0.0278003892054489	0.465659627472298	164.373	5.688	283.08
0.0419105867482145	0.685619451504439	223.182	6.937	414.78
0.0615808621320698	0.948779240976607	334.36	7.655	497.85
0.0945513237185321	1.37303890156888	490.711	10.162	776.55
0.141781984947789	1.85309851752119	613.006	13.569	1240.65
0.211132955861382	2.43539805168156	762.409	18.457	1860.7
0.30015420215883	2.80151775878579	837.887	22.574	2477.04
0.474466642532995	3.5992771205783	1073.044	38.297	4641.57
0.710329944619225	4.11749670600264	1208.669	42.841	6877.53
1.06824495542938	4.64363628509097	1276.375	59.258	9696.14
1.59790237063319	5.21423582861134	1462.983	87.99	15106.81
2.39296350148902	6.03071517542786	1679.577	124.439	21898.54
3.59838037732528	7.23149421480463	2246.009	176.73	33599.72
5.39559553833754	9.04463276429379	2970.152	266.156	47734.29
8.09989339850758	11.7320306143755	3344.179	388.399	69995.01
12.1425399955599	15.7823873740901	4737.867	572.261	100854.8
18.2026648373077	21.851802518558	6729.165	830.619	159407.66
27.3083823173524	30.9430552455558	9371.258	1225.498	236636.51
37.3087023218325	40.9591472326822	12617.786	1687.343	321660.89
47.3119323670531	50.9408592473126	15773.675	2104.25	409983.43
57.3105223473129	60.952811237751	18908.46	2596.713	498033.49
67.3092323292526	70.9498232401414	21681.761	3020.033	587555.48
77.3101323418528	80.9516952386438	24323.296	3474.006	672466.52
87.3077123079723	90.9580672335462	27528.135	3879.596	761750.18
97.2225911162756	99.8954200836639	30591.35	4412.817	847235.05
