0.000910012740178362	0.0163799868960105	3.316	1.137	15.68
0.00240003360047041	0.0430199655840275	6.715	1.175	23.22
0.00940013160184243	0.164519868384105	19.707	1.608	85.76
0.0122201710823952	0.213479829216137	45.32	1.899	133.16
0.0413905794681126	0.677339458128434	74.167	4.145	374.86
0.0941113175584458	1.37321890142488	150.621	7.251	890.78
0.142831999647995	1.8766784986572	223.564	10.658	1217.99
0.47423663931295	3.61475710819431	360.022	27.713	4668.49
0.70703989855858	4.11425670859463	387.051	37.955	6550.5
1.06507491104875	4.62599629920296	379.638	50.29	9521.65
2.39657355202973	6.04331516534787	537.018	106.499	20410.78
5.39305550277704	9.01997278402177	822.255	230.964	50148.29
18.2026548371677	21.860082511934	1941.283	750.492	157113.68
27.3041822585516	30.9495352403718	2670.484	1126.465	234664.15
67.3077223081123	70.9485632411494	6253.399	2870.02	586521.06
87.3098523379327	90.9305272555782	8310.493	4037.857	762390.58
97.1452100329405	99.6641202687038	11050.287	8611.495	845536.53
