0.0011000154002156	0.0197999841600127	3.798	1.001	17.15
0.00190002660037241	0.0338399729280217	4.944	0.991	24.52
0.00402005628078793	0.0719999424000461	8.95	1.294	45.97
0.00872012208170914	0.153539877168098	21.383	1.412	81.43
0.013020182282552	0.226439818848145	30.78	1.747	118.74
0.0187202620836692	0.323999740800207	51.599	2.258	174.75
0.0940913172784419	1.37573889940888	206.867	7.573	928.07
0.14015196212747	1.84499852400118	234.203	10.506	1332.12
0.318814463402488	3.04703756236995	364.416	19.397	3071.5
0.709099927398984	4.12181670254664	704.954	39.083	6331.81
1.06605492476895	4.63139629488296	926.46	53.455	8906.24
1.58156214186999	4.98023601581119	1075.492	69.679	13596.69
3.59935039090547	7.23365421307663	2102.323	153.611	30291.2
8.08937325122552	11.7386906090475	4156.854	327.914	69352.69
47.3044922628917	50.9570592343526	22052.392	1964.254	409160.16
97.0273983835774	99.3536205171036	44158.745	19445.867	843836.87
