0.00106001484020776	0.0190799847360122	3.609	1.282	15.7
0.00209002926040965	0.0376199699040241	5.438	1.491	24.62
0.00308004312060369	0.0550799559360352	7.197	1.766	29.07
0.00422005908082713	0.0754199396640483	10.02	1.87	42.94
0.00579008106113486	0.103139917488066	12.175	2.166	64.45
0.00886012404173659	0.1558798752961	80.456	2.801	94.45
0.0125501757024598	0.21923982460814	25.119	3.52	120.24
0.0189902658637221	0.32759973792021	52.007	4.358	185.9
0.028030392425494	0.475559619552304	51.989	4.64	284.54
0.042280591928287	0.690299447760442	71.023	6.013	414.81
0.0622508715122012	0.965879227296618	153.623	8.046	589.02
0.0928713001982028	1.34783892172886	148.572	10.481	876.43
0.141051974727646	1.83653853076918	191.306	12.423	1332.12
0.210142942001188	2.43035805571356	234.723	18.218	1763.31
0.315874422241911	3.02507757993794	292.973	22.606	2843.49
0.475126651773125	3.61475710819431	299.74	30.298	4483.55
0.710339944759227	4.12541669966664	349.626	40.993	6347.22
1.06431490040861	4.63049629560296	415.395	58.435	9172.67
1.60885252393534	5.24609580312336	473.762	78.998	14836.14
2.39361351058915	6.02117518305985	579.288	111.396	22291.87
3.60124041736584	7.23671421062863	643.057	170.728	30355.41
5.39396551551722	9.04571276342979	784.35	238.45	46786.41
8.09224329140608	11.7266306186955	1185.573	352.984	74070.26
12.1365699119788	15.7728473817221	1448.501	534.93	102157.85
18.2027748388477	21.845502523598	1952.991	803.055	159306.88
27.3087123219725	30.9417952465638	2828.807	1184.005	236305.54
37.3085223193125	40.9497872401702	3945.83	1562.459	321598.13
47.3087223221125	50.9673192261446	4612.473	2026.944	410054.37
57.3080723130124	60.949211240631	5442.633	2432.995	498299.28
67.3085623198725	70.9426232459014	6616.362	2853.752	582771.52
77.3074423041923	80.9641152287078	8011.18	3337.078	671990.78
87.3089623254725	90.9238672609062	8130.753	3762.796	762178.24
97.1758704621865	99.7492602005918	9133.873	4127.209	846406.31
