0.000970013580190123	0.0174599860320112	3.227	1.111	17.15
0.00190002660037241	0.0340199727840218	6.037	1.26	24.39
0.00286004004056057	0.0512999589600328	6.959	1.555	31.74
0.00388005432076049	0.0694799444160445	37.967	1.675	35.92
0.00548007672107409	0.0971999222400622	12.513	2.047	60.44
0.00885012390173462	0.1564198748641	18.592	2.871	81.68
0.0134001876026264	0.23489981208015	26.179	3.078	114.66
0.0191202676837476	0.332639733888213	42.445	4.258	193.42
0.028270395785541	0.476819618544305	51.784	4.842	247.68
0.0427505985083791	0.694439444448444	106.91	6.014	366.18
0.0624308740322365	0.971099223120621	118.823	8.086	548.98
0.0923512929181008	1.34801892158486	145.56	10.269	815.16
0.141541981587742	1.86641850686519	207.746	12.539	1225.18
0.210342944801227	2.44043804764956	282.438	20.608	1951.84
0.311654363161084	2.94911764070589	1446.228	23.238	2590.95
0.480276723874134	3.63959708832233	462.801	31.868	4292.72
0.711289958059413	4.12415670067464	693.342	40.896	5896.6
1.066304928269	4.64291628566697	921.228	58.76	10430.16
1.59533233465269	5.24969580024336	1202.924	78.554	14659.27
2.40165362315072	6.05789515368388	1657.949	112.449	22615.3
3.5974703645851	7.24949420040464	2015.06	167.041	33107.67
5.38983545769641	9.04661276270979	2976.264	246.807	46017.5
8.09127327782589	11.7255506195595	4365.566	360.363	68305.4
12.1369499172988	15.7769873784101	6167.961	521.274	108291.33
18.2102049428692	21.85666251467	8596.594	783.357	160984.62
27.306372289212	30.9567352346118	13168.476	1168.455	234485.83
37.3078423097923	40.9627472298022	17699.956	1575.742	321155.05
47.3088023232325	50.9482392414086	22302.527	2005.046	409352.15
57.3117323642531	60.959111232711	27372.685	2446.096	497706.39
67.3171524401342	70.9397432482054	31301.77	2888.171	589086.38
77.1392699497793	79.737596209923	37020.518	3236.857	670117.93
87.306112285572	90.9364672508262	41065.631	3751.311	760388.58
97.2048908684722	99.8462801229759	45277.518	4145.017	847210.33
