0.00104001456020384	0.018719985024012	3.373	0.97	15.92
0.00198002772038809	0.0352799717760226	4.854	0.989	24.52
0.00274003836053705	0.0489599608320313	6.822	1.114	31.96
0.00377005278073893	0.0673199461440431	8.714	1.211	44.48
0.00619008666121326	0.10979991216007	12.94	1.315	60.47
0.00912012768178755	0.159659872272102	18.624	1.446	87.6
0.0133001862026068	0.232919813664149	26.112	1.672	123.08
0.0187802629236809	0.322739741808207	35.114	2.053	151.97
0.0288204034856488	0.485459611632311	68.904	2.974	283.17
0.0416905836681714	0.676799458560433	73.219	3.764	366.25
0.0641108975525657	0.998099201520639	110.51	5.099	617.88
0.0951013314186399	1.39283888572889	170.638	7.816	893.55
0.142992001888026	1.86425850859319	223.42	11.02	1394.93
0.211882966361529	2.43161805470556	253.654	15.437	1904.7
0.31423439928159	3.00599759520192	394.238	20.402	2769.06
0.472836619712676	3.5924371260503	515.276	27.055	4500.63
0.709229929219009	4.10597671521863	666.55	36.901	6290.54
0.852111929567014	3.19805744155405	785.891	37.815	4705.47
1.60572248011472	5.24159580672336	1196.298	75.429	12772.62
2.40188362637077	6.05123515901187	1526.328	113.162	22362.53
3.60144042016588	7.23707421034063	2109.577	160.651	32562.47
5.38760542647597	9.03851276918978	2915.173	220.047	48917.75
8.09681335538698	11.7399506080395	4163.874	331.108	75282.98
12.1317998451978	15.7820273743781	6056.278	498.532	104201.08
18.2028448398278	21.836142531086	8926.23	734.674	154763.69
27.3036322508515	30.9342352526118	12898.677	1109.945	235618.46
37.3143524009336	40.9647272282182	17857.475	1538.935	326190.24
47.311182356553	50.9512992389606	22002.219	1949.047	408963.99
57.3098223375127	60.957491234007	27208.866	2354.843	497099.73
67.3043022602316	70.9393832484934	31347.971	2807.021	582847.75
77.2117109639535	80.0482759613792	35591.025	3226.74	672073.87
87.0528387397424	89.4570484343613	40474.649	3637.862	754523.18
97.2078509099127	99.8581601134719	44836.888	19244.385	847210.62
