0.000970013580190123	0.0174599860320112	3.42	1.153	15.68
0.00184002576036065	0.0329399736480211	6.314	1.277	25.76
0.00281003934055077	0.0502199598240321	6.688	1.412	31.76
0.00397005558077813	0.070379943696045	9.681	1.872	47.12
0.00652009128127794	0.115919907264074	13.702	2.12	61.76
0.00912012768178755	0.159479872416102	20.566	2.733	89
0.0134001876026264	0.232919813664149	47.514	3.11	132.04
0.0191702683837574	0.331379734896212	37.006	3.98	167.71
0.0274603844453822	0.462599629920296	56.967	4.835	247.63
0.0431006034084477	0.701279438976449	80.379	6.104	393.53
0.0646709053926755	0.999179200656639	110.867	7.217	629.3
0.0942913200784811	1.36601890718487	160.773	9.606	898.17
0.140341964787507	1.83761852990518	192.751	13.705	1332.2
0.214613004582064	2.44943804044957	241.818	17.421	1929.03
0.316974437642127	3.03299757360194	340.043	24.039	2837.76
0.474276639872958	3.5974771220183	472.95	31.095	4430.69
0.712009968139554	4.13045669563464	651.105	41.475	5797.09
1.06752494534923	4.65281627774698	827.16	63.752	10410.32
1.6066524931349	5.24411580470736	1027.926	79.943	14659.49
2.4051136715914	6.03413517269186	1551.309	111.038	19830.52
3.60117041638583	7.24877420098064	2174.082	161.895	33609.49
5.36750514507203	8.62451310038952	2837.192	235.42	48908.11
7.85108991525881	10.2864517708386	3849.055	338.575	68356.67
12.1364299100187	15.7710473831621	6078.373	544.312	103902.53
18.2022148310076	21.846222523022	8949.685	770.891	154082.31
27.3092423293926	30.9365752507398	13019.192	1178.263	236625.82
37.311132355853	40.9474472420422	17877.406	1572.217	324249.22
47.306262287672	50.9565192347846	21762.57	2046.63	409517.26
57.1384999389991	59.7273722181022	26993.621	2373.517	495877.34
67.311312358373	70.9521632382694	31555.839	2857.005	587615.47
77.3091823285526	80.9410752471398	36018.779	3266.798	672399.83
87.3101623422728	90.9677872257702	42136.73	3664.93	762106.03
97.1512801179216	99.6589002728798	47051.428	4136.914	846249.44
