0.00108001512021168	0.0194399844480124	3.597	0.962	15.92
0.00213002982041749	0.0383399693280245	5.835	0.969	21.7
0.00290004060056841	0.0518399585280332	8.094	1.057	30.12
0.00416005824081537	0.0739799408160473	9.577	1.107	36.27
0.0060300844211819	0.106919914464068	12.356	1.265	60.22
0.00864012096169346	0.152459878032098	17.074	1.427	94.45
0.0129901818625461	0.226259818992145	26.407	1.808	113.31
0.0190602668437358	0.331019735184212	38.746	2.583	180.18
0.0286104005456076	0.48491961206431	51.804	2.923	260.67
0.0413705791881086	0.674819460144432	70.655	3.724	420.51
0.0627708787923031	0.979019216784627	117.861	5.15	593.57
0.0952213330986634	1.38203889436888	170.842	7.712	897.83
0.140901972627617	1.86695850643319	246.638	10.551	1222.02
0.207632906860696	2.36033811172951	287.147	13.391	1718.97
0.314574404041657	3.01283758972993	310.321	18.947	2719.5
0.477816689433652	3.60395711683431	501.478	27.366	3641.83
0.708309916338829	4.14215668627465	783.173	40.025	6447.99
1.06638492938901	4.63805628955497	918.91	51.626	9737.2
1.59698235775301	5.21873582501134	1162.743	71.728	14475.72
2.40230363225085	6.03917516865986	1626.134	104.09	20435.75
3.59067026938377	7.22987421610063	2088.981	154.925	32562.4
5.39638554939769	9.0599327520538	2952.484	229.055	50370.51
8.0882432354053	11.7439106048715	4170.218	349.521	72125.45
12.1356898996586	15.7805873755301	6129.957	487.089	103804.44
18.2057548805683	21.878802496958	8606.238	736.308	160385.02
27.3095923342927	30.9511552390758	13287.263	1126.225	236629.65
37.3129923818933	40.9555472355622	17781.093	1536.798	320979.32
47.3143824013536	50.9446392442886	22104.459	1940.149	410183.75
57.3134523883334	60.955511235591	26872.699	2343.027	497640.84
67.3095223333127	70.9345232523814	30744.657	2791.165	587051.39
77.3135323894535	80.9608752312998	36215.329	3223.477	673901.72
87.3140223963135	90.9478072417542	40606.645	3962.03	761536.12
96.9588774242839	99.2027806377755	44846.187	18807.898	842788.59
