0.000880012320172482	0.0158399873280101	3.209	1.109	17.12
0.00143002002028028	0.0257399794080165	3.917	1.156	11.49
0.00313004382061349	0.0559799552160358	8.259	1.592	34.45
0.00406005684079577	0.0723599421120463	12.585	1.721	36.27
0.00624008736122306	0.110339911728071	13.406	2.056	61.76
0.00679009506133086	0.119339904528076	13.24	2.196	23.12
0.0130901832625657	0.227519817984146	27.933	3.55	125.94
0.0192102689437652	0.329039736768211	35.818	3.716	180.42
0.0288904044656625	0.487079610336312	67.849	4.949	283.08
0.0436606112485575	0.709019432784454	83.748	6.791	374.86
0.0632608856523991	0.981359214912628	108.241	7.049	593.57
0.0925112951581322	1.35143891884886	145.703	9.386	819.44
0.140961973467629	1.85057851953718	209.992	13.906	1275.04
0.209042926600972	2.40461807630554	284.847	16.778	1820.46
0.316294428121994	3.03461757230594	341.863	21.891	2978.89
0.473566629932819	3.58523713181029	490.885	31.149	4445.03
0.712319972479615	4.12109670312264	669.272	42.432	6132.53
1.06804495262934	4.62905629675496	907.024	57.19	9918.31
1.59281229937219	5.12441590046728	1091.18	85.363	14338.56
2.39727356182987	6.05987515209988	1559.731	117.132	21798.56
3.60124041736584	7.25633419493264	2118.268	169.059	33616.48
5.40436566111926	9.04049276760579	2900.416	265.135	46545.9
8.09869338170734	11.7347306122155	4104.35	359.061	70776.68
12.1366399129588	15.7863473709221	5999.038	515.549	103293.17
18.2062848879884	21.842802525758	8706.037	791.261	155554.36
27.311432360053	30.9354952516038	13028.274	1195.296	234104.16
37.3086923216925	40.9393472485222	17727.149	1611.147	324266.77
47.3104823467529	50.9631792294566	21801.049	1964.169	409385.07
57.3093823313526	60.967931225655	27200.698	2443.038	499486.36
67.3050222703118	70.9426232459014	31437.719	2845.82	586177.51
77.306342288792	80.9259552592358	35341.239	3372.334	674798.68
87.2352912940781	90.1806478554817	41488.208	3661.605	759538.04
97.1795605138472	99.7611401910878	44788.598	4043.079	846526.31
