0.000940013160184243	0.0169199864640108	4.082	1.103	15.65
0.00209002926040965	0.0376199699040241	7.27	1.327	24.57
0.00314004396061545	0.0565199547840362	7.789	1.683	31.57
0.00405005670079381	0.0723599421120463	9.482	1.731	45.75
0.00557007798109174	0.0986399210880631	11.43	1.97	53.17
0.00911012754178558	0.160919871264103	20.794	2.954	87.35
0.013020182282552	0.225539819568144	25.403	3.173	129.05
0.0179502513035182	0.307439754048197	34.835	3.566	181.92
0.0286604012456174	0.480419615664307	52.777	4.476	260.28
0.0423205924882948	0.689039448768441	154.062	6.152	327.78
0.0629308810323344	0.979739216208627	108.758	8.104	574.63
0.0941813185384595	1.36097891121687	161.697	10.009	819.44
0.140121961707464	1.84463852428918	210.849	13.185	1347.81
0.20826291568082	2.39687808249753	264.235	16.737	1951.84
0.315804421261898	3.01679758656193	339.705	22.674	2739.36
0.476336668713362	3.61385710891431	426.238	29.938	3932.46
0.711289958059413	4.14107668713865	668.386	43.846	5782.52
1.06805495276934	4.62293630165096	957.827	57.223	9989.36
1.59691235677299	5.22305582155534	1146.179	78.528	13522.09
2.39316350428906	6.04709516232387	1553.027	112.526	19535.19
3.59281029934419	7.23473421221263	2077.183	162.014	32854.66
5.40125561757865	9.05327275738179	3007.834	238.949	46517.96
8.09606334488683	11.7282506173995	4169.816	348.749	70196.69
12.1330098621381	15.7640273887781	5991.396	511.598	109049.43
18.2025148352077	21.85036251971	9029.586	775.138	156949.96
27.3027922390913	30.9464752428198	13119.563	1245.932	231675.28
37.3103123443728	40.9451072439142	17324.84	1585.142	324929.36
47.3157724208139	50.9491392406886	22297.552	1998.699	409975.08
57.3081123135724	60.967751225799	26965.943	2733.945	496720.69
67.3157424203939	70.9473032421574	32408.808	2904.514	587373.04
77.3090623268726	80.9531352374918	36011.03	3260.713	671697.91
87.311372359213	90.9418672465062	40384.089	3660.184	760749.74
97.2235411295758	99.9098200721439	44346.157	4243.037	847228.08
