0.000800011200156802	0.0143999884800092	2.947	1.053	15.97
0.00151002114029596	0.0268199785440172	4.349	1.184	13.01
0.00211002954041357	0.0370799703360237	5.326	1.163	22.95
0.00427005978083693	0.0761399390880487	10.698	1.324	45.8
0.00571007994111918	0.101159919072065	11.604	1.382	64.45
0.00671009394131518	0.118619905104076	14.44	1.529	23.12
0.0130401825625559	0.229319816544147	26.262	2.395	107.49
0.0153902154630165	0.264419788464169	34.605	2.215	44.33
0.0291504081057135	0.492479606016315	52.356	3.036	249.05
0.0424005936083105	0.689579448336441	70.031	4.161	417.81
0.0624508743122404	0.973259221392623	142.896	5.721	607.63
0.0946813255385575	1.37969889624088	149.757	8.433	863.57
0.139171948407278	1.83419853264117	191.743	10.591	1286.42
0.212312972381613	2.44475804419356	254.525	15.043	2082.9
0.316404429662015	3.03641757086594	318.369	19.561	2887.58
0.472026608372517	3.5953171237463	398.745	26.699	4217.36
0.709179928518999	4.12091670326664	369.7	37.174	6969.63
1.06465490516867	4.60745631403495	471.714	54.066	9694.39
1.6000024000336	5.24645580283536	452.976	72.142	14974.31
2.39714356000984	6.03035517571586	541.406	106.211	20100.95
3.60004040056561	7.24715420227664	629.484	162.668	33240.25
5.39398551579722	9.03095277523778	807.458	233.069	46468.01
8.09201328818603	11.7457106034315	957.54	338.306	74745.12
12.1395899542594	15.7804073756741	1459.846	506.787	105929.41
18.2030548427678	21.84226252619	1925.404	746.981	159345.13
27.3027322382513	30.9405352475718	2827.956	1162.439	231687.46
37.3149024086337	40.9506872394502	3603.665	1608.01	323493.86
47.3066222927121	50.9485992411206	4365.299	1963.797	408560.54
57.3023922334913	60.948491241207	5341.747	2398.452	496742.77
67.3094423321926	70.9456832434534	6314.193	2838.371	586072.45
77.3056222787119	80.9525952379238	7384.37	3318.743	672015.46
87.0705489876858	89.5060083951933	8135.797	3899.16	755686.19
97.2056608792523	99.8516801186559	9552.044	9231.483	847210.45
