0.00102001428019992	0.0183599853120118	6.647	0.979	17.15
0.00198002772038809	0.0354599716320227	12.562	0.998	24.32
0.00303004242059389	0.0545399563680349	17.951	1.123	31.59
0.0194602724438142	0.335159731872214	113.156	2.455	163.13
0.0412105769480773	0.677339458128434	222.376	4.469	397.56
0.0624908748722482	0.976679218656625	316.085	5.879	549.11
0.0937413123783733	1.36493890804887	473.832	8.315	832.18
0.210602948441278	2.41577806737755	817.191	15.737	2010.13
0.314214399001586	3.02633757892994	895.594	20.964	2918.91
0.477746688453638	3.60449711640231	1277.267	30.214	3641.83
5.39240549367691	9.02249278200577	2542.278	238.561	48807.99
8.02136229907219	10.995831203335	3332.833	348.887	72797.76
12.1371999207989	15.7795073763941	4787.078	533.178	105493.17
18.2029848417878	21.841902526478	6810.089	804.388	154243.29
37.3138623940735	40.9456472434822	12574.888	1621.389	321619.82
47.3123623730732	50.9565192347846	16635.485	2051.643	409157.35
77.3085123191725	80.9417952465638	25177.577	3393.32	672383.34
87.3120623688732	90.9798472161222	27624.847	4028.767	762018.76
