0.000930013020182283	0.0167399866080107	7.432	0.916	17.15
0.00192002688037633	0.0345599723520221	5.179	0.98	21.85
0.00290004060056841	0.0518399585280332	7.169	1.064	33.11
0.00403005642078989	0.0719999424000461	9.268	1.184	45.97
0.00637008918124854	0.113939908848073	23.614	1.417	63.4
0.00882012348172874	0.1555198755841	17.737	1.538	90.42
0.0128201794825128	0.223559821152143	25.22	1.695	123.08
0.0190502667037339	0.326699738640209	35.681	2.128	168.98
0.027280381925347	0.460259631792295	50.274	3.38	253.18
0.042030588428238	0.685439451648439	78.607	3.529	393.53
0.0619808677321482	0.965339227728618	117.989	5.132	573.51
0.0891512481174736	1.28177897457682	171.071	7.337	743.39
0.140431966047525	1.84805852155318	195.231	10.443	1160.68
0.212112969581574	2.43017805585756	257.606	15.097	1903.16
0.295044130617829	2.11049831160135	268.054	16.805	916.26
0.316764434702086	3.04019756784195	346.982	19.902	3071.5
0.707979911718764	4.09715672227462	679.399	36.129	5837
1.06266487730828	4.62383630093096	946.682	51.621	9888.87
1.59271229797217	5.22395582083534	1105.229	75.366	13268.63
2.39859358031012	6.04817516145987	1534.723	107.131	21620.28
3.59476032664457	7.23725421019663	2098.728	153.001	31712.22
5.38593540309564	9.03293277365378	2958.806	224.719	49103.98
8.09808337316722	11.7309506152395	4255.828	337.489	70736.44
12.1357699007786	15.7751873798501	6121.319	489.569	105719.58
18.2054248759483	21.847482522014	9060.36	738.246	159915.99
27.3157824209539	30.9529552376358	13033.035	1136.096	238724.95
37.3146824055537	40.9555472355622	17953.459	1520.038	321878.67
47.3072123009722	50.9475192419846	22191.897	1956.959	410403.08
57.3119423671931	60.945251243799	26400.327	2386.626	501554.24
67.2060308844324	70.0257039794368	31748.235	2797.325	584134.41
77.311362359073	80.9470152423878	36043.786	3186.086	672446.26
87.3150524107338	90.9722872221702	41741.562	3926.841	761342.42
97.1565801921227	99.6936402450878	45999.503	19333.189	845837.91
