0.0011500161002254	0.0206999834400132	7.908	1.171	15.92
0.00232003248045473	0.0417599665920267	15.312	1.424	24.39
0.00284003976055665	0.0509399592480326	17.542	1.528	31.76
0.00428005992083889	0.0759599392320486	31.454	1.793	44.58
0.00602008428117994	0.107099914320069	37.029	2.684	64.45
0.0088801243217405	0.1560598751521	58.366	2.661	77.17
0.0131801845225833	0.230939815248148	81.611	3.46	123.08
0.0188502639036947	0.325619739504208	103.716	3.964	160.61
0.0280603928454998	0.473939620848303	169.588	4.937	267.82
0.0422105909482733	0.689939448048442	239.006	6.596	389.22
0.0629008806123286	0.985319211744631	382.487	8.447	582.05
0.0941913186784615	1.37051890358488	453.03	10.419	926.45
0.139931959047427	1.84805852155318	610.586	13.833	1347.81
0.211552961741464	2.43611805110556	809.067	17.599	1903.16
0.316334428682002	3.04091756726595	863.531	23.814	2837.76
0.475096651353119	3.5949571240343	1019.067	32.204	4379.73
0.712409973739632	4.12343670125064	1109.437	43.334	6952.7
1.06209486932817	4.63751628998697	1295.779	58.203	9422.16
1.60131241837386	5.22701581838735	1457.606	85.57	13438.45
2.39510353144944	6.02585517931586	1927.267	119.514	21098.51
3.59671035394496	7.23959420832463	2069.845	172.549	29857.31
5.39360551047715	9.00233279813376	2768.491	252.94	50098.27
8.08456318388457	11.7246506202795	3438.246	371.254	70679.97
12.1366599132388	15.7766273786981	4509.809	555.753	101596.27
18.2103049442692	21.85216251827	6424.357	832.994	156370.89
27.316252427534	30.9482752413798	9243.403	1211.507	238140.06
37.3153124143738	40.9474472420422	12531.579	1705.657	324771.05
47.2387713427988	50.2305798155361	15253.146	2099.604	409605.76
57.3152924140938	60.954791236167	18232.668	2586.398	496307.85
67.3075823061523	70.9478432417254	21761.46	2966.791	582712.6
77.106989497853	79.5899963280029	31663.818	3402.178	671005.37
87.311072355013	90.9427672457862	30950.42	3901.057	760820.41
97.0636288908045	99.4328204537436	31729.502	4339.364	844447.52
