0.000930013020182283	0.0167399866080107	3.419	1.31	15.88
0.00213002982041749	0.0381599694720244	5.77	1.536	23.12
0.00300004200058801	0.0538199569440344	8.684	2.079	29.07
0.00397005558077813	0.0710999431200455	9.257	1.821	45.65
0.00554007756108585	0.098459921232063	11.321	2.996	63.38
0.00885012390173462	0.1560598751521	17.291	2.552	87.35
0.0131701843825814	0.232199814240149	24.943	3.205	127.61
0.0192002688037633	0.331559734752212	35.365	3.912	167.71
0.028760402645637	0.48365961307231	75.85	4.934	279.04
0.0417405843681812	0.679859456112435	76.361	6.045	384.72
0.0634508883124364	0.982979213616629	106.476	8.422	593.55
0.0947613266585732	1.38059889552088	165.99	9.951	863.5
0.141051974727646	1.85831851334519	206.026	13.769	1338.98
0.213052982741758	2.43629805096156	239.858	17.809	2048.99
0.318024452342333	3.03335757331394	277.924	24.825	2784.85
0.475496656953197	3.60629711496231	336.797	30.951	3883.88
0.710799951199317	4.12019670384264	365.601	44.92	5819.77
1.06815495416936	4.64165628667497	378.657	55.56	10241.61
1.59647235061291	5.21549582760334	464.17	84.991	13174.03
2.40172362413074	6.05645515483588	601.064	112.26	22778.38
3.59702035828502	7.23041421566863	603.795	162.165	33606.79
5.39653555149772	9.04877276098179	833.058	244.778	50510.46
8.09046326648573	11.7322106142315	1127.213	357.062	70916.02
11.8260855651979	14.1562686749851	1221.716	518.125	103383.1
18.2072949021286	21.833622533102	1967.305	783.379	155439.97
27.3131623842734	30.9594352324518	2753.445	1187.593	234154.65
37.2928020992294	40.7237074210341	3598.312	1578.155	320706.57
47.3151724124138	50.9482392414086	4654.958	2029.475	414245.65
57.3116923636931	60.931751254599	5914.081	2454.81	497973.38
67.3076423069923	70.9678232257414	6216.101	2893.977	584258.49
77.1433800073201	79.751816198547	7643.665	3311.559	670206.84
87.3106723494129	90.9510472391622	8120.703	3776.105	762356.78
96.9945479236709	99.2789205768635	9183.93	4123.9	843310.72
