0.00102001428019992	0.0183599853120118	6.919	1.109	15.97
0.00209002926040965	0.037439970048024	12.73	1.422	23.2
0.00293004102057429	0.0527399578080338	18.544	1.706	31.76
0.00396005544077617	0.070379943696045	22.011	1.724	42.76
0.00579008106113486	0.102779917776066	32.98	2.191	61.61
0.0087801229217209	0.1555198755841	70.1	2.68	85.84
0.0122801719224069	0.215639827488138	66.321	3.196	120.34
0.0189002646037045	0.326699738640209	128.931	4.357	180.42
0.0227303182244551	0.379259696592243	127.823	5.395	59
0.0423305926282968	0.690119447904442	215.063	6.147	384.59
0.0632308852323933	0.983159213472629	389.119	9.773	582.05
0.0951413319786477	1.38761888990489	451.831	10.374	850.88
0.14015196212747	1.86191851046519	580.674	13.719	1160.68
0.211372959221429	2.42261806190555	834.55	18.058	1829.33
0.313324386541412	2.9667576265939	947.099	27.133	2722.09
0.473206624892749	3.6008971192823	1160.23	32.552	4695.51
0.711639962959481	4.13405669275465	1208.969	43.056	6614.58
1.06302488234835	4.64165628667497	1413.472	60.317	9788.24
1.59537233521269	5.23043581565135	1539.849	85.198	14166.36
2.39841357779009	6.04025516779587	1676.538	121.83	21888.65
3.59955039370551	7.24463420429264	2099.961	171.925	30307.72
5.39600554407762	9.0662327470138	2661.835	268.005	49220.66
8.09242329392612	11.7354506116395	3988.636	378.823	74148.94
12.1374299240189	15.7863473709221	4659.186	553.236	102099.32
18.2120549687696	21.861702510638	6539.005	828.582	158646.95
27.3115623618731	30.9540352367718	9372.52	1260.303	238141.55
37.3132823859534	40.9451072439142	12764.248	1665.228	324382.74
47.0077981091735	49.3613605109116	14909.904	2092.125	403871.44
57.3125223753133	60.950291239767	18497.01	2586.417	501569.02
67.3081123135724	70.9352432518054	21653.688	3029.593	585282.2
77.311482360753	80.9511552390758	24912.407	3420.216	671911.72
87.3084923188925	90.9434872452102	27299.164	3862.406	761692.83
97.1841105775481	99.7733801812958	30253.295	4429.962	846672.02
