0.000580008120113682	0.0104399916480067	2.725	1.199	9.97
0.00192002688037633	0.034379972496022	5.063	1.522	23.2
0.00304004256059585	0.0543599565120348	9.875	1.645	31.61
0.00400005600078401	0.0705599435520452	14.423	1.894	43.18
0.00609008526119366	0.107999913600069	13.031	2.244	61.96
0.00870012180170522	0.152099878320097	22.045	2.656	84.42
0.0128001792025088	0.224999820000144	25.628	3.24	113.09
0.0190602668437358	0.329039736768211	36.982	3.803	174.57
0.0256303588250236	0.430919655264276	95.349	4.928	224.76
0.0433006062084869	0.701279438976449	73.23	6.452	419.09
0.0637808929325011	0.98477921217663	118.283	8.736	573.51
0.0934613084583184	1.36403890876887	149.519	10.656	897.83
0.14214198998786	1.8698385041292	213.301	12.81	1272.03
0.211392959501433	2.42567805945755	252.21	17.61	2018.68
0.316034424481943	3.02255758195393	286.87	23.901	2739.36
0.473626630772831	3.58235713411429	334.296	32.003	4523.3
0.713889994459922	4.13243669405064	348.203	42.548	6364.26
1.0648149074087	4.65371627702698	398.847	56.376	8777.1
1.60445246233447	5.22341582126734	445.027	79.185	14834.67
2.39568353956955	6.03809516952386	503.976	111.362	20762.27
3.59818037452524	7.23599421120463	613.33	164.052	33644.47
5.40193562709878	9.0559727552218	819.413	242.547	46529.09
8.10116341628783	11.7356306114955	982.714	355.086	70758.46
12.1400099601394	15.7719473824421	1389.038	546.929	103965.39
18.2129549813697	21.871422502862	1898.987	841.164	158566.56
27.3074023036323	30.9563752348998	2820.071	1157.783	238877.32
37.311052354733	40.9487072410342	3848.749	1593.575	324346
47.3039522553316	50.9701992238406	5473.014	2077.193	413554.49
57.3033122463714	60.967031226375	5743.802	2462.297	499716.64
67.3042922600916	70.9424432460454	6019.739	2921.557	582858.65
77.2997521965307	80.8363153309477	6970.04	3303.386	673605.91
87.3083523169324	90.9470872423302	7715.862	3756.46	761418.83
97.1506601092415	99.6560202751838	8805.531	4174.127	846226.28
