0.000900012600176402	0.0161999870400104	4.716	1.177	16.05
0.00188002632036849	0.0336599730720215	34.515	1.306	23.12
0.00394005516077225	0.0701999438400449	8.423	1.345	43.18
0.0927312982381753	1.35107891913686	164.03	7.596	850.71
0.141081975147652	1.86227851017719	202.749	10.891	1346.2
0.315044410621749	3.02093758324993	288.405	20.779	2923.3
0.711399959599434	4.12073670341064	358.333	35.723	6364.26
1.06821495500937	4.63859628912297	395.975	52.404	9973.74
2.39666355328975	6.04601516318787	490.342	110.994	20734.36
3.59872038208535	7.24319420544464	636.545	150.548	34050.65
12.137969931579	15.8072273542181	1471.431	497.151	110777.66
67.3052922740918	70.9462232430214	6074.214	2788.397	586181.65
77.3095323334527	80.9290152567878	6862.864	3283.001	673937.19
87.3090623268726	90.9749872200102	7610.759	4096.751	762055.46
96.9616974637645	99.2054806356155	8903.463	8860.728	842044.7
