0.00111001554021756	0.0199799840160128	3.584	1.073	15.92
0.00209002926040965	0.0376199699040241	5.117	0.997	24.59
0.00280003920054881	0.0502199598240321	6.827	1.09	34.5
0.00411005754080557	0.0736199411040471	9.05	1.179	34.78
0.00591008274115838	0.105299915760067	13.324	1.279	57.53
0.00919012866180127	0.162359870112104	18.934	1.536	91.64
0.0131501841025774	0.229499816400147	27.428	1.745	133.16
0.0189902658637221	0.326159739072209	35.47	2.111	187.4
0.0277903890654469	0.471239623008302	51.648	3.098	279.04
0.0420505887082419	0.681119455104436	96.684	4.056	376.16
0.0636508911124756	0.986579210736631	115.539	5.667	519.15
0.0942613196584752	1.36943890444888	156.56	7.507	829.37
0.141591982287752	1.86443850844919	200.961	10.233	1322.08
0.210622948721282	2.42765805787355	332.653	15.951	2010.13
0.311344358821024	2.94245764603388	313.612	21.337	2580.82
0.470896592552296	3.5859571312343	560.723	26.767	4258.33
0.708939925158952	4.13495669203465	686.81	39.13	6807.66
1.06845495836942	4.64057628753897	868.189	51.488	9438.06
1.59658235215293	5.18777584977932	1240.977	73.212	14746.72
2.39878358297016	6.04475516419587	1508.63	104.817	22504.16
3.59903038642541	7.22843421725263	2102.311	158.562	30311.83
5.39581554141758	9.02915277667778	2987.442	223.215	50156.51
8.08583320166482	11.7334706132235	4283.361	338.992	67991.6
12.1364499102987	15.7746473802821	6409.448	498.687	101998.49
18.203864854108	21.837942529646	9409.875	736.95	153947.3
27.3071122995722	30.9504352396518	13408.534	1091.203	236783.85
37.3072723018122	40.9420472463622	23131.962	1529.903	321368.91
47.3177824489543	50.9548992360806	22302.591	1950.41	411154.16
57.3084323180525	60.947411242071	27383.534	2357.43	498757.38
67.3140423965935	70.9521632382694	31281.916	2808.939	589800.52
77.3079323110524	80.9378352497318	37746.176	3247.669	671720.97
87.1416299828198	89.7459482032414	40788.275	3616.78	757148.6
97.2216411029754	99.9100000719999	45381.254	19209.609	847224.16
