0.0010500147002058	0.018719985024012	3.61	1.088	15.97
0.00195002730038221	0.0349199720640224	5.299	1.223	25.79
0.00383005362075069	0.0683999452800438	9.528	1.293	44.36
0.00570007980111722	0.101879918496065	18.064	1.47	64.55
0.0084801187216621	0.150299879760096	18.927	1.625	87.35
0.0186202606836496	0.320219743824205	41.49	2.532	174.75
0.0276803875254254	0.466559626752299	51.669	2.866	257.64
0.0640008960125442	0.993059205552636	134.948	5.35	574.63
0.0946213246985458	1.37159890272088	187.874	7.251	850.71
0.14148198074773	1.86155851075319	187.739	10.766	1390.55
0.210232943261206	2.41667806665755	332.862	14.864	1736.19
0.315064410901753	3.02777757777794	270.312	20.042	2846.27
0.475746660453246	3.5990971207223	321.782	32.612	4272.85
0.709179928518999	4.12325670139464	344.395	36.939	6327.44
2.40315364415102	6.05267515785987	500.617	112.333	22987.56
5.38937545125632	9.03905276875778	712.241	225.721	45530.6
8.08987325822562	11.7309506152395	1135.762	337.913	70408.03
12.1345598838384	15.7906673674661	1348.679	494.223	105069.2
18.204324860548	21.857022514382	1844.895	741.489	155078.54
27.3135523897335	30.9691552246758	2518.836	1114.789	240011.26
37.3041322578516	40.9649072280742	3504.993	1545.289	321424.92
47.3171224397142	50.9658792272966	4218.89	1992.206	410134.85
57.3065422915921	60.967031226375	5219.412	2388.653	496626.8
77.3094523323327	80.9453952436838	6900.794	3276.129	672493.93
87.3048622680718	90.9069472744422	7621.688	4044.322	759869.33
