0.00108001512021168	0.0194399844480124	3.558	1.147	17.12
0.00207002898040573	0.0368999704800236	5.399	1.306	24.76
0.00289004046056645	0.0516599586720331	7.699	1.508	30.12
0.00391005474076637	0.0698399441280447	8.735	1.718	45.8
0.0058800823211525	0.104219916624067	13.153	2.003	58.75
0.00914012796179147	0.160919871264103	21.484	3.151	77.54
0.0130801831225637	0.229139816688147	29.955	3.12	133.34
0.0193702711837966	0.333719733024214	50.431	4.105	160.32
0.0282103949455292	0.471599622720302	61.617	4.882	251.74
0.0423905934683086	0.690299447760442	81.408	5.891	422.07
0.0644309020326285	1.00709919432064	129.277	7.648	557.94
0.0965013510189143	1.39499888400089	177.629	9.639	773.27
0.116591632282852	1.49597880321696	175.538	11.092	813.67
0.212382973361627	2.43161805470556	254.141	16.847	2073.19
0.286714013996196	2.61485790811367	339.407	21.093	2477.04
0.412455774380841	2.87837769729784	383.707	25.38	3373.82
0.710479946719254	4.11497670801863	660.082	41.749	6580.27
1.06533491468881	4.62275630179496	914.236	57.067	10410.03
1.5990023860334	5.22323582141134	1244.166	78.809	13679.08
2.39780356924997	6.03863516909187	1443.115	111.299	20458.51
3.59881038334537	7.26389418888465	2223.587	160.903	33225.36
5.38857544005616	9.03095277523778	2907.547	245.192	45376.26
8.08690321664503	11.7377906097675	4197.661	351.596	72168.35
12.0554087757229	14.9754480196416	6064.464	524.919	108906.28
18.2080049120688	21.841182527054	8690.879	798.012	156396.85
27.3093323306526	30.9462952429638	14122.968	1145.3	234829.11
37.306172286412	40.9649072280742	17629.57	1596.948	321634.99
47.1965907522705	49.979840016128	21795.262	1978.5	408640.63
57.306212286972	60.965951227239	26550.904	2545.747	499948.48
67.3147424063937	70.9554032356774	70398.647	2825.588	589823.47
77.3040322564516	80.9344152524678	35655.915	3281.064	672003.23
87.1270497786969	89.6775482579614	39755.653	3666.762	756028.07
97.2236011304158	99.9026200779039	44369.382	4119.741	847233.53
