0.00107001498020972	0.0192599845920123	4.086	1.259	15.9
0.00217003038042533	0.0388799688960249	5.643	1.546	24.44
0.00280003920054881	0.0494999604000317	6.554	1.996	29.07
0.00395005530077421	0.0701999438400449	11.455	1.912	45.65
0.00615008610120542	0.10907991273607	42.081	2.251	52.95
0.00945013230185223	0.167579865936107	19.382	3.346	81.43
0.0126201766824736	0.220139823888141	24.595	3.391	120.34
0.0192502695037731	0.330839735328212	35.171	3.999	178.66
0.0279303910254744	0.473579621136303	69.029	5.397	284.54
0.0426205966883536	0.698939440848447	75.73	6.642	414.78
0.0626708773922835	0.981899214480628	105.125	7.589	587.72
0.0941913186784615	1.36853890516888	165.766	9.837	827.75
0.129191808685322	1.67435866051307	170.445	12.83	1110.64
0.21127295782141	2.42027806377755	228.367	18.542	1951.84
0.313584390181463	3.01985758411393	263.591	22.604	2433.8
0.475576658073213	3.61709710632231	385.045	34.93	4670.22
0.708689921658903	4.13999668800265	354.077	41.095	6447.99
1.06624492742898	4.63823628941097	368.844	55.721	10163.74
1.59665235313294	5.22449582040334	457.524	79.562	13243.41
2.40078361097055	6.01667518665985	572.153	115.789	20701.8
3.59154028156394	7.08767432986054	624.355	165.695	33074.05
5.2428734002276	7.87841369726904	629.718	231.439	45831.09
8.09200328804603	11.7489506008395	1046.589	360.873	74740.76
12.1361599062387	15.7750073799941	1353.078	525.033	104035.89
18.2064648905085	21.848202521438	1905.382	787.811	155238.22
27.3072623016722	30.9509752392198	2607.899	1183.887	231979.01
37.300942213191	40.9506872394502	3406.102	1603.404	321322.64
47.3139823957535	50.9608392313286	4268.386	2044.129	408778.49
57.3078123093723	60.949571240343	5237.917	2427.938	499416.97
67.3132123849734	70.9492832405734	5933.441	2892.229	589812.76
77.3127223781133	80.9569152344678	7614.897	3390.103	672996.94
87.3068822963521	90.9274672580262	7735.649	3846.908	761553.84
97.2006808095313	99.8097401522079	8412.941	4128.937	847245.98
