0.000970013580190123	0.0174599860320112	3.38	0.974	15.97
0.00177002478034692	0.0316799746560203	4.706	1.116	23.12
0.00316004424061937	0.0565199547840362	8.315	1.086	31.61
0.00403005642078989	0.0716399426880459	8.753	1.147	47.15
0.0058300816211427	0.103859916912066	36.443	1.378	64.55
0.00942013188184635	0.164879868096106	19.766	1.845	87.35
0.0131101835425696	0.227519817984146	24.23	1.754	123.03
0.0189502653037143	0.32813973748821	38.102	2.241	181.92
0.0281303938255136	0.476099619120305	65.598	3.019	257.42
0.0415705819881478	0.682019454384436	78.066	4.14	400.48
0.0628908804723266	0.977579217936626	147.671	5.293	574.63
0.0942013188184635	1.37591889926488	150.979	7.679	919.14
0.142541995587938	1.8714585028332	243.165	10.901	1225.18
0.210082941161176	2.40425807659354	266.952	14.819	1901.82
0.315994423921935	3.02237758209793	307.102	21.005	2840.54
0.475006650093101	3.60611711510631	512.9	27.769	4641.57
0.71341998787983	4.14863668109065	626.492	38.34	6166.76
1.066324928549	4.63517629185897	839.926	52.192	9980.67
1.34777886890416	3.72977701617839	888.98	56.766	8734.53
2.40083361167056	6.03377517297986	1557.135	107.233	22286.27
3.59916038824544	7.23851420918863	2111.313	153.411	33408.09
5.39333550669709	9.04643276285379	3022.356	223.673	46776.75
8.09293330106621	11.7233906212875	4913.1	341.899	68577.47
12.1372999221989	15.7782473774021	6078.843	502.463	105739.93
18.2067948951285	21.832182534254	9315.615	735.672	156391.16
27.3127123779733	30.9578152337478	14097.64	1133.163	238183.53
37.3132623856734	40.9550072359942	17461.964	1510.468	321904.75
47.3123023722332	50.9401392478886	22964.852	1950.942	409280.17
57.3071823005522	60.958931232855	28464.164	2329.762	499885.89
67.3097323362527	70.9503632397094	31778.306	2801.671	584860.79
77.3069622974722	80.9543952364838	36209.58	3237.337	671306.49
87.2481314738406	90.2967477626018	40556.522	3876.199	758433.84
97.1043894614525	99.5464003628797	45820.929	19343.158	844498.04
