0.000920012880180323	0.0165599867520106	3.289	1.071	15.8
0.00197002758038613	0.0352799717760226	5.216	1.166	23.12
0.00271003794053117	0.0485999611200311	7.317	1.195	28.83
0.00347004858068013	0.0613799508960393	7.993	1.242	46.07
0.00626008764122698	0.111419910864071	12.829	1.52	61.96
0.00930013020182283	0.165059867952106	18.329	1.732	81.43
0.012510175142452	0.216899826480139	27.892	1.893	129.05
0.0188802643237005	0.32777973777621	35.175	2.378	185.9
0.0275903862654077	0.4694396244483	49.744	2.825	247.68
0.0414305800281204	0.682019454384436	69.25	4.665	407.58
0.0628808803323247	0.977939217648626	114.39	5.703	583.67
0.0945513237185321	1.37645889883288	146.898	8.271	883.72
0.142201990827872	1.8698385041292	209.755	10.701	1217.99
0.211622962721478	2.42009806392155	248.79	14.729	2082.9
0.315504417061839	3.02687757849794	322.261	20.876	2623.78
0.473796633152864	3.60125711899431	372.68	26.515	4650.07
0.709469932579056	4.12559669952264	358.794	37.585	6235.07
1.066334928689	4.61825630539496	426.702	51.074	9764.17
1.58835223693132	5.04809596152323	442.612	73.591	13885.35
2.3903234645285	6.02423518061186	512.947	107.403	19767.34
3.59101027414384	7.24589420328464	599.831	153.653	31681.49
5.39213548989686	9.02753277797378	780.723	226.133	47090.59
8.09612334572684	11.7341906126475	1018.998	333.362	68229.48
12.1412599776397	15.7856273714981	1351.521	504.313	109698.13
18.2062448874284	21.849822520142	1832.415	762.852	160233.68
27.3107923510929	30.9363952508838	2588.864	1115.608	237084.96
37.3045422635917	40.9490672407462	3588.88	1511.35	326161.61
47.311332358653	50.9604792316166	4505.461	1980.206	412603.26
57.3094323320527	60.937331250135	5146.112	2362.433	496810.73
67.3048422677918	70.9552232358214	6009.355	2796.523	586529.21
77.3020622288712	80.8676353058918	7060.094	3250.777	673750.46
87.3118923664931	90.9487072410342	7957.921	4009.224	762439.95
97.1140895972544	99.5528803576957	8574.847	9022.552	845401.81
