0.000770010780150922	0.0138599889120089	3.764	1.248	16
0.0011500161002254	0.0205199835840131	3.438	1.17	11.49
0.00295004130057821	0.053099957520034	6.988	1.65	28.83
0.00401005614078597	0.0716399426880459	9.001	1.708	44.48
0.00584008176114466	0.104039916768067	12.186	2.075	60.22
0.00929013006182087	0.163979868816105	19.486	2.525	87.3
0.0130801831225637	0.228239817408146	26.899	2.994	125.94
0.019020266283728	0.32831973734421	48.544	3.625	184.48
0.0280503927054979	0.473579621136303	53.096	4.74	253.18
0.0422205910882752	0.684179452656438	123.497	5.929	393.33
0.0636308908324717	0.988199209440632	114.446	7.746	556.52
0.0929313010382145	1.34711892230486	148.676	10.046	829.37
0.140261963667491	1.86011851190519	203.923	13.307	1247.79
0.211482960761451	2.43089805528156	264.748	17.816	1625.02
0.317884450382305	3.01733758612993	316.139	23.015	2623.78
0.473156624192739	3.5954971236023	459.587	30.398	4207.18
0.711539961559462	4.10849671320263	643.482	43.169	7029.44
0.773400827611587	2.95163763868989	642.358	38.179	3235.23
1.60032240451366	5.23133581493135	1165.5	82.269	12989.12
2.40158362217071	6.03485517211586	1588.68	115.689	22674.31
3.5984703785853	7.23815420947663	2108.75	163.242	33454.21
5.40516567231941	9.05255275795779	2871.101	250.002	46562.62
8.09213328986606	11.7277106178315	4568.978	367.118	71047.32
12.1308798323177	15.7777073778341	7498.002	523.68	104992.94
18.2112949581294	21.848022521582	10700.995	803.225	156301.15
27.3121423699932	30.9689752248198	13173.275	1159.18	240203.63
37.316362429074	40.9555472355622	17510.73	1590.271	322061.56
47.3057422803919	50.9500392399686	22887.653	2089.202	411035.58
57.3135923902935	60.945791243367	35020.383	2458.72	501578.65
67.3129323810533	70.9372232502214	34728.9	2838.08	588040.67
77.3123823733532	80.9434152452678	35462.842	3250.584	672871.38
87.3109423531929	90.9368272505382	40978.558	3688.915	761154.37
97.2250011500161	99.9096400722879	45067.736	4120.156	847229.66
