0.00103001442020188	0.0185399851680119	7.2	1.33	14.53
0.00184002576036065	0.0331199735040212	11.466	1.351	24.44
0.00301004214058997	0.0538199569440344	17.786	1.551	34.5
0.00380005320074481	0.0680399455680435	24.153	1.681	45.8
0.00607008498118974	0.108179913456069	34.126	2.387	54.66
0.00890012460174442	0.1569598744321	52.018	2.597	88.95
0.0133901874626245	0.235259811792151	77.7	3.409	107.49
0.0189702655837182	0.326519738784209	105.648	3.922	167.71
0.0278303896254548	0.469799624160301	166.135	4.933	284.54
0.0409405731680244	0.67211946230443	230.278	7.826	377.5
0.0509307130299824	0.732599413920469	313.424	7.224	186.28
0.0626808775322854	0.970919223264621	326.017	9.385	489.38
0.140111961567462	1.84445852443318	639.233	13.663	1386.62
0.210882952361333	2.41847806521755	759.483	18.007	2010.13
0.316674433442068	3.00815759347393	874.966	27.219	3017.53
0.474136637912931	3.5926171259063	1065.941	32.47	4429.44
0.710619948679281	4.13513669189065	1153.26	44.347	6988.36
1.06591492280892	4.62995629603496	1426.035	64.426	8872.28
1.59751236517311	5.23115581507535	1404.208	85.901	14679.2
2.39650355104971	6.02459518032386	1652.057	126.871	22325.96
3.59434032076449	7.23131421494863	2058.101	185.809	31592.13
5.39230549227689	9.03851276918978	2721.521	259.05	45825.58
8.08387317422444	11.7338306129355	3478.45	384.698	68134.26
12.1315398415578	15.7780673775461	4954.075	555.807	105512.21
18.2061648863084	21.83596253123	6392.075	830.846	154897.49
27.3129323810533	30.9421552462758	9454.739	1233.303	237444.96
37.3025822361513	40.9490672407462	12362.954	1675.702	321427.79
47.3065422915921	50.9480592415526	15975.933	2161.682	410262.89
57.3150724110138	60.964691228247	22517.169	2563.613	496573.82
67.2700217803049	70.4622036302371	21398.157	3022.585	585189.44
77.3057222801119	80.9498952400838	24643.41	3458.297	672259.52
87.3147824069537	90.9733672213062	27453.872	3896.552	761322.01
96.969157568206	99.2184406252475	30010.708	4515.265	842144.13
