0.000890012460174442	0.0158399873280101	3.308	1.125	15.9
0.00199002786039005	0.0358199713440229	5.111	1.342	24.71
0.00302004228059193	0.0541799566560347	7.608	1.574	30.49
0.00411005754080557	0.0737999409600472	9.048	1.73	37.34
0.00621008694121718	0.10979991216007	12.838	2.289	58.68
0.00917012838179735	0.161819870544104	23.169	2.832	90.42
0.0131701843825814	0.230939815248148	28.153	3.058	132.04
0.018770262783679	0.323099741520207	35.754	3.66	167.69
0.0283803973255626	0.479699616240307	54.836	4.932	267.82
0.0398705581878146	0.644219484624412	70.359	5.454	333.41
0.0624908748722482	0.974699220240624	106.607	7.742	574.63
0.0847711867966151	1.0945791243367	146.414	8.423	277.67
0.0941413179784517	1.37717889825688	213.305	9.934	928.07
0.209422931921047	2.41379806896154	280.19	17.583	1904.7
0.315394415521817	3.03047757561794	407.693	22.971	3010.07
0.476266667733348	3.61979710416232	464.272	30.55	4329.61
0.707349902898641	4.11029671176263	660.685	41.334	6600.35
1.06305488276836	4.62221630222696	853.22	57.648	10067.32
1.60081241137376	5.23043581565135	1198.116	80.405	13859.79
2.40297364163098	6.03737517009986	1529.155	112.718	22221.88
3.59511033154464	7.23563421149263	2080.43	163.501	30941.93
5.39480552727738	9.04877276098179	2991.576	246.089	50459.39
8.09061326858576	11.7482306014155	4252.594	355.514	71984.71
12.1316298428178	15.7701473838821	6105.43	522.942	104890.7
18.2033548469679	21.853422517262	8769.131	788.748	153588.89
27.3037822529515	30.9471952422438	12837.506	1160.524	231252.85
37.3050522707318	40.9523072381542	17940.964	1614.397	321193.35
47.3098723382127	50.9498592401126	22332.928	1994.334	409281.25
57.3097523365327	60.952091238327	26888.26	2417.852	498663.24
67.1780904932669	69.9016840786527	30919.751	2823.141	587103.19
77.3120323684532	80.9437752449798	36238.526	3205.84	672285.23
87.0495486936817	89.4505684395453	39985.066	3672.246	755327.46
97.1064094897329	99.5483803612957	45927.216	4125.095	844534.83
