0.00111001554021756	0.0199799840160128	3.989	1.404	15.92
0.00231003234045277	0.0413999668800265	5.928	1.62	23.15
0.00300004200058801	0.0538199569440344	7.205	1.919	31.57
0.00401005614078597	0.071819942544046	16.279	1.851	44.36
0.00614008596120346	0.108179913456069	20.045	2.369	60.22
0.00682009548133674	0.118259905392076	13.451	2.372	30.22
0.00936013104183459	0.165599867520106	18.583	2.65	87.6
0.0189002646037045	0.32777973777621	33.817	3.779	180.42
0.0271403799653195	0.460439631648295	67.548	4.429	236.31
0.0422505915082811	0.685979451216439	73.466	6.337	408.91
0.0636508911124756	0.987839209728632	103.415	8.666	549.11
0.0930813031382439	1.35359891712087	177.064	9.432	876.43
0.100791411079755	1.28267897385682	171.872	9.476	277.67
0.211982967761549	2.42567805945755	264.113	18.54	1901.82
0.316344428822004	3.01985758411393	318.956	24.298	2784.85
0.473166624332741	3.5992771205783	336.178	30.731	4656.97
0.711219957079399	4.12541669966664	332.928	43.855	6478.05
1.061244857428	4.62941629646696	401.92	55.657	8852.25
1.59397231561242	5.24357580513936	457.566	80.415	14071.75
2.39582354152958	6.00695519443584	471.188	113.332	22560.32
3.59964039496553	7.25183419853264	589.505	163.981	31729.14
5.39000546007644	8.93663285069372	842.087	241.939	49856.66
8.08346316848436	11.7260906191275	1063.301	359.396	70682.75
12.1314898408578	15.7724873820101	1273.989	522.863	103786.51
18.2047948671281	21.849642520286	1922.238	789.606	159835.52
27.3073523029322	30.9448552441158	2673.286	1175.773	236688.39
37.3053022742318	40.9602272318182	3494.531	1614.238	321465.71
47.3048722682118	50.9561592350726	4330.615	2017.103	411407.63
57.3133123863734	60.929771256183	5235.951	2480.328	498019.92
67.316142425994	70.9456832434534	6264.803	2886.159	589722.92
77.0054380761331	79.3541965166428	6764.959	3290.971	667803.59
87.3070322984522	90.9377272498182	7734.755	3775.967	760507.16
97.1141995987944	99.5701603438717	8312.349	4141.018	844707.81
