0.00211002954041357	0.0370799703360237	5.092	1.21	13.01
0.00218003052042729	0.039059968752025	5.953	1.157	25.76
0.00418005852081929	0.0739799408160473	9.011	1.285	42.76
0.00537007518105254	0.0952199238240609	11.119	1.422	53.17
0.0271603802453234	0.455219635824291	62.23	3.464	251.94
0.0419905878682302	0.682739453808437	96.761	4.022	384.72
0.0633908874724246	0.981359214912628	103.331	5.425	559.48
0.142291992087889	1.8725385019692	201.075	10.158	1274.81
0.318144454022356	3.03317757345794	297.256	20.347	2970.47
0.473566629932819	3.58361713310629	338.815	25.742	4512.01
1.59914238799343	5.22593581925134	433.209	74.867	14694.48
5.39504553063743	9.0545327563738	816.105	240.324	49781.76
8.08546319648475	11.7363506109195	1028.989	343.868	71215.79
37.316372429214	40.9636472290822	3897.4	1549.87	324743.86
67.311342358793	70.9410032471974	5890.136	2844.511	587582.67
77.3027722388113	80.9207352634118	6888.512	3247.882	673952.34
97.1089995259934	99.5554003556797	9752.806	9275.533	844592.01
