0.00109001526021364	0.0194399844480124	7.005	0.911	15.9
0.00195002730038221	0.0347399722080222	11.537	0.988	24.62
0.00302004228059193	0.0539999568000346	17.709	1.166	33.33
0.00385005390075461	0.068759944992044	52.38	1.362	46.07
0.00631008834123678	0.111779910576072	35.343	1.379	60.22
0.00717010038140534	0.12437990049608	40.006	1.539	30.22
0.00972013608190515	0.17171986262411	58.741	1.677	87.6
0.0185502597036359	0.317159746272203	120.656	2.389	184.48
0.0275403855653979	0.462059630352296	165.058	3.352	233.57
0.0414805807281302	0.680399455680435	266.365	5.038	383.37
0.0633208864924109	0.98387921289663	379.311	7.039	519.15
0.0870212182970562	1.12517909985672	507.442	7.913	277.67
0.0947413263785693	1.36133891092887	445.315	8.517	850.71
0.21107295502137	2.41469806824155	827.818	15.806	2010.13
0.315544417621847	3.01661758670593	879.194	22.069	3102.87
0.472276611872566	3.5882971293623	1070.015	28.864	4500.63
0.711569961979468	4.12919669664264	1252.945	38.546	6796.54
1.06563491888886	4.64579628336297	1547.744	57.038	9915.62
1.59905238673341	5.21423582861134	1534.607	75.489	15147.99
2.39713355986984	6.05087515929987	1747.266	115.828	22224.67
3.59346030844432	7.24121420702863	2164.584	173.434	30253.3
5.39773556829796	9.02501277998978	2863.591	239.739	46687.46
8.01546221647103	10.954611236311	3242.683	344.901	72721.68
12.1335398695582	15.7660073871941	4761.2	581.52	104682.06
18.1993347906871	21.85846251323	6679.694	799.911	156545.25
27.3088123233725	30.9403552477158	10624.615	1328.546	236314.88
37.3069522973322	40.9514072388742	12388.608	1593.645	324255.96
47.3155224173138	50.9458992432806	15052.178	2124.842	410197.22
57.3098123373727	60.946151243079	18532.733	2463.217	497814.23
67.3087523225325	70.9419032464774	21835.564	2978.611	582771.2
77.3048922684918	80.9448552441158	24661.986	3344.585	671477.05
87.3107123499729	90.9238672609062	28188.877	4046.928	762366.33
97.0505287074019	99.4054604756316	32249.479	8038.719	843425.24
