0.000869999304000557	0.01565998747201	11.893	1.342	351.37
0.00184999852000118	0.0332999733600213	12.284	1.493	687.7
0.00260999791200167	0.0469799624160301	17.351	1.804	1112.65
0.00298999760800191	0.0538199569440344	20.866	1.834	1253.8
0.00492999605600316	0.0887399290080568	49.771	2.231	2205.35
0.00564999548000362	0.101699918640065	35.658	2.623	2511.68
0.00980999215200628	0.176039859168113	56.852	3.358	3841.37
0.0137199890240088	0.246779802576158	117.162	3.993	5801.78
0.0226499818800145	0.40553967556826	208.634	5.394	8494.95
0.0257299794160165	0.461699630640296	186.704	5.623	9186.09
0.0509499592400326	0.909899272080582	387.837	8.895	18205.54
0.0651899478480417	1.16045907163274	429.386	10.374	24546.05
0.0705199435840451	1.2538789968968	425.6	11.606	26551.71
0.116389906888074	2.04839836128131	710.698	18.503	38527.43
0.276719778624177	4.82597613921909	1568.787	35.94	89131.61
0.301829758536193	5.1609558712353	1770.342	40.339	89309.25
0.367979705616235	6.17849505720395	1885.233	49.664	115826.65
0.626349498920401	10.1422718861825	2917.622	80.452	185298.11
0.946419242864606	14.5511883590493	5393.081	143.029	348216.58
1.45142883885693	20.7075434339653	5052.172	228.319	446148.87
2.66418786864971	33.7544729964216	7102.648	371.519	597753.24
3.45625723499421	37.8653097077522	5346.062	418.371	646241.26
5.48157561473951	48.7385610091512	5253.59	548.495	722676.25
8.05154355876515	55.7788953768837	5274.185	630.792	740860.55
15.7447874041701	79.2832765733787	5857.691	913.053	731481.4
25.5266995786403	94.4142444686044	5338.989	1105.494	752749.9
34.8272121382303	98.3467013226389	5018.138	1228.803	773452.66
43.1068355145316	98.8600609119513	5176.518	1252.642	791891.93
48.5682111454311	97.6007819193745	5571.093	1261.375	804491.89
59.1405126875898	99.9069400744479	5282.938	1334.641	827713.29
66.2306770154584	99.982540013968	5371.946	1371.4	843020.34
73.0703415437268	100.0	5522.76	1394.192	858239.98
78.6791570566744	100.0	5337.01	1397.546	870581.79
