0.00074999940000048	0.0134999892000086	5.577	1.071	307.69
0.00170999863200109	0.0307799753760197	10.947	1.186	687.7
0.00221999822400142	0.0399599680320256	40.816	1.282	817.8
0.00250999799200161	0.0451799638560289	15.784	1.34	1014.48
0.00331999734400212	0.0597599521920382	19.387	1.36	1214.62
0.00507999593600325	0.0914399268480585	30.026	1.661	1960.5
0.00995999203200637	0.179279856576115	61.268	2.352	4002.4
0.0160099871920102	0.287819769744184	97.542	3.079	7117.06
0.0207499834000133	0.371339702928238	129.776	3.37	8468.76
0.0362399710080232	0.650879479296417	202.95	5.058	12082.02
0.0487799609760312	0.872099302320558	303.386	6.541	18533.44
0.0810399351680519	1.44449884440092	491.032	10.594	31775.5
0.10937991249607	1.92977845617724	681.431	14.092	38792.79
0.115169907864074	2.04425836459331	716.869	14.65	48227.39
0.262889789688168	4.58333633333093	1570.985	31.553	81567.28
0.302039758368193	5.16419586864331	1669.913	36.951	89309.25
0.483419613264309	8.10755351395719	2590.953	55.576	149766.34
0.724299420560464	11.6967506425995	3432.459	83.644	286285.12
0.87534929972056	13.5016091987126	3755.6	132.364	306943.69
2.12704829836136	30.2297158162273	7523.691	326.345	532250.63
2.6559878752097	33.6639330688535	6690.002	353.411	596876.58
4.64286628570697	50.5905795275364	7002.336	538.971	700876.24
5.27413578069138	47.1894822484142	4970.735	506.43	718150.67
9.14457268434185	62.1219103024718	5407.648	693.619	735210.45
12.517739985808	64.3310485351612	5338.934	723.206	724627.96
25.3043097565522	93.3119253504597	5536.132	2747.52	752033.53
34.344932524054	96.93586245131	5282.819	2903.506	772628.58
38.7152790277768	92.130226295819	5722.311	1134.887	782190.63
50.5789895368084	99.1527406778075	5202.916	2977.388	808854.23
59.2123726301019	99.9186400650879	5067.958	3030.039	828351.17
66.3797168962265	99.987760009792	5244.309	3072.242	843425.46
73.0672515461988	100.0	5190.309	3124.305	858200.62
78.6748270601384	100.0	5251.494	3118.684	870643.9
