0.000549999560000352	0.00989999208000634	6.008	0.886	212.24
0.00165999867200106	0.0298799760960191	11.219	1.008	620.58
0.0017199986240011	0.0307799753760197	11.002	1.118	778.4
0.00315999747200202	0.0568799544960364	17.957	1.195	1202.86
0.00391999686400251	0.0705599435520452	24.775	1.249	1359.53
0.0071799942560046	0.129239896608083	43.106	1.584	3287.96
0.00887999289600568	0.159839872128102	55.585	1.987	3545.71
0.0154299876560099	0.277199778240177	92.827	2.812	5699.35
0.0243699805040156	0.43775964979228	156.121	3.592	9182.36
0.0350899719280225	0.629459496432403	233.334	4.789	12082.02
0.0476999618400305	0.849239320608544	274.384	6.35	18043.24
0.0581099535120372	1.03841916926466	429.161	7.471	20994.87
0.103259917392066	1.82879853696117	627.011	12.605	38149.52
0.122009902392078	2.15009827992138	691.603	15.102	41441.27
0.201029839176129	3.50189719848224	1255.894	24.201	69433.79
0.364439708448233	6.23303501357199	1953.615	45.429	118118.82
0.516699586640331	8.65421307662954	2650.783	60.642	159898.38
0.882589293928565	14.2280886175291	4157.098	135.946	309365.71
1.30626895498484	18.74842500126	4612.968	194.155	403927.22
1.4047388762089	21.5674027460778	5871.38	220.13	430402.69
3.22332742133806	41.1342870925703	8201.96	428.447	631027.16
3.84451692438646	41.7446666042667	5579.978	455.663	674011.82
7.14534428372457	63.5728891416887	5942.86	675.73	739386.55
7.58431393254885	53.2547573961941	5268.57	588.799	740880.81
15.7570073943941	79.3541965166428	5884.984	899.868	731503.25
22.4618820304944	81.8736545010764	5836.09	947.405	746763.64
34.437152450278	97.2082022334382	5218.232	2877.483	772740.98
43.5744451404439	99.4675604259517	5019.762	2924.862	793028.73
49.0440307647754	98.0036215971027	4999.016	2906.247	805598.42
59.5739723408221	99.970480023616	5102.766	2986.748	829093.32
66.4097068722345	99.989020008784	5028.814	2993.483	844333.8
72.6650418679665	99.997660001872	5029.565	3023.118	857740.53
78.6857770513784	100.0	5070.112	3008.765	870595.27
