0.000649999480000416	0.0116999906400075	4.988	1.027	236.12
0.00212999829600136	0.0383399693280245	14.49	1.657	719.26
0.00245999803200157	0.0442799645760283	17.187	1.753	943.73
0.00285999771200183	0.0514799588160329	18.372	1.582	1198.94
0.00461999630400296	0.0829799336160531	29.393	2.055	1796.96
0.00690999447200442	0.12437990049608	60.146	2.553	2786.35
0.00711999430400456	0.127979897616082	42.299	2.493	2627.81
0.0162899869680104	0.292319766144187	116.934	4.276	6834.14
0.0212999829600136	0.381959694432244	149.896	4.893	8992.02
0.0301599758720193	0.539819568144346	190.53	6.125	12034.08
0.0521099583120333	0.933119253504597	285.325	8.892	19863.41
0.0717799425760459	1.28069897544082	467.517	11.879	27135.01
0.100759919392064	1.78955856835315	659.348	15.333	38149.52
0.121409902872078	2.14217828625737	704.479	17.43	41441.27
0.198589841128127	3.45455723635421	1162.831	27.123	62102.24
0.309039752768198	5.29361576510739	1703.819	42.334	100291.29
0.589249528600377	9.8413121269503	3074.676	77.716	163137.15
0.598269521384383	9.6841722526622	2991.338	72.892	169338.36
1.18596905122476	18.1591054727156	4854.139	199.355	398665.18
2.04144836684131	28.9401968478425	7017.656	306.835	529528.6
2.88962768829785	36.5306107755114	7385.548	417.859	618461.6
4.86957610433912	53.4390772487382	9164.619	599.014	707768.32
5.02724597820322	45.328103737517	6683.575	510.17	710802.49
8.5915231267815	58.8176529458776	5297.458	654.571	738965.68
16.9890264087789	87.503509997192	5886.583	997.995	733948.2
23.1434114852708	84.2424526060379	5837.848	975.348	748309.73
34.0923427261258	96.2198230241416	5436.223	1137.864	772227.54
43.5413951668839	99.4364204508636	5063.97	1199.848	792764.93
51.8688885048892	99.8605001115999	5299.262	1282.761	811722.26
59.2212326230139	99.920080063936	5172.371	1263.909	828360.25
66.1135171091863	99.978760016992	5315.467	1301.15	843617.6
72.9707916233667	99.999820000144	5351.52	1314.295	858070.77
78.6755070595944	100.0	5786.236	1318.538	870638.12
