0.000809999352000518	0.0145799883360093	6.066	1.068	311.66
0.00131999894400084	0.0237599809920152	8.903	1.218	561.3
0.00206999834400132	0.0372599701920238	12.701	1.419	778.4
0.00345999723200221	0.0622799501760399	21.234	1.75	1480.86
0.00473999620800303	0.0853199317440546	29.231	2.014	1800.86
0.00712999429600456	0.128339897328082	44.518	3.267	2794.08
0.0104599916320067	0.18755984995212	64.104	3.229	4247.49
0.0139099888720089	0.24983980012816	81.405	3.889	5577.7
0.0149199880640095	0.267299786160171	96.849	3.914	5801.78
0.0374099700720239	0.670859463312429	272.342	7.736	14744.71
0.0435999651200279	0.780299375760499	271.212	7.84	16748.69
0.0814299348560521	1.45241883806493	493.645	14.947	31775.5
0.0925499259600592	1.64249868600105	562.704	16.204	33013.83
0.18807984953612	3.31055735155412	1342.257	26.264	62163.46
0.260679791456167	4.5379763696189	1596.344	35.053	97788.51
0.379919696064243	6.51707478634017	3358.919	49.434	116209.42
0.572459542032366	9.57635233891813	2930.313	75.771	163078.93
0.934409252472598	15.0823679341057	4368.267	152.906	337346.53
1.33008893592885	20.324503740397	5542.735	219.371	411787.73
1.75968859224913	24.9168400665279	5894.105	276.894	497419.87
2.58229793416165	32.6978738417009	6428.731	359.813	590190.96
3.81328694937044	41.4048268761385	5725.034	451.857	672842.36
6.0875051299959	53.6388770888983	5552.359	612.538	733496.3
7.62718389825288	53.4783172173462	5071.832	597.869	740951.98
13.4833892132886	68.1751254598996	5395.417	777.448	726925.87
20.5227335818131	75.8027993577605	5966.549	883.143	742377.76
30.8100653519477	87.8892496886002	5910.372	1037.122	764714.54
41.9717564225949	97.2253022197582	5363.502	1191.536	789965.39
50.8990292807766	99.3617205106236	5294.498	1239.739	809458.78
59.5075723939421	99.960760031392	5466.291	1257.308	828752.95
66.1157271074183	99.978760016992	5410.526	1295.367	843624.52
72.9541716366627	99.998740001008	5465.991	1325.276	858358.89
78.6554370756503	100.0	5338.894	1319.707	870605.51
