0.000909999272000582	0.0163799868960105	6.381	1.1	311.66
0.00142999885600092	0.0257399794080165	10.301	1.011	561.3
0.00169999864000109	0.0304199756640195	11.751	1.055	664.02
0.00364999708000234	0.0656999474400421	31.368	1.401	1355.61
0.00512999589600328	0.0923399261280591	29.305	1.42	1800.86
0.0074999940000048	0.134999892000086	42.448	1.607	3426.51
0.0107499914000069	0.193319845344124	65.716	2.072	4912.07
0.0154899876080099	0.278459777232178	88.598	2.549	7117.06
0.0247299802160158	0.443879644896284	185.423	3.785	8150.2
0.037449970040024	0.67175946259243	223.642	5.309	13574.3
0.0518499585200332	0.927539257968594	307.593	7.035	22631.08
0.0726799418560465	1.29383896492883	454.913	9.525	27135.01
0.0803499357200514	1.42487886009691	497.73	10.111	28396.13
0.173809860952111	3.05981755214596	1025.945	21.221	66680.51
0.269969784024173	4.63121629502696	1573.636	34.201	86539.47
0.270039783968173	4.70771623382701	1541.577	32.613	80104.18
0.506549594760324	8.46359322912542	3311.143	60.058	154644.47
0.823109341512527	13.2521293982965	3968.652	129.132	323873.05
1.33188893448885	20.366443706845	5470.432	211.123	413085.57
2.11535830771335	30.0498959600832	7363.598	333.795	530700.25
2.20994823204141	28.2594373924501	6136.128	292.699	542318.84
4.63204629436296	50.4337996529603	6629.971	545.373	700590.93
6.68841464926828	58.9015328787737	5690.542	627.18	737618
8.68637305090156	59.369892504086	5255.752	661.29	738368.32
17.0664363468509	88.0593495525204	5790.796	972.976	734138.96
21.6679626656299	79.3243165405468	5831.232	926.793	744965.59
34.7975621619503	98.2541813966549	5002.012	2862.483	773388.65
39.7882781693775	93.8564249148601	5669.954	2814.297	784671.42
48.7415210067832	97.7451418038866	5136.765	2885.789	804887.01
59.356452514838	99.940780047376	5161.657	2979.619	828675.86
66.6426666858667	99.995320003744	5127.093	2972.608	844842.73
72.9379816496147	99.998560001152	5183.742	3047.503	858338
78.6660270671783	100.0	5037.538	3040.622	870523.18
