0.000769999384000493	0.0138599889120089	6.041	1.316	343.43
0.0010999991200007	0.0197999841600127	7.565	1.228	462.38
0.00195999843200125	0.0352799717760226	16.274	1.45	762.63
0.00350999719200225	0.0631799494560404	22.002	1.812	1343.87
0.00504999596000323	0.0908999272800582	36.231	2.184	2205.35
0.00637999489600408	0.114659908272073	42.926	3.105	2670.37
0.00650999479200417	0.116999906400075	40.626	2.461	2627.81
0.0157199874240101	0.282599773920181	105.167	4.258	6830.37
0.0210999831200135	0.378539697168242	161.291	4.979	8468.76
0.0271799782560174	0.487079610336312	171.932	5.921	9186.09
0.0518999584800332	0.928439257248594	316.132	8.982	18205.54
0.0784099372720502	1.39589888328089	482.823	12.665	29052.69
0.122359902112078	2.16899826480139	756.709	17.188	46397.23
0.185529851576119	3.26447738841809	1182.088	26.551	67091.88
0.215419827664138	3.7495770003384	1308.477	29.376	75053.89
0.42123966300827	7.21961422430862	2357.54	57.696	126786.92
0.583269533384373	9.75203219837424	3000.115	74.091	195659.02
0.623089501528399	10.0862919309665	3096.007	81.299	179562.11
1.00716919426464	15.4326476538819	4321.007	149.37	335433.94
1.8711185031052	26.4732988213609	6119.157	280.787	516584.22
2.19913824068941	28.124257500594	5678.601	297.916	540092.01
4.72170622263502	51.553218757425	6974.025	577.342	699635.91
7.1882342494126	64.064468748425	6148.006	700.12	739612.11
8.24490340407728	56.8520545183564	5208.747	628.705	740396.01
15.666847466522	78.8521769182585	5887.477	893.845	731366.38
24.3603605117116	88.9458488433209	6118.184	1044.466	750036.71
33.3703333037334	94.2868045705563	5598.446	1099.128	770355.98
38.5212391830087	91.8254865396108	5882.368	1110.025	781727.88
51.8498085201532	99.8486201211039	5314.929	1258.664	811674.37
56.8880344895724	99.3329205336636	5313.376	1237.8	822613.15
65.586057531154	99.95320003744	5515.531	1287.231	842193.3
72.8869116904707	99.99910000072	5365.532	1320.837	858023.55
78.6633370693303	100.0	5378.102	1336.96	870622.75
