0.000809999352000518	0.0145799883360093	6.237	1.092	347.4
0.0012499990000008	0.0224999820000144	22.271	1.209	446.53
0.00165999867200106	0.0298799760960191	10.742	1.394	664.02
0.00305999755200196	0.0550799559360352	28.892	1.377	1253.8
0.00482999613600309	0.0869399304480556	39.444	1.586	1796.96
0.00653999476800419	0.117719905824075	42.202	1.717	2565.89
0.00755999395200484	0.135899891280087	54.682	2.217	2817.26
0.0134799892160086	0.242099806320155	105.059	2.933	5144.37
0.0252799797760162	0.453959636832291	149.422	3.903	9610.91
0.0318999744800204	0.570059543952365	200.218	4.806	12269.9
0.0322199742240206	0.577259538192369	197.535	4.737	12045.17
0.0648899480880415	1.15703907436874	364.026	8.324	25051.1
0.0882099294320565	1.564378748497	537.606	12.343	29370.56
0.146749882600094	2.58173793460965	805.205	19.222	53355.24
0.167779865776107	2.93363765308988	1028.39	21.272	55971.17
0.303509757192194	5.19713584229133	2064.162	38.743	99511.77
0.6245695003444	10.4687916249667	3353.978	76.735	176920.57
0.872329302136558	14.048448761241	4099.266	139.359	346513.46
1.11785910571272	17.1086263130989	4794.628	158.35	385921.31
2.05093835924931	29.1129967096026	6780.892	299.872	524447.01
2.5060579951536	31.7399146080683	6451.704	348.605	582875.59
4.92743605805115	54.1509766792187	7481.886	585.191	709025.03
6.74207460634031	59.390232487814	5957.892	664.125	737836.63
11.2310610151512	77.9869176104659	6151.367	845.173	721708.09
12.0231903814477	62.4198100641519	5189.948	711.147	723433.95
20.0713239429408	74.5433403653277	5618.989	869.128	741378.82
34.8397121282303	98.3479613216309	4917.675	2897.729	773740.82
38.3790692967446	91.6037267170186	5921.172	1145.669	781407.73
51.8288785368972	99.8378201297439	4964.729	2982.213	811706.07
59.4502324398141	99.953920036864	5081.151	3020.662	828731.91
66.0447571641943	99.974260020592	5109.403	3046.578	843400.43
72.9406716474627	99.999280000576	5202.038	3091.752	858053.33
78.6862970509624	100.0	5315.075	3130.073	870619.8
