0.000719999424000461	0.0129599896320083	6.941	1.251	236.12
0.00147999881600095	0.0266399786880171	10.174	1.488	600.83
0.00229999816000147	0.0413999668800265	16.053	1.717	904.4
0.00346999722400222	0.06245995003204	21.59	1.996	1480.86
0.00487999609600312	0.0878399297280562	28.343	2.248	1835.92
0.00653999476800419	0.117719905824075	44.869	2.673	2670.37
0.010949991240007	0.196559842752126	66.472	3.8	4713.79
0.0167999865600108	0.302219758224193	154.952	4.615	6294.08
0.0183499853200117	0.329759736192211	111.96	5.103	6981.18
0.034329972536022	0.615239507808394	248.807	7.152	12321.45
0.0538099569520344	0.964439228448617	309.582	10.153	21737.59
0.0721199423040462	1.28519897184082	476.4	11.572	27135.01
0.12435990051208	2.20859823312141	771.366	17.738	42916.26
0.173659861072111	3.05999755200196	1608.574	24.482	69672.45
0.262879789696168	4.58603633117094	1442.943	37.408	81567.28
0.362319710144232	6.20729503416397	2027.588	47.41	118118.82
0.607329514136389	10.1651318678945	3164.862	77.788	176884.45
0.744269404584476	11.9975304019757	3634.273	129.042	291476.85
1.35917891265687	20.8036633570693	5687.001	220.05	441742.41
1.36316890946487	19.4869644104285	4814.662	219.353	418436.29
2.26649818680145	28.9076168739065	5836.554	299.586	544412.04
4.08280673375461	44.2909445672443	5770.249	482.483	686450.72
6.16569506744395	54.3158565473148	5617.041	615.359	733901.83
10.7920213663829	74.0865007307994	6193.653	836.645	725040.04
15.9359872512102	80.4008956792835	5913.979	934.734	731868.27
20.8879032896774	76.8804584956332	5988.419	910.12	743248.11
33.8201529438776	95.4913636069091	5510.094	1171.022	771224.67
43.0368555705155	98.7616009907192	6380.023	1233.898	791820.75
48.7050710359432	97.7185018251985	5879.487	1264.478	804806
59.5893623285101	99.973540021168	13624.251	1338.147	829109.98
65.2942177646258	99.933760052992	5460.761	1371.392	841491.17
72.5105219915824	99.99730000216	5544.361	1381.54	857223.58
78.6586770730583	100.0	5431.273	1403.064	870612.06
