0.000699999440000448	0.0125999899200081	5.419	1.104	287.82
0.00170999863200109	0.0307799753760197	21.252	1.381	719.26
0.00266999786400171	0.0478799616960306	16.515	1.55	912.27
0.00274999780000176	0.0494999604000317	17.006	1.675	1073.4
0.00397999681600255	0.0716399426880459	24.908	1.878	1687.8
0.00694999444000445	0.12491990006408	40.013	2.599	2674.23
0.00746999402400478	0.134459892432086	43.695	2.695	2921.68
0.0122199902240078	0.219599824320141	81.221	3.629	4232.18
0.0207099834320133	0.371339702928238	142.617	5.123	8116.46
0.0324799740160208	0.582299534160373	215.628	6.803	13310.35
0.0451099639120289	0.805319355744515	316.911	8.085	16748.69
0.0789899368080506	1.4054388756489	489.853	13.344	31758.19
0.0961399230880615	1.70477863617709	591.887	14.121	35389.24
0.157229874216101	2.76767778585777	962.614	22.932	55447.6
0.160769871384103	2.8087177530258	1150.87	22.235	56353.09
0.389359688512249	6.65819467344426	2216.866	52.754	140944.94
0.541459566832347	9.05399275680579	2797.616	67.624	165623.33
0.635209491832406	10.2830317735746	3181.979	79.332	192226.73
1.11270910983271	17.0236663810669	4376.359	162.183	384940.97
2.10675831459335	29.9577360338112	7293.28	326.417	534061.38
2.22973821620943	28.5126971898422	5834.504	309.172	543401.03
4.88940608847513	53.6941370446904	7751.874	587.441	708325.61
6.07391514086789	53.4918172065462	5468.046	595.047	733377.33
10.2366918106466	69.5843443325245	7980.149	763.405	729404.44
16.4510168391865	83.5611531510775	6239.177	957.557	732752.54
25.7132694293845	95.337283730173	5519.727	1100.997	753669.21
30.5817455346036	87.3569901144079	6126.114	1055.887	764206.56
43.5495951603239	99.4330004535996	5157.688	1229.689	793431.99
51.6679686656251	99.7705001835999	5365.082	1262.55	811408.35
59.321372542902	99.933040053568	5327.54	1268.143	828103.58
66.1172171062263	99.978940016848	5417.286	1278.696	843626.21
73.0091015927187	99.999460000432	5528.28	1309.626	858360.8
78.6848770520984	100.0	5313.515	1308.929	870590.6
