0.00074999940000048	0.0134999892000086	5.651	1.077	315.63
0.00179999856000115	0.0323999740800207	34.437	1.433	687.7
0.00195999843200125	0.0350999719200225	13.774	1.44	868.98
0.00334999732000214	0.0602999517600386	20.252	1.752	1206.78
0.0039099968720025	0.070379943696045	27.314	1.861	1687.8
0.00578999536800371	0.104219916624067	43.548	2.332	2030.51
0.00759999392000486	0.136799890560088	87.563	2.868	2817.26
0.0153399877280098	0.276119779104177	98.14	4.101	5703.14
0.0157499874000101	0.283139773488181	107.663	4.646	5976.13
0.0342199726240219	0.613619509104393	216.908	6.843	14843.2
0.0551099559120353	0.985499211600631	345.248	9.446	20035.46
0.0707399434080453	1.25909899272081	512.732	10.956	26073.5
0.0833799332960534	1.47977881617695	543.291	12.79	32371.25
0.185519851584119	3.26411738870609	1063.616	25.959	62066.8
0.269789784168173	4.69817624145901	1558.741	36.54	92078.06
0.424979660016272	7.28513417189266	2475.799	56.092	131935.42
0.590779527376378	9.58571233143013	2922.135	72.552	164828.42
0.618999504800396	10.3787916969666	9811.157	79.329	188465.84
0.966489226808619	14.8588081129535	4298.337	151.645	351487.83
1.50322879741696	21.3661629070697	5031.53	221.005	437036.16
2.69121784702572	34.1015127187898	6709.468	363.918	600005.68
4.70056623954701	51.2864589708328	7186.045	569.744	700146.96
6.48378481297215	57.0106343914925	5523.269	634.296	736991.15
10.7019914384068	73.3393213285429	5976.426	827.474	725698.3
14.097118722305	70.8898832880934	5667.027	791.775	728375.96
25.00344999724	91.8325065339948	5820.098	1067.406	751542.73
34.1975126419899	96.5058427953258	5394.212	1154.948	772443.63
42.3211761430591	97.7375818099346	5281.407	1183.246	790692.19
49.3697105042316	98.2667813865749	8718.277	1207.888	806298.09
59.330702535438	99.9370000504	5424.625	1286.865	828609.48
65.0380179695856	99.9127000698399	5317.388	1267.047	840401.9
72.9871516102787	99.99910000072	5354.631	1320.719	858359.97
78.6818970544824	100.0	5477.478	1329.269	870628.29
