0.000779999376000499	0.014039988768009	6.817	0.946	347.4
0.00119999904000077	0.0215999827200138	12.759	1.061	462.38
0.00215999827200138	0.0388799688960249	14.148	1.11	904.4
0.00333999732800214	0.0601199519040385	18.691	1.648	1343.87
0.00520999583200333	0.09377992497606	28.909	1.394	2205.35
0.00540999567200346	0.0973799220960623	31.539	1.422	2248.05
0.00731999414400468	0.131579894736084	55.587	1.638	3230.19
0.0162399870080104	0.291419766864187	99.196	2.535	6830.37
0.0222499822000142	0.398699681040255	198.824	3.435	8221.39
0.0222499822000142	0.399419680464256	153.536	3.404	8494.95
0.0445099643920285	0.794879364096509	285.035	6.285	17099.91
0.0615999507200394	1.1003391197287	439.515	7.99	24131.81
0.0723499421200463	1.28321897342482	490.911	9.544	26551.71
0.114809908152073	2.02103838316929	689.363	13.903	38527.43
0.244869804104157	4.25951659238673	1442.442	31.115	87565.29
0.414939668048266	7.11899430480456	2328.975	50.057	126595.92
0.64102948717641	10.7384314092549	3349.064	79.294	183244.76
0.684039452768438	11.0573911540871	3241.565	79.817	195249
1.24087900729679	19.0015047987962	5158.836	200.071	419918.83
1.77043858364913	25.062819949744	5863.185	270.794	498027.02
2.76134779092177	34.9359920512064	6826.402	370.383	609197.16
4.88472609221913	53.6151171079063	7362.294	580.839	708240.45
5.1499958800033	46.2621229903016	10086.654	490.35	714778.32
9.94240204607836	67.3987860809711	5957.465	744.82	730450.22
16.4605668315465	83.6396330882935	5964.841	945.192	732738.47
22.6595718723425	82.5563939548848	5747.421	941.275	747159.07
34.0825527339578	96.1901230479016	5230.608	2845.523	772211.6
43.4112252710198	99.2530005975995	4891.766	2907.972	792942.21
51.8071585542732	99.8342201326239	5036.64	2946.649	811167.42
59.5952523237981	99.973360021312	5044.215	2972.973	829134.84
66.6795166563867	99.9955000036	5082.198	3021.13	844860.73
72.6966318426945	99.997840001728	5154.018	3012.162	857659.22
78.6772870581704	100.0	5242.355	3061.368	870580.71
