0.000879999296000563	0.0158399873280101	12.338	0.928	315.63
0.00129999896000083	0.023399981280015	9.221	0.98	585.02
0.00212999829600136	0.0383399693280245	12.654	1.13	904.4
0.00365999707200234	0.0658799472960422	22.136	1.237	1359.53
0.00488999608800313	0.0878399297280562	28.388	1.361	1835.92
0.00670999463200429	0.120599903520077	56.823	1.618	2964.14
0.0101499918800065	0.182339854128117	60.522	2.017	3787.66
0.0121399902880078	0.21797982561614	102.167	2.246	4545.83
0.0252199798240161	0.45251963798429	156.931	3.733	9163.71
0.034409972472022	0.617759505792395	195.15	4.647	14737.41
0.0362199710240232	0.649439480448416	204.747	5.125	13145.22
0.0766399386880491	1.36655890675287	495.179	9.902	33055.8
0.0775699379440496	1.37699889840088	475.736	10.602	26361.93
0.151279878976097	2.66453786836971	974.33	20.162	53355.24
0.278359777312178	4.85873611301111	1614.706	36.426	89131.61
0.379499696400243	6.50645479483616	2225.505	45.848	116209.42
0.466839626528299	7.806233755013	2542.037	56.343	146257.36
0.588869528904377	9.54377236498211	2919.082	72.531	161533.46
0.887009290392568	13.6583890732887	3950.477	131.142	311934.32
2.12971829622536	30.2640957887234	7144.592	329.497	532983.82
2.22785821771343	28.4867772105782	5767.897	290.821	543351.77
4.51340638927489	48.9003808796953	6631.017	533.027	700409.21
5.97403522077182	52.6864978508017	5303.473	581.955	732515.83
9.23600261119791	62.6745098603921	5334.118	692.93	734911.65
13.1559094752724	66.7972265622188	5746.137	759.442	726265.08
20.4565736347411	75.6087595129924	5846.63	885.854	742232.72
31.324594940324	89.121528702777	5796.943	1046.521	766058.26
37.6218099025521	90.3534477172418	5990.415	1076.748	779578.37
49.4451704438636	98.3292413366069	5127.905	2938.563	806420.71
58.8116829506536	99.8545601163519	5069.988	2977.231	826553.8
65.7040374367701	99.959320032544	5036.242	3001.567	842424.12
72.8863016909586	99.998560001152	5058.019	3058.216	858222.63
78.6660670671463	100.0	5165.18	3035.926	870630.31
