0.000949999240000608	0.0170999863200109	7.695	0.935	315.63
0.001569998744001	0.0282599773920181	11.757	0.993	632.43
0.00161999870400104	0.0291599766720187	10.575	1.038	664.02
0.00344999724000221	0.0620999503200397	26.134	1.275	1543.38
0.00379999696000243	0.0683999452800438	23.58	1.229	1359.53
0.00677999457600434	0.122039902368078	39.486	1.592	2736.1
0.00953999236800611	0.17171986262411	80.031	2.433	3814.52
0.0111299910960071	0.199799840160128	66.897	2.101	3929.58
0.0184699852240118	0.330839735328212	112.765	2.789	6981.18
0.0377199698240241	0.676799458560433	219.228	5.374	14171.27
0.0541299566960346	0.967679225856619	339.217	7.006	21751.85
0.0676599458720433	1.20653903476877	445.987	8.486	26045.35
0.070299943760045	1.2499190000648	411.457	10.145	26551.71
0.157669873864101	2.77091778326577	929.356	19.713	55447.6
0.182309854152117	3.18221745422604	1132.495	22.365	60118.15
0.377839697728242	6.46739482608414	2399.684	46.34	116743.91
0.636419490864407	10.6469914824068	3364.414	76.738	183789.94
0.884079292736566	14.2475286019771	4209.981	134.459	312872.58
1.18175905459276	18.0899855280116	4961.524	189.566	398640.57
2.12517829985736	30.1955158435873	7367.918	327.317	531975.92
3.20166743866605	40.8556473154821	8008.289	431.418	629016.78
4.62322630141896	50.3353397317282	6849.066	538.228	700080.19
5.24207580633936	46.948642441086	5001.152	497.564	717619.21
8.4425632459494	57.9491536406771	5242.619	623.579	739790.54
13.0096995922403	66.2088070329544	11127.585	746.606	726063.7
20.7910933671253	76.592998725601	5867.883	878.26	743014.75
34.1916926466459	96.4878428097257	5178.797	2858.267	772429.09
43.3341453326837	99.1579606736315	5053.75	2913.986	792441.75
51.7515685987451	99.8110001511999	4960.898	2920.414	811361.48
58.6154731076215	99.8140601487519	5086.516	2960.078	826006.46
65.1216579026737	99.9190000647999	5168.907	2984.346	840548.36
72.7111518310785	99.997840001728	5181.209	3009.31	857692.38
78.6885070491944	100.0	4954.359	2990.064	870605.92
