0.000849999320000544	0.0152999877600098	6.435	1.069	311.66
0.00172999861600111	0.0311399750880199	10.641	1.176	746.86
0.00189999848000122	0.0341999726400219	11.438	1.222	687.7
0.00319999744000205	0.0575999539200369	22.734	1.711	1230.29
0.00339999728000218	0.0611999510400392	20.755	1.358	1359.53
0.00535999571200343	0.0962999229600616	40.277	1.643	2248.05
0.0111699910640071	0.200879839296129	63.436	2.289	4713.79
0.0152399878080098	0.273779780976175	96.08	2.858	6161.66
0.0223399821280143	0.401579678736257	176.19	3.716	8494.95
0.0363499709200233	0.651959478432417	215.57	5.409	13596.29
0.0386299690960247	0.689039448768441	224.942	5.532	13603.62
0.0768599385120492	1.37051890358488	443.319	10.02	26657.13
0.103609917112066	1.84337852529718	616.26	14.361	38190.39
0.113399909280073	2.00105839915328	646.825	13.899	38527.43
0.161939870448104	2.82725773819381	915.114	20.226	56353.09
0.321319742944206	5.52041558366753	1822.491	40.354	106212.39
0.413829668936265	6.92963445629244	2170.968	50.976	126653.76
0.651799478560417	10.5407915673667	2986.488	75.004	184346.2
0.944339244528604	14.5207683833853	3831.416	139.412	346485.04
2.17718825824939	31.0096551922758	7588.541	336.931	542686.42
2.22066822346542	28.3926372858902	5620.45	288.275	543083.77
4.15175667859466	45.0239039808768	5903.161	482.396	687710.97
7.29051416758867	65.1446478842817	6275.171	720.285	740181.21
8.97011282390974	61.0912311270151	5446.838	735.88	736961.9
16.7120666303467	85.4255916595267	7184.73	990.178	733243.79
19.7114142308686	73.5234611812311	5917.49	876.093	740550.32
31.3369049304761	89.1512286790171	5983.695	1095.858	766075.26
42.0209963832029	97.2991021607183	5309.362	2920.851	790073.03
48.7116510306792	97.7224618220305	5174.83	2938.444	804821.86
59.2013726389019	99.9163000669599	5024.587	3029.87	827885.38
66.4994968004026	99.99190000648	5079.675	3055.749	844587.22
72.6171219063025	99.99730000216	5247.974	3177.001	857474.95
78.6816670546664	100.0	5216.208	3134.89	870628.81
