0.000879999296000563	0.0158399873280101	8.103	1.232	343.43
0.00127999897600082	0.0230399815680147	11.678	1.23	513.84
0.00200999839200129	0.0361799710560232	20.613	1.361	868.98
0.00216999826400139	0.039059968752025	17.868	1.422	1010.56
0.00462999629600296	0.0831599334720532	36.576	2.014	1878.76
0.00834999332000534	0.150299879760096	69.785	2.695	3287.96
0.00941999246400603	0.169559864352109	84.422	2.946	3684.01
0.0104499916400067	0.18737985009612	119.814	3.055	4090.51
0.025059979952016	0.449279640576288	220.724	6.033	9182.36
0.0339499728400217	0.607499514000389	315.156	6.573	12181.51
0.0356399714880228	0.639179488656409	311.086	6.419	13453.36
0.0717599425920459	1.27871897702482	628.878	11.054	27212.19
0.116289906968074	2.06495834803332	1135.519	15.964	39034.17
0.117579905936075	2.07251834198533	1654.296	15.933	38527.43
0.223589821128143	3.88601689118649	1814.017	27.81	76942.25
0.363389709288233	6.22061502350798	2789.826	43.757	124458
0.552179558256353	8.97479282016574	3733.025	61.336	162513.46
0.604669516264387	10.1181519054785	4268.139	71.798	185908.61
1.24132900693679	18.9628048297561	7206.23	195.716	420185.08
2.07688833848933	29.4879364096509	9383.392	288.414	523875.6
3.01479758816193	38.1642894685684	10025.048	403.219	622605.94
4.01851678518657	43.5556451554839	7704.015	454.933	683260.91
7.3374641300287	65.64018748785	8318.759	702.956	740357.53
9.56851234519012	64.8188481449215	7107.918	686.865	732727.91
14.014728788217	70.5203435837251	6786.27	787.612	728182.93
25.2144098284721	92.8723657021074	6207.678	1036.76	751976.8
32.3704541036367	91.6877866497707	6362.192	1036.793	768317.09
43.4861152111078	99.3692805045756	5414.005	1129.598	792546.05
47.9735316211747	97.0436823650541	6100.234	1162.076	803026.8
59.5694423444461	99.96940002448	5387.879	1218.372	829108.56
65.63723749021	99.95590003528	5663.349	1260.219	842295.42
73.0436115651108	99.999460000432	5511.433	1263.745	858362.55
78.6876170499064	100.0	5642.393	1284.615	870605.28
