0.000549999560000352	0.00989999208000634	5.78	1.046	228.16
0.00148999880800095	0.0268199785440172	13.143	1.19	679.81
0.00199999840000128	0.035999971200023	21.724	1.191	849.3
0.0029699976240019	0.0534599572320342	23.545	1.3	1226.37
0.00363999708800233	0.0653399477280418	30.359	1.682	1426.03
0.00776999378400497	0.139679888256089	61.692	1.806	3287.96
0.010949991240007	0.196199843040126	84.051	2.246	4297.39
0.0152899877680098	0.275039779968176	128.579	2.674	5699.35
0.024919980064016	0.447119642304286	226.875	3.808	9610.91
0.0338899728880217	0.608219513424389	282.222	4.599	12317.77
0.0560299551760359	0.99989920008064	617.011	6.924	20067.74
0.0648999480800415	1.15559907552074	613.402	8.08	24131.81
0.0764099388720489	1.36043891164887	664.549	9.374	26361.93
0.128329897336082	2.25989819208145	1052.478	14.468	47151.69
0.253299797360162	4.41647646681883	2170.536	28.16	81533.27
0.388489689208249	6.52499478000418	2919.37	42.893	115094.3
0.412789669768264	7.08461433230853	3077.94	45.157	136104.47
0.851149319080545	13.1648294681364	5222.392	121.364	307289.02
0.941999246400603	15.2207878233697	6187.44	135.246	332595.98
2.01354838916129	25.9678592257126	7263.715	263.541	512481.35
2.12724829820136	30.2271958182433	9676.794	312.885	532155
4.92935605651515	54.1554766756187	10000.482	573.937	709083.13
6.00974519220385	52.9586576330739	6895.908	556.26	732839.09
10.929371256503	75.3414597268322	7417.299	808.635	724358.59
12.0760703391437	62.6142099086321	6510.142	678.799	723557.32
24.3406705274636	88.8589089128729	6690.12	1053.968	750021.26
33.8841528926777	95.6535434771652	5953.829	2254.802	771443.21
38.8515689187449	92.3584661132271	6561.241	1127.806	782542.77
50.8031593574725	99.2999805600156	5235.638	2144.012	809273.11
59.31791254567	99.932500054	5378.913	2138.174	828100.28
65.9389672488262	99.968140025488	5412.432	2196.526	843028.53
72.5104119916704	99.996760002592	5505.307	2223.194	857411.09
78.6880970495224	100.0	5499.408	2266.549	870605.56
