0.000599999520000384	0.0107999913600069	6.26	0.891	212.24
0.00151999878400097	0.0273599781120175	13.26	1.106	636.38
0.00184999852000118	0.0332999733600213	16.031	1.058	687.7
0.00313999748800201	0.0565199547840362	26.149	1.171	1230.29
0.00549999560000352	0.0989999208000634	63.516	1.454	2026.62
0.00617999505600396	0.111059911152071	49.055	1.464	2294.62
0.00961999230400616	0.172979861616111	77.653	1.908	3837.54
0.0149799880160096	0.269279784576172	169.376	2.561	5801.78
0.0243699805040156	0.43757964993628	215.214	3.449	9957.2
0.026499978800017	0.475559619552304	213.7	3.681	10354.64
0.0373199701440239	0.668339465328428	372.276	5.277	15025.52
0.0706999434400453	1.2563989948808	667.786	8.017	26551.71
0.0726899418480465	1.29491896406483	670.537	8.834	28752.51
0.153749877000098	2.71439782848174	1318.736	19.077	55392.02
0.284429772456182	4.95575603539517	2283.818	32.959	92744.97
0.401909678472257	6.88967448826041	3293.802	44.436	136029.31
0.631409494872404	10.5663515469188	4667.568	68.401	177095.94
0.670129463896429	10.8291513366789	4705.205	69.85	177095.94
1.19676904258477	18.3200253439797	7084.77	182.75	401566.8
1.80325855739315	25.5428795656963	8106.611	256.627	502583.71
3.20484743612205	40.9069472744422	10824.149	406.135	629339.66
3.94666684266653	42.7762457790034	7997.109	442.728	678644.5
6.95344443724445	61.5347507721994	7429.799	646.491	738396.37
11.0267711785831	76.1543390765287	7317.257	806.078	721601.53
15.9426172459062	80.4370756503395	6943.048	874.707	731882.79
23.5973511221191	85.908891272887	6895.487	966.509	748971.23
33.6156431074855	94.9425440459648	6138.265	2229.28	770776.4
42.8244157404674	98.479001216799	5474.78	2124.573	791634.72
47.9234816612147	96.9943624045101	5628.924	2175.479	802904.32
59.31666254667	99.932320054144	5288.29	2098.276	828095.52
66.2022470382024	99.98290001368	5277.773	2128.938	843850.46
72.5013019989584	99.996580002736	5323.928	2161.884	857399.69
78.6892070486344	100.0	5509.13	2175.11	870597.98
