0.000839999328000538	0.0151199879040097	8.345	1.278	315.63
0.00157999873600101	0.0284399772480182	13.276	1.453	746.86
0.0020299983760013	0.0365399707680234	16.962	1.505	817.8
0.00232999813600149	0.0419399664480268	18.334	1.737	904.4
0.00453999636800291	0.0817199346240523	37.486	2.191	1796.96
0.00662999469600424	0.118979904816076	53.319	3.01	2627.81
0.00745999403200477	0.134099892720086	83.208	2.751	2736.1
0.0160599871520103	0.288899768880185	129.42	4.595	6225.99
0.0213799828960137	0.383759692992246	190.215	5.131	8468.76
0.0336399730880215	0.601379518896385	317.9	6.59	12317.77
0.0497399602080318	0.888839288928569	449.748	8.841	18198.33
0.0510899591280327	0.910259271792583	511.316	8.518	17913.37
0.116859906512075	2.06117835105732	963.618	15.677	38527.43
0.121579902736078	2.14883828092938	1072.086	18.412	38302.78
0.214719828224137	3.73895700883439	1727.747	27.824	74526.94
0.275719779424176	4.72031622374702	2237.894	35.663	86539.47
0.64060948751241	10.7335714131429	4545.397	76.418	183367.1
0.697329442136446	11.2436910050472	4640.27	79.1	275455.96
1.2549189960648	19.2070646343483	7064.538	195.449	415070.58
1.64694868244105	23.3288813368949	7281.183	226.751	481169.52
3.25744739404208	41.6526866778507	13158.787	450.72	637123.74
4.08886672890662	44.3528645177084	7705.126	526.808	686591.49
7.37995409603672	66.1510270791783	8516.092	709.627	740525.18
7.74707380234096	54.0910367271706	6198	595.95	741080.73
16.7129366296507	85.4302716557827	6934.618	954.053	733244.54
25.072619941904	92.159206272635	6475.853	1054.168	751802.81
33.4489732408214	94.4948844040925	6156.201	1135.563	770500.6
42.9205756635395	98.6042811165751	5483.228	1214.969	791709.86
51.0651791478567	99.4594604324317	5584.824	1260.04	809950.9
58.6514630788295	99.8203601437119	5634.865	1299.357	827071.15
66.0908171273463	99.976960018432	5633.03	1343.567	843553.67
73.0695115443908	100.0	5768.837	1377.451	858229.89
78.6862070510344	100.0	5713.42	1377.21	870595.67
