0.000789999368000506	0.0142199886240091	7.193	0.887	379.14
0.0014099988720009	0.0253799796960162	11.922	1.256	632.43
0.00226999818400145	0.0408599673120262	18.649	1.07	904.4
0.00321999742400206	0.0579599536320371	52.85	1.199	1226.37
0.0035999971200023	0.0647999481600415	27.898	1.236	1426.03
0.00722999421600463	0.129959896032083	61.287	1.633	2786.35
0.0112099910320072	0.201599838720129	90.847	2.125	4335.64
0.0133699893040086	0.240119807904154	107.054	2.255	5562.51
0.0210899831280135	0.378899696880242	217.601	3.23	8494.95
0.0287899769680184	0.51533958772833	253.329	4.245	11136.76
0.0393699685040252	0.70361943710445	320.174	5.178	13603.62
0.064089948728041	1.13993908804873	679.996	7.463	24415.26
0.0910799271360583	1.61621870702503	799.544	10.335	32986.2
0.155239875808099	2.73095781523375	1303.806	17.591	55395.29
0.279679776256179	4.87241610206712	2192.212	29.935	89272.69
0.419709664232269	7.20431423654861	3256.14	47.733	126744.42
0.624169500664399	10.4525916379267	4865.353	67.526	176874.14
0.752479398016482	12.1368502905198	4852.832	113.575	293780.93
1.22585901931278	18.71782502574	6787.585	184.29	414844.67
1.70410863671309	24.0744407404474	7607.217	245.08	488265.1
2.73994780804175	34.6929922456062	8993.439	341.587	607761.01
4.0603267517386	44.0240047807962	7680.077	450.363	685702.62
5.10356591714727	45.8987032810374	6570.123	467.905	713325.37
9.05356275714979	61.5703907436874	6864.696	671.12	736098.16
16.1214871028103	81.4659548272361	7005.781	876.629	732542.27
24.8197401442079	90.9676072259142	6596.262	1012.679	751238.27
34.8465321227743	98.392601285919	5263.646	2088.078	773765.41
39.4048284761372	93.2446054043157	6410.579	2302.402	783930.27
51.8659985072012	99.8587001130399	5424.919	2067.537	811731.75
58.4839132128694	99.7867001706399	5345.034	2096.758	826506.74
65.0277279778176	99.9112600709919	6200.069	2106.501	840919.24
72.5817319346145	99.99730000216	5280.128	2159.115	857393.86
78.6877870497704	100.0	5414.591	2161.515	870613.45
