0.000599999520000384	0.0107999913600069	5.84	1.027	295.77
0.00126999898400081	0.0228599817120146	11.26	1.174	585.02
0.00242999805600156	0.043739965008028	22.649	1.586	1026.27
0.00350999719200225	0.0629999496000403	29.476	1.807	1343.87
0.00423999660800271	0.0761399390880487	34.179	1.831	1722.9
0.00651999478400417	0.117359906112075	57.141	2.773	2786.35
0.00943999244800604	0.169559864352109	75.367	3.107	3607.19
0.0119899904080077	0.215279827776138	104.895	3.654	4232.18
0.0206099835120132	0.370259703792237	183.522	4.823	8116.46
0.021919982464014	0.392399686080251	214.009	5.295	8281.32
0.0456099635120292	0.816119347104522	401.233	8.028	17783.43
0.0529899576080339	0.946259242992606	496.188	8.682	19310.7
0.106169915064068	1.8804584956332	899.303	15.037	38190.39
0.175299859760112	3.08681753054598	1469.076	22.78	56653.19
0.274779780176176	4.79249616600307	2268.481	33.439	96127.54
0.286389770888183	4.90247607801914	2163.535	33.635	97800.48
0.456189635048292	7.64135388691689	3351.278	52.368	140684.31
0.650049479960416	10.5254915796067	4362.331	72.33	186471.33
0.846379322896542	13.0823895340884	4863.463	123.22	307513.08
1.54946876042499	22.0116423906861	7456.837	217.088	456936.4
2.92145766283387	36.9001504798796	12270.559	394.323	618335.91
4.33148653481077	46.882402494078	8287.895	479.848	694857.07
7.0380643695485	62.3938900848879	7574.522	671.978	739211.82
10.870841303327	74.7823801740959	7382.587	801.833	724686.07
13.4839592128326	68.1790854567316	6937.571	752.27	726926.8
20.8136633490693	76.6568986744811	6816.417	852.277	743064.95
34.6127923097661	97.7185018251985	5539.309	1112.221	773241.49
43.1941154447076	98.9813808148953	5446.847	1167.969	792030.77
51.1743990604808	99.5258803792957	5643.031	1211.647	810120.44
56.327514937988	99.1144007084794	5637.817	1208.852	821079.18
65.681857454514	99.958060033552	5488.951	1250.665	842378.71
72.5474719620224	99.996940002448	5629.283	1266.412	857483.61
78.6624770700183	100.0	5606.279	1291.648	870492.75
