0.000789999368000506	0.0142199886240091	10.611	1.092	347.4
0.00166999866400107	0.0300599759520192	14.473	1.285	620.58
0.0026599978720017	0.0478799616960306	23.153	1.548	1073.4
0.00336999730400216	0.0606599514720388	35.151	1.871	1343.87
0.00449999640000288	0.0808199353440517	35.982	1.921	1960.5
0.00513999588800329	0.0925199259840592	45.631	2.213	2298.5
0.0101599918720065	0.182879853696117	86.034	3.23	4013.9
0.0128299897360082	0.230039815968147	118.933	3.574	5144.37
0.0232699813840149	0.417959665632267	217.368	5.894	8221.39
0.025029979976016	0.448919640864287	220.89	5.289	9182.36
0.0325499739600208	0.582299534160373	318.989	6.453	12269.9
0.0732799413760469	1.30031895974483	609.77	11.038	26551.71
0.075009939992048	1.33397893281685	676.151	11.442	27001.69
0.186289850968119	3.2821173743061	1532.582	24.215	62066.8
0.28120977503218	4.89923608061114	2389.676	36.16	91847.84
0.340669727464218	5.83073533541173	2525.264	42.189	111059.63
0.466639626688299	7.807133754293	3300.061	53.136	145727.2
0.788669369064505	12.7274298180561	5240.572	121.576	303944.87
1.44643884284893	22.2056822354542	8319.178	219.6	440236.12
1.99484840412128	28.196077443138	9111.737	282.105	519819.32
2.23271821382543	28.5569771544183	7799.227	284.644	543525.04
4.64274628580297	50.5885995291204	10511.438	553.373	700875.62
5.19967584025933	46.6421026863178	6318.135	479.574	716305.11
8.2748633801093	57.0160343871725	6611.527	616.653	740327.31
15.4677076258339	77.7334778132177	7026.911	873.054	731141.51
23.7955209635832	86.6650706679435	7207.169	993.138	749140.28
33.3859832912134	94.3296445362844	6305.232	1075.54	770381.64
43.0721155423076	98.8121809502552	5511.367	1164.112	791855.13
51.7263186189451	99.8000201599839	6700.469	1224.809	811351.58
59.5532823573741	99.963820028944	5599.438	1250.31	829005.3
65.1208679033057	99.9190000647999	5494.235	1255.338	840547.81
73.0245715803427	99.999460000432	5626.099	1279.808	858361.48
78.6806970554424	100.0	5637.619	1299.29	870582.41
