0.000619999504000397	0.0111599910720071	6.536	1.179	291.79
0.00184999852000118	0.0332999733600213	16.528	1.549	719.26
0.0021899982480014	0.0394199684640252	19.062	1.892	849.3
0.00370999703200237	0.0667799465760427	30.747	2.235	1206.78
0.00427999657600274	0.0770399383680493	36.075	2.184	1796.96
0.00645999483200413	0.116279906976074	51.703	2.62	2670.37
0.0102399918080066	0.184139852688118	117.281	3.512	4247.49
0.0147099882320094	0.264419788464169	123.384	4.097	5566.31
0.0198099841520127	0.356039715168228	176.934	4.825	7639.89
0.0229499816400147	0.411299670960263	205.408	5.458	8876.26
0.057769953784037	1.03265917387266	534.258	9.624	20994.87
0.076539938768049	1.35521891582487	627.129	12.167	26361.93
0.0791799366560507	1.4113788708969	638.144	11.97	31758.19
0.185369851704119	3.26681738654609	1587.425	24.886	62575.63
0.260129791896166	4.5271763782589	2172.36	31.81	99703.8
0.426139659088273	7.30493415605268	4068.358	51.436	131688.45
0.45387963689629	7.59329392536486	3397.237	52.39	131103.06
0.862019310384552	13.3219693424245	4902.277	126.768	307016.96
0.925469259624592	14.9453880436896	5913.213	137.936	325645.08
1.97834841732127	27.9510976391219	8909.265	282.223	530187.74
2.99596760322592	33.4601732318614	6572.761	339.691	611933.37
3.18856744914604	40.66088747129	10846.125	423.101	628208.03
4.88047609561912	44.2403646077083	6321.271	472.228	704686.77
9.34337252530198	63.3457293234165	7115.658	681.108	734500.12
14.3142285486172	71.87646249883	6662.661	817.608	728894.78
23.8437809249753	86.8486705210636	6875.36	1010.624	749244.31
29.8197661441871	85.6235915011268	7195.186	1031.813	763004.28
37.480970015224	90.1225079019937	6723.748	1097.51	779232.46
51.7895185683851	99.8237801409759	5530.032	1273.934	811756.09
59.0028927976858	99.8824600940319	5550.034	1290.295	828036.65
65.2198378241297	99.927640057888	5713.986	1327.135	840733.31
72.5055019955984	99.99730000216	5630.553	1359.403	857207.65
78.6896070483144	100.0	5671.193	1373.875	870598.28
