0.000699999440000448	0.0125999899200081	8.3	1.101	295.77
0.00178999856800115	0.0322199742240206	14.761	1.114	608.73
0.00242999805600156	0.043739965008028	18.845	1.067	928
0.00340999727200218	0.0611999510400392	28.636	1.18	1355.61
0.00377999697600242	0.0680399455680435	28.397	1.181	1512.12
0.00556999554400356	0.100259919792064	55.552	1.4	2030.51
0.00699999440000448	0.125999899200081	63.352	1.645	2627.81
0.0142899885680091	0.257039794368164	128.825	2.327	6161.66
0.0170899863280109	0.307079754336197	149.079	2.988	6845.46
0.032799973760021	0.587879529696376	294.708	4.29	13310.35
0.0558299553360357	0.997739201808639	477.728	6.806	20035.46
0.0719899424080461	1.28555897155282	551.491	9.002	27135.01
0.0831399334880532	1.47365882107294	736.745	9.844	32371.25
0.185199851840119	3.26339738928209	1532.646	21.476	62742.97
0.237189810248152	4.12721669822664	2011.058	26.362	79877.62
0.378579697136242	6.34535492371606	2894.626	40.288	115369.4
0.426449658840273	7.31231415014868	3192.435	46.371	131694.06
0.681709454632436	11.0276911778471	4397.895	70.358	194674.06
1.37247890201688	21.0261431790855	7999.349	201.771	412542.8
2.17507825993739	30.9797752161798	9622.058	319.072	541728.79
2.78369777304178	35.2184118252705	9205.135	349.573	610601.87
4.82694613844309	52.8812576949938	9422.281	528.674	704334.88
5.96262522989982	52.5842579325937	6831.782	553.709	732388.59
9.58373233301413	64.9394480484416	7032.696	676.903	732528.73
16.4565868347305	83.6140731087415	7139.677	922.908	732744.43
22.9333816532947	83.5229931816055	6731.353	956.271	747866.41
33.5974931220055	94.8905240875807	6069.529	2214.14	770741.98
43.5435651651479	99.4279604576316	5298.27	2071.595	793425.39
51.8492085206332	99.8533001173599	5253.016	2082.708	811624.39
59.5890523287581	99.971740022608	5307.008	2076.581	829221.33
66.5563067549546	99.99370000504	5325.087	2109.218	844723.74
72.6111619110705	99.997480002016	5462.527	2149.668	857620.08
78.6787370570104	100.0	5243.23	2149.782	870635.18
