0.00049999960000032	0.00899999280000576	5.48	1.14	228.16
0.00162999869600104	0.0293399765280188	14.802	1.737	719.26
0.00204999836000131	0.0368999704800236	16.872	1.349	904.4
0.00355999715200228	0.064079948736041	29.232	1.684	1480.86
0.00510999591200327	0.0917999265600588	42.043	2.19	2026.62
0.00551999558400353	0.0991799206560635	45.108	2.172	2248.05
0.00751999398400481	0.135179891856087	126.814	3.365	2921.68
0.0106999914400068	0.191879846496123	101.622	3.194	4090.51
0.0190099847920122	0.340739727408218	163.176	5.498	7508.37
0.023489981208015	0.420479663616269	222.774	5.577	8876.26
0.0479999616000307	0.858059313552549	427.976	8	19655.35
0.0595399523680381	1.05911915270468	544.924	9.625	19978.12
0.0818099345520524	1.45205883835293	667.029	12.075	28396.13
0.122449902040078	2.15441827646538	996.896	15.959	41441.27
0.25002979997616	4.35635651491479	1907.087	30.619	84053.88
0.394789684168253	6.76853458517233	3084.567	46.672	120477.42
0.490249607800314	8.21249343000526	3633.313	56.984	151925.87
0.847149322280542	13.6646890682487	5417.535	129.399	312697.13
1.20608903512877	18.4616852306518	8067.937	185.792	403961.07
2.0260283791773	26.1023191181447	7232.236	298.672	515585.72
2.07125834299333	29.3846164923068	9325.103	289.581	523139.41
3.53668717065026	38.6684690652247	7070.941	404.959	651935.83
7.20704423436461	64.2581485934811	7904.826	678.237	739872.25
10.0491219607024	68.1942054446356	7216.72	741.707	729935.91
12.9877996097603	66.1265470987623	6492.989	723.453	726017.21
25.6008195193444	94.7686641850687	6502.821	1079.936	753307.69
34.4830824135341	97.3417621265903	5752.44	1139.653	772902
42.5652659477872	98.0993815204948	5607.771	1154.211	791182.55
51.606028715177	99.7442202046238	5632.549	1240.017	811204.96
58.9315628547497	99.8705801035359	5521.901	1241.261	827907.09
66.6094167124666	99.99460000432	5705.066	1260.311	844827.83
72.9026716778627	99.998560001152	5536.633	1255.614	858256.9
78.6876370498904	100.0	5511.747	1285.761	870605.33
