0.000809999352000518	0.0145799883360093	20.943	1.038	379.14
0.00167999865600108	0.0302399758080194	15.901	1.008	671.91
0.00236999810400152	0.0426599658720273	19.362	1.091	1112.65
0.00337999729600216	0.0608399513280389	29.431	1.186	1426.03
0.00424999660000272	0.076499938800049	32.365	1.281	1687.8
0.00713999428800457	0.128339897328082	69.872	1.606	2608.46
0.00736999410400472	0.132659893872085	62.713	1.687	2964.14
0.0145699883440093	0.261539790768167	137.186	2.475	5801.78
0.0183399853280117	0.329579736336211	139.848	3.087	7508.37
0.0323999740800207	0.581759534592372	331.01	4.463	12586.73
0.035999971200023	0.643859484912412	304.293	4.858	12181.51
0.0486899610480312	0.867599305920555	405.418	5.978	18043.24
0.116829906536075	2.07089834328133	939.079	13.611	39034.17
0.134769892184086	2.37527809977752	1136.089	15.128	48027.88
0.263009789592168	4.58423633261093	2124.73	28.265	81567.28
0.289539768368185	4.96673602661118	2270.983	32.479	92672.35
0.399009680792255	6.69977464018029	2893.777	42.371	122548.55
0.6251394998884	10.1132919093665	4099.071	67.257	182536.78
1.34860892111286	20.6130435095652	7381.495	199.781	428128.75
2.04426836458531	28.9904168076666	9333.307	278.472	527178.43
3.23011741590607	41.2071870342504	10930.705	410.639	632125.51
3.65547707561834	39.8296481362815	7213.624	405.534	663954.08
5.88433529253177	51.9398584481132	6865.125	536.052	731290.05
8.27240338207729	57.0018143985485	6407.463	599.812	740331.5
15.3134577492338	76.9036784770572	6686.01	834.92	730728.87
24.0076207939034	87.515389987688	6881.669	984.365	749614.75
34.1091327126938	96.2624829900136	6371.648	2201.821	772258.82
40.60643751485	95.1511638790689	6052.283	2251.4	786444.83
51.6911486470811	99.7836401730879	5296.873	2072.255	811503.59
57.873063701549	99.6389202888638	5378.949	2070.509	824892.26
66.6854466516427	99.995140003888	5344.706	2089.615	844804.09
73.0666315466948	99.999820000144	5397.39	2143.997	858314.19
78.6712070630343	100.0	5398.682	2169.111	870645.3
