0.00074999940000048	0.0134999892000086	6.959	1.029	323.58
0.00143999884800092	0.0259199792640166	12.499	1.425	608.73
0.0018799984960012	0.0338399729280217	15.347	1.312	837.49
0.00255999795200164	0.0460799631360295	21.662	1.517	1108.72
0.00505999595200324	0.0910799271360583	42.817	2.019	2205.35
0.00555999555200356	0.100079919936064	50.386	2.416	2469.08
0.00701999438400449	0.125999899200081	55.897	2.704	2608.46
0.0120399903680077	0.215999827200138	103.624	3.697	4778.64
0.020279983776013	0.364319708544233	186.409	4.774	8116.46
0.0383599693120246	0.68687945049644	372.961	7.474	14229.77
0.0506899594480324	0.905219275824579	429.923	9.545	17913.37
0.0549699560240352	0.982259214192629	462.651	9.001	21751.85
0.073379941296047	1.30571895542484	979.303	11.347	26551.71
0.153679877056098	2.70809783352173	1387.944	20.48	55392.02
0.206529834776132	3.5960371231703	1673.413	25.571	69433.79
0.302769757784194	5.18903584877132	2351.609	37.131	98013.08
0.455919635264292	7.6496338802929	3313.422	52.706	140684.31
0.832249334200533	13.4179092656726	5520.345	126.739	324465.22
1.4140388687689	21.6997026402379	8150.713	211.304	428973.54
1.68079865536108	23.8021009583192	7429.589	250.701	485152.07
2.6513678789057	33.5919331264535	8662.352	342.655	596230.83
4.5364263708589	49.2261806190555	8613.634	531.175	698444.21
5.10653591477127	45.9212032630374	6262.272	477.497	713407.16
10.6003015197588	72.4614620308304	7085.661	794.508	727101.6
15.9101772718582	80.2410558071553	7027.719	892.357	731810.37
24.987760009792	91.7525865979307	6689.036	1033.366	751477.36
30.5543055565556	87.2916501666799	6726.052	1011.389	764149.72
43.5351951718439	99.4160804671356	5537.559	1185.534	793386.66
51.7978585617131	99.8246801402559	5513.847	1210.599	811747.85
58.8924928860057	99.8687801049759	5581.012	1222.082	826748.67
66.5354067716746	99.99190000648	5456.51	1258.032	844019.13
73.0467515625987	99.999460000432	5542.55	1262.555	858362.67
78.6614170708663	100.0	5690.653	1283.619	870485.41
