0.000539999568000346	0.00971999222400622	5.549	0.952	212.24
0.00141999886400091	0.0255599795520164	11.852	0.934	608.73
0.00266999786400171	0.0480599615520308	20.576	1.214	1014.48
0.00282999773600181	0.0509399592480326	21.797	1.158	1198.94
0.00414999668000266	0.0746999402400478	32.798	1.283	1722.9
0.00532999573600341	0.0959399232480614	51.163	1.405	1816.44
0.010949991240007	0.196739842608126	91.461	2.32	4912.07
0.0111199911040071	0.199619840304128	126.607	2.042	4232.18
0.0236299810960151	0.424439660448272	230.506	3.599	9085.36
0.0244799804160157	0.438839648928281	202.168	3.527	8876.26
0.0544699564240349	0.972359222112622	486.073	6.771	17855.63
0.0727299418160465	1.29797896161683	727.191	8.578	27212.19
0.0769499384400492	1.36313890948887	613.934	9.32	26361.93
0.123209901432079	2.17475826019339	1015.864	13.644	45976.38
0.182219854224117	3.18221745422604	1439.774	20.611	60118.15
0.296059763152189	5.07815593747525	2250.275	31.407	89309.25
0.601449518840385	10.0328319737344	4342.192	65.042	175561.86
0.6252694997844	10.1163519069185	4098.145	66.507	182891.45
1.18009905592076	18.0561455550836	6577.027	180.818	398630.79
1.39228888616889	19.8899840880127	6474.503	192.222	432985.39
3.26373738901009	41.7192866245707	10835.148	429.967	637937.28
3.50892719285825	38.4024292780566	6772.563	396.244	649248.4
5.45974563220349	48.5423611661111	6744.477	513.053	721962.61
9.36509250792599	63.4965692027446	6637.367	664.611	734353.48
14.019638784289	70.5421235663011	6910.287	752.631	728189.52
22.4039420768463	81.6790746567403	6699.963	913.277	746650.02
34.6894822484142	97.9498016401587	5390.02	2099.019	773211.12
41.3253069397544	96.2356630114696	5770.085	2196.339	788621.34
48.460401231679	97.4989020008784	5541.657	2169.645	804243.78
56.7918345665323	99.2940405647675	5235.201	2114.526	822353.5
66.5195967843226	99.992440006048	5390.587	2089.494	844632.5
72.5811219351025	99.996940002448	5394.709	2148.302	857554.66
78.6685070651943	100.0	5587.064	2154.47	870638.06
