0.000759999392000486	0.0136799890560088	8.04	1.095	323.58
0.00132999893600085	0.0237599809920152	11.772	1.395	521.75
0.00260999791200167	0.0469799624160301	25.218	1.288	1022.34
0.00338999728800217	0.0610199511840391	28.897	1.35	1230.29
0.00557999553600357	0.100439919648064	46.02	1.58	2127.68
0.00580999535200372	0.104579916336067	56.649	1.772	2030.51
0.00964999228000618	0.173519861184111	85.802	2.127	3814.52
0.0111599910720071	0.200699839440128	86.865	2.276	3929.58
0.0160099871920102	0.287639769888184	155.558	2.964	5976.13
0.0224399820480144	0.402299678160257	226.854	3.404	8221.39
0.0316199747040202	0.565379547696362	239.888	4.425	12269.9
0.065569947544042	1.16963906428875	559.601	7.952	24546.05
0.0910199271840583	1.61531870774503	805.755	11.073	29370.56
0.170769863384109	3.00923759260993	1658.052	19.37	56630.37
0.285799771360183	4.98203601437119	2352.359	33.342	92575.55
0.382849693720245	6.5617147506282	3024.158	42.382	116209.42
0.587199530240376	9.80855215315828	4310.052	65.882	180627.59
0.948959240832607	15.3313077349538	7720.867	133.57	336967.07
1.11744910604072	17.0877463298029	6103.05	152.548	385504.12
1.97584841932126	27.9044776764179	8812.032	274.432	529728.23
2.11394830884135	27.1434382852494	7319.191	266.803	536796.5
2.94969764024189	33.0171935862451	6436.976	332.33	607041.12
5.28259577392338	47.2564421948462	6666.427	477.537	718294.71
9.79214216628627	66.3681069055145	6987.274	721.269	731950.19
16.5724967420026	84.439732448214	6782.59	945.687	732785.69
25.5748795400964	94.6383442893246	6199.296	2249.451	753114.37
30.3878856896914	86.8949304840556	6890.494	1033.21	763905.84
43.5172651861878	99.4117604705916	5336.231	2136.249	792642.76
50.6476894818484	99.1946806442555	5369.559	2161.397	809007.55
59.4780624175501	99.955180035856	5414.862	2165.317	828576.69
66.2690169847864	99.985780011376	5462.329	2212.701	843979.64
72.9236416610867	99.999280000576	5407.874	2224.507	858044.6
78.6876170499064	100.0	5468.653	2262.79	870605.32
