0.000879999296000563	0.0158399873280101	8.002	1.291	291.79
0.00160999871200103	0.0289799768160185	13.864	1.405	636.38
0.00173999860800111	0.03131997494402	32.203	1.516	837.49
0.00337999729600216	0.0606599514720388	28.022	1.842	1343.87
0.00353999716800227	0.0637199490240408	29.047	1.915	1359.53
0.00605999515200388	0.10871991302407	97.758	2.512	2469.08
0.0111799910560072	0.200879839296129	128.101	4.181	3929.58
0.0144599884320093	0.259739792208166	145.273	4.088	5979.92
0.0229399816480147	0.411839670528264	236.031	5.367	8494.95
0.0365299707760234	0.65573947540842	325.166	6.952	14229.77
0.0457099634320293	0.815939347248522	401.204	8.165	17099.91
0.07810993751205	1.39211888630489	658.853	12.129	33055.8
0.116989906408075	2.07179834256133	1060.038	16.164	42181.09
0.17257986193611	3.03425757259394	1518.424	22.498	69672.45
0.188579849136121	3.28877736897811	1489.215	23.975	68200.69
0.315699747440202	5.41007567193946	2441.213	39.528	106212.39
0.36011971190423	6.05753515397188	2657.083	43.356	115826.65
0.560669551464359	9.09197272642182	3682.986	64.417	162248.42
0.981999214400628	15.0949679240257	6096.235	140.456	342447.53
1.51307878953697	21.5101627918698	6834.739	211.491	439021.73
2.24333820532944	28.6784770572184	7591.865	288.237	543789.57
4.12943669645064	44.7729841816127	7888.527	492.561	687413.3
6.03528517177186	53.151977478418	6942.291	579.386	733057.24
11.2399510080392	78.07853753717	7505.2	858.073	721717.72
15.0652079478336	75.5689795448164	6997.291	839.413	730254
24.934920052064	91.5040067967946	6601.641	1081.487	751285.61
29.732306214155	85.4210916631267	7063.668	1022.444	762818.25
37.6705598635521	90.4333676533059	6653.068	1216.579	779698.4
48.0130015895987	97.0802223358221	5913.614	1221.296	803130.44
59.0811427350858	99.8974000820799	5632.237	1305.363	827446.96
66.3743769004985	99.987760009792	7377.369	1338.261	843408.47
72.8700217039826	99.998920000864	5784.057	1388.791	858016.16
78.6868370505304	100.0	5842.143	1401.798	870614.77
