0.000989999208000634	0.0178199857440114	3.626	0.951	347.4
0.00146999882400094	0.0264599788320169	4.698	1.151	632.43
0.00207999833600133	0.037439970048024	5.367	1.05	904.4
0.00323999740800207	0.0583199533440373	10.18	1.295	1426.03
0.00408999672800262	0.0736199411040471	9.889	1.26	1793.07
0.00651999478400417	0.117179906256075	15.518	1.787	2511.68
0.00988999208800633	0.177659857872114	21.649	2.123	4002.4
0.0112699909840072	0.202319838144129	22.548	1.924	4090.51
0.0238099809520152	0.426599658720273	47.558	3.148	9182.36
0.0376999698400241	0.676979458416433	92.544	4.765	14229.77
0.051599958720033	0.92249926200059	116.894	6.225	19260.41
0.0828999336800531	1.47869881704095	169.813	9.762	30689.91
0.0895899283280573	1.58669873064102	191.244	10.291	29370.56
0.166739866608107	2.93489765208188	363.382	18.793	57787.25
0.240339807728154	4.18517665185868	515.624	25.631	82931.38
0.301969758424193	5.17175586259531	1598.787	32.883	91947.81
0.637689489848408	10.6802914557668	1022.737	68.61	183873.96
0.645479483616413	10.4340516527587	1116.415	66.79	190212.53
1.44278884576892	22.1543822764942	1945.097	209.694	439737.15
1.97211842230526	27.8501177199058	2174.168	270.602	529721.54
2.3490281207775	29.9073360741311	1963.863	307.455	560483.73
3.82186694250645	41.5068867944906	1955.934	431.869	673139.31
6.54962476030019	57.5617939505648	2214.668	597.56	737500.77
7.58792392966086	53.2718573825141	1933.853	572.09	740886.54
12.5783799372961	64.5618083505533	2175.09	694.539	724765.89
19.4402144478284	72.7672817861746	2442.019	814.841	739822.34
33.9134028692777	95.7338234129413	2739.117	1356.567	771556.06
42.7346858122513	98.3470613223509	2774.583	1392.961	791492.26
50.9062192750246	99.3662205070236	5177.747	1506.077	809473.37
58.1417234866212	99.7093002325598	2839.187	1460.449	825628.2
66.4480168415865	99.989920008064	2916.619	1534.296	843657.31
73.0305615755507	100.0	2948.902	1526.618	858118.8
78.6772870581704	100.0	2949.907	1551.503	870636.93
