0.000529999576000339	0.00953999236800611	2.809	1.18	212.24
0.00125999899200081	0.0226799818560145	4.206	1.35	462.38
0.00205999835200132	0.0370799703360237	5.611	1.552	880.79
0.00285999771200183	0.0514799588160329	7.885	1.772	1022.34
0.00331999734400212	0.0597599521920382	9.673	1.928	1214.62
0.00457999633600293	0.0824399340480528	11.857	2.161	1816.44
0.00878999296800563	0.158039873568101	20.951	3.808	3684.01
0.0107299914160069	0.192599845920123	22.409	3.288	4090.51
0.0251699798640161	0.452159638272289	52.374	5.002	9610.91
0.0361599710720231	0.647819481744415	75.408	7.388	14237.08
0.0370899703280237	0.665099467920426	95.237	8.095	14744.71
0.0818499345200524	1.45745883403293	153.657	12.748	31775.5
0.0907199274240581	1.61045871163303	193.07	13.014	29370.56
0.175969859224113	3.09635752291398	336.354	23.642	56653.19
0.237009810392152	4.12487670009864	435.45	29.911	79877.62
0.25032979973616	4.30163655869075	529.555	30.897	80728.28
0.573989540808367	9.59237232610214	1034.102	66.59	163078.93
0.739419408464473	11.9431704454636	1172.416	117.529	290408.84
1.29570896343283	18.6092851125719	1545.441	189.037	401926.28
1.32006894394484	20.1605238715809	1883.428	205.788	428070.32
2.17467826025739	27.8751376998898	1809.279	282.842	539176.8
4.10117671905862	44.4749044200765	2220.25	487.445	686862.93
7.17724425820459	63.9287488570009	2455.435	674.663	739436.61
10.4291716566627	71.0394631684295	2508.761	789.248	727751.6
16.5623667501066	84.378352497318	2719.045	959.592	732779.28
20.6818234545412	76.2630589895528	2493.187	885.278	742749.81
34.7886321690943	98.2241214207029	2807.643	1185.176	773409.76
40.9512672389862	95.6875634499492	2873.961	1195.742	787418.78
51.4567288346169	99.6688002649598	2851.018	1250.969	810698.38
58.4207432634054	99.7737401810079	2937.233	1266.37	826344.24
66.6533266773387	99.994780004176	2974.399	1326.722	844578.4
72.8438617249106	99.998380001296	2990.478	1339.434	858120.06
78.6887870489704	100.0	3138.819	1365.227	870611.8
