0.000849999320000544	0.0152999877600098	3.549	1.117	323.58
0.00141999886400091	0.0255599795520164	4.325	1.216	608.73
0.0021799982560014	0.0392399686080251	6.036	1.523	947.67
0.00272999781600175	0.0491399606880314	8.487	1.524	1151.88
0.00349999720000224	0.0628199497440402	8.592	2.094	1214.62
0.00677999457600434	0.121859902512078	42.641	3.034	2674.23
0.0108199913440069	0.193679845056124	22.499	3.113	4687.08
0.0112499910000072	0.201959838432129	29.801	3.036	3852.88
0.0161399870880103	0.290339767728186	37.687	4.048	5535.93
0.0240899807280154	0.432539653968277	46.31	4.982	8876.26
0.0471499622800302	0.84437932449654	96.624	7.477	17801.48
0.0775299379760496	1.38239889408088	164.918	12.04	26878.83
0.120829903336077	2.14829828136138	227.338	16.031	44210.91
0.173769860984111	3.05981755214596	400.875	22.096	66565.63
0.261249791000167	4.48793640965087	478.352	30.931	80728.28
0.274899780080176	4.78979616816307	537.45	36.701	96127.54
0.599179520656383	9.9957520033984	1005.664	69.063	175561.86
0.783239373408501	12.6568698745041	1172.134	124.017	303880.97
1.44719884224093	22.1790422567662	1830.265	211.529	440559.31
1.65749867400106	23.487641209887	1828.763	225.974	482691.94
2.38103809516952	30.2829957736034	1911.754	314.498	569327.5
3.41714726628219	37.506029995176	1873.424	398.033	644527.94
7.41446406842875	66.4912268070185	2474.304	712.217	740727.86
7.45924403260477	52.5576179539056	1811.235	552.592	740589.32
13.1259594992324	66.6800466559627	2264.784	744.391	726226.55
25.6960794431364	95.245123803901	2943.536	1101.093	753615.42
33.2551133959093	93.9779248176602	2766.058	1078.834	770099.2
43.2602053918357	99.0569807544154	2786.787	1160.329	792185.3
51.619688704249	99.7539401968478	2804.628	1202.265	811116.2
56.9825344139725	99.3655005075996	2869.321	1200.831	822451.21
65.8577273138181	99.964360028512	2893.955	1263.464	842763.65
73.0665915467268	100.0	2947.967	1289.741	858192.84
78.6869770504184	100.0	3027.165	1283.402	870614.08
