0.00049999960000032	0.00899999280000576	2.645	0.887	228.16
0.00127999897600082	0.0230399815680147	3.99	0.983	513.84
0.00222999821600143	0.0401399678880257	10.518	1.084	868.98
0.00250999799200161	0.0451799638560289	6.455	1.085	1128.34
0.00386999690400248	0.0696599442720446	8.803	1.215	1539.47
0.00485999611200311	0.0872999301600559	10.852	1.36	1816.44
0.00838999328800537	0.151019879184097	17.546	1.623	3607.19
0.0120099903920077	0.215819827344138	65.437	1.964	4232.18
0.0242699805840155	0.433619653104278	45.72	3.277	8150.2
0.0305199755840195	0.54629956296035	57.924	3.785	11565.53
0.0438699649040281	0.784439372448502	97.661	5.432	17099.91
0.0770999383200493	1.37627889897688	164.21	8.937	26657.13
0.107899913680069	1.91465846827323	213.432	12.327	39720.72
0.158509873192101	2.78945776843379	302.719	17.845	55447.6
0.179399856480115	3.12983749613	367.516	19.737	60118.15
0.424399660480272	7.27037418370065	777.992	47.548	131935.42
0.521809582552334	8.72909301672559	988.856	57.272	159943.63
0.672699461840431	10.865691307447	1045.525	70.388	177095.94
1.08513913188869	16.5986867210506	1368.27	140.052	380516.85
2.13775828979337	30.4145756683395	2437.606	320.537	534961.91
2.16868826504939	27.8144777484178	1840.791	271.289	538986.43
3.98102681517855	43.1598254721396	2096.172	449.368	680565.06
6.49829480136416	57.1202543037966	2166.466	586.709	737062.97
10.3465617227506	70.4080236735811	2437.713	735.091	728515.03
16.7534665972267	85.7054914356068	2660.694	941.963	733334.13
25.2856297714962	93.2293054165557	2740.145	1228.105	752019.3
28.2715173827861	82.2502141998286	2706.464	932.167	759282.66
39.8725681019455	93.9862048110361	2851.952	1351.996	784832.63
49.6105203115837	98.473061221551	2821.772	1414.66	806710.73
59.2554825956139	99.926020059184	2875.26	1483.478	828430.47
65.3337677329858	99.933760052992	2900.059	1594.878	840950.57
72.7211618230705	99.997660001872	2918.843	1532.842	857875.35
78.6857870513704	100.0	2956.909	1560.564	870595.13
