0.000909999272000582	0.0163799868960105	3.806	1.127	347.4
0.000909999272000582	0.0163799868960105	3.614	1.116	414.83
0.00215999827200138	0.0388799688960249	6.993	1.416	904.4
0.00292999765600188	0.0527399578080338	7.387	1.613	1202.86
0.00304999756000195	0.0548999560800351	23.115	1.783	1226.37
0.00815999347200522	0.146879882496094	16.413	2.556	3022.02
0.00989999208000634	0.177659857872114	20.455	3.239	4247.49
0.0139399888480089	0.25037979969616	27.808	3.433	5562.51
0.0245399803680157	0.440459647632282	46.798	5.028	9964.63
0.0365099707920234	0.652859477712418	75.126	6.985	14737.41
0.0556999554400356	0.995399203680637	133.453	8.461	20035.46
0.081279934976052	1.44719884224093	156.361	12.175	26147.4
0.0998599201120639	1.77191858246513	216.09	14.179	36718.52
0.137199890240088	2.41793806564955	2452.023	19.041	48985.29
0.158559873152101	2.76785778571377	296.434	20.673	56353.09
0.395519683584253	6.78059457552434	804.816	47.751	122829.51
0.507169594264325	8.49041320766943	897.956	59.264	154644.47
0.961499230800615	15.548747561002	1560.026	142.066	342525.02
1.4124188700649	21.6606426714859	1899.991	207.228	428962.14
2.10161831870534	29.8967160826271	2356.874	316.24	536819.29
3.00220759823392	37.9455896435283	2392.104	397.935	623937.97
4.74150620679503	51.7868585705131	2633.401	542.361	700831.35
6.76122459102033	59.5660923471261	2289.977	640.991	738042.08
10.0595219523824	68.2775453779637	2376.828	753.837	729881.62
16.6306866954506	84.8724521020383	2630.692	938.477	732842.47
25.6214495028404	94.8858440913247	2731.273	1071.021	753491.79
32.5781439374849	92.212846229723	2752.73	1079.201	768768.07
39.5763783388973	93.5273851780919	2824.558	1105.737	784282.85
50.4991596006723	99.1023407181274	2824.979	1190.436	808674.39
59.2640325887739	99.926380058896	2909.591	1256.364	828003.42
66.0874171300663	99.976960018432	2899.36	1253.275	842588.06
72.4785420171664	99.996580002736	2933.827	1257.652	857126.84
78.6797570561944	100.0	2946.863	1296.422	870581.89
