0.000579999536000371	0.0104399916480067	2.615	1.027	228.16
0.00138999888800089	0.025019979984016	4.838	1.193	573.16
0.00182999853600117	0.0329399736480211	4.992	1.32	687.7
0.00257999793600165	0.0464399628480297	8.077	1.528	1030.2
0.0037499970000024	0.0674999460000432	8.519	1.757	1512.12
0.00721999422400462	0.129959896032083	14.948	2.576	2736.1
0.00753999396800483	0.135719891424087	15.938	2.429	2608.46
0.0165499867600106	0.29753976196819	31.898	3.972	6834.14
0.0200399839680128	0.35927971257623	40.401	4.684	7639.89
0.0331999734400212	0.594899524080381	71.389	6.382	13310.35
0.039099968720025	0.698399441280447	82.345	6.756	13603.62
0.0767499386000491	1.36745890603288	145.796	11.291	26657.13
0.0907999273600581	1.61171871062503	181.273	12.625	32986.2
0.12555989955208	2.21075823139341	284.313	16.679	47151.69
0.216539826768139	3.76433698853041	434.394	26.84	75471.5
0.392589685928251	6.57791473766821	694.012	45.974	115094.3
0.416449666840267	7.14437428450057	791.729	49.264	126595.92
0.961089231128615	15.5478475617219	1562.878	142.205	342695.55
1.43772884981692	22.0780623375501	1927.945	216.748	440210.16
1.82008854392916	25.7477194018245	1946.463	254.921	506139.74
2.6563878748897	33.6691530646775	2154.482	338.533	596902.59
4.64272628581897	50.5912995269604	2539.34	532.882	700876.89
5.4748556201155	48.6829410536472	1982.773	515.751	722468.81
8.11037351170119	56.0946151243079	1992.549	613.691	740747.72
17.0549663560269	87.9733096213523	2827.658	968.803	734108.42
25.5171295862963	94.3710445031644	2746.637	1055.152	752694.21
34.5706823434541	97.5928619257105	2739.645	1148.038	773129.87
42.7216558226753	98.3202413438069	2785.827	1160.494	791472.88
50.4159796672163	99.0517607585914	2875.363	1214.852	808476.05
57.6927238458209	99.5933803252957	2878.604	1223.403	824456.87
66.4697568241945	99.9910000072	2879.42	1242.697	844530.27
72.6356618914705	99.997480002016	3048.384	1292.397	857515.21
78.6620970703223	100.0	2997.459	1297.517	870620.87
