0.000549999560000352	0.00989999208000634	2.842	1.28	212.24
0.00147999881600095	0.0266399786880171	4.858	1.454	608.73
0.00245999803200157	0.0440999647200282	6.924	1.632	1073.4
0.00300999759200193	0.0541799566560347	7.41	1.831	1257.72
0.00521999582400334	0.09377992497606	11.504	2.297	2205.35
0.00826999338400529	0.148859880912095	17.433	2.841	2736.1
0.0105199915840067	0.189359848512121	22.49	3.451	4545.83
0.0153999876800099	0.276659778672177	37.913	3.974	5703.14
0.0209299832560134	0.37547969961624	41.551	4.918	8468.76
0.0369499704400236	0.660959471232423	81.057	7.124	13574.3
0.0527599577920338	0.939239248608601	103.012	9.065	19310.7
0.053109957512034	0.950219239824608	105.608	9.602	21737.59
0.106419914864068	1.88405849275321	258.67	16.348	38190.39
0.161559870752103	2.84453772436982	288.834	21.597	60940.1
0.274299780560176	4.78565617147506	507.428	32.947	96127.54
0.378139697488242	6.48197481442015	688.288	46.988	117466.42
0.548309561352351	9.14993268005386	1104.289	63.167	169521.45
0.829229336616531	12.8251697398642	1136.717	123.567	308228.98
0.936529250776599	15.1489678808257	1491.371	136.728	332312.55
2.11505830795335	30.0648359481312	3202.066	308.701	529595.16
2.98160761471391	37.6701898638481	5462.862	398.782	622915.57
4.61730630615495	50.2703597837122	2474.397	543.222	699846.73
5.49955560035552	48.8775208979833	1903.97	535.55	723241.44
10.6762914589668	73.1326814938548	2417.782	801.585	725949.98
13.0759995392004	66.4708868232905	2246.798	743.82	726161.24
21.3528529177177	78.3200973439221	2585.244	898.935	744134.61
33.1724034620772	93.760664991468	2819.273	1142.412	769922.56
43.4161452670838	99.2585805931355	2830.877	1207.172	792956.36
50.9175992659206	99.3772004982396	2894.94	1242.709	809660.25
58.3565733147413	99.7588001929598	2936.77	1308.436	826182.99
64.9140480687615	99.9026200779039	2950.407	1335.544	840709.36
73.0226815818547	99.999460000432	3022.913	1356.236	858361.37
78.6682470654024	100.0	3060.472	1388.325	870539.62
