0.000929999256000595	0.0167399866080107	3.5	1.314	351.37
0.00179999856000115	0.0323999740800207	5.015	1.29	608.73
0.00225999819200145	0.040679967456026	5.848	1.377	1002.7
0.00328999736800211	0.0592199526240379	27.874	1.641	1202.86
0.00492999605600316	0.0887399290080568	13.023	2.067	1835.92
0.00744999404000477	0.133919892864086	16.128	2.545	2736.1
0.0113099909520072	0.20285983771213	37.003	3.183	4297.39
0.012549989960008	0.225359819712144	24.065	3.332	4778.64
0.0178599857120114	0.320399743680205	35.492	4.548	6981.18
0.0250999799200161	0.449819640144288	48.673	5.335	10157.86
0.0420599663520269	0.751859398512481	84.733	7.719	16748.69
0.0709799432160454	1.26341898926481	143.448	10.906	26073.5
0.100589919528064	1.78577857137714	290.601	14.02	36718.52
0.108149913480069	1.90601847518522	212.474	14.288	38792.79
0.261879790496168	4.49387640489888	449.626	33.269	80728.28
0.276919778464177	4.82039614368308	527.307	35.538	80104.18
0.366939706448235	6.16121507102794	678.617	43.562	115826.65
0.850139319888544	13.7086090331128	1288.87	128.292	311492.44
0.938559249152601	14.4424684460252	1430.324	133.927	342881.35
1.61563870748903	22.9001216799027	1806.206	219.389	477200.84
2.32775813779349	29.643816284947	2146.894	319.761	555417.26
4.41853646517083	47.7905017675986	2262.154	510.002	695002.67
6.86638450689239	60.6590514727588	2299.46	643.575	738926.71
11.1270910983271	77.0312983749613	2599.93	833.145	721339.58
15.3349877320098	76.9979984016013	2519.214	859.805	730780.82
25.1982198414241	92.7899257680594	2773.198	1046.233	751961.7
33.5482431614055	94.7602041918366	2768.527	1094.408	770655.5
43.5738151409479	99.4709804232157	2778.72	1150.005	792973.65
51.545418763665	99.7148802280958	2816.732	1219.968	811003.73
59.5948423241261	99.972820021744	2849.868	1225.638	829172.66
66.1561170751063	99.98020001584	2873.597	1238.788	843729.76
72.7685717851426	99.998020001584	2944.664	1299.373	857981.75
78.6836870530504	100.0	2971.282	1287.816	870621.79
