0.000449999640000288	0.00809999352000518	3.631	1.048	212.24
0.00101999918400065	0.0183599853120118	16.904	1.119	414.83
0.00153999876800099	0.0277199778240177	4.622	1.162	620.58
0.00334999732000214	0.0602999517600386	7.911	1.382	1343.87
0.00433999652800278	0.0779399376480499	11.306	1.492	1687.8
0.00486999610400312	0.0876599298720561	10.852	1.505	1828.13
0.0101599918720065	0.182699853840117	21.055	2.046	3787.66
0.010879991296007	0.195659843472125	21.474	2.512	4912.07
0.0158399873280101	0.284579772336182	32.252	2.425	5976.13
0.0357199714240229	0.639719488224409	66.991	4.683	12321.45
0.0534999572000342	0.957239234208613	115.537	6.569	21737.59
0.0617899505680395	1.10303911756871	148.12	7.187	22474.62
0.120409903672077	2.13677829057737	263.598	13.443	38302.78
0.181239855008116	3.19319744544204	364.016	21.861	64597.32
0.21823982540814	3.79709696232243	1868.519	23.913	75471.5
0.401709678632257	6.88931448854841	767.075	44.781	136029.31
0.600699519440384	9.71729222616622	911.807	65.318	171177.15
0.626779498576401	10.5038915968867	1104.506	69.744	176974.72
1.33311893350485	20.371483702813	1794.346	198.993	414250.89
1.63129869496104	23.1164815068148	1790.395	214.48	479981.64
2.91442766845787	36.8274305380556	2480.52	381.834	618579.42
3.89307688553849	42.248846200923	2176.577	441.763	675987.99
6.13858508913193	54.0451367638906	1997.525	579.724	733756.85
10.907991273607	75.1461598830721	2549.233	809.119	724720.16
15.2355678115458	76.4750988199209	2560.738	844.193	730570.78
20.7406634074693	76.4392788485769	2546.734	883.155	742892.31
34.33416253267	96.903822476942	2797.863	1422.361	772630.68
43.5729251416599	99.4717004226397	2866.286	1441.542	792975.46
51.7224686220251	99.7951601638719	2896.502	1569.914	811607.9
56.8338445329244	99.3113205509436	2903.805	1526.212	822466.77
66.6495766803387	99.99460000432	2959.878	1701.662	844561.11
73.0732315414148	100.0	3029.377	1671.032	858265.12
78.6707870633704	100.0	3064.78	1627.218	870644.98
