0.00074999940000048	0.0134999892000086	3.177	1.067	307.69
0.00121999902400078	0.0219599824320141	11.306	1.387	573.16
0.00221999822400142	0.0399599680320256	5.828	1.396	778.4
0.00285999771200183	0.0512999589600328	6.802	1.597	1198.94
0.004689996248003	0.084419932464054	10.134	1.977	1987.73
0.00698999440800447	0.12545989963208	15.299	2.459	2627.81
0.00738999408800473	0.133019893584085	14.892	2.782	2736.1
0.0149399880480096	0.267659785872171	33.704	4.019	5577.7
0.0158399873280101	0.284759772192182	38.556	4.109	5699.35
0.0303299757360194	0.543959564832348	60.759	6.097	11332.75
0.0460299631760295	0.825299339760528	107.14	7.984	17783.43
0.0653599477120418	1.16639906688075	131.815	9.444	24546.05
0.0914299268560585	1.62125870299304	203.939	13.461	32986.2
0.174769860184112	3.07565753947397	355.48	22.989	67478.25
0.201979838416129	3.51557718753825	452.539	25.613	62981.78
0.321279742976206	5.50061559950752	577.507	39.584	106212.39
0.394569684344253	6.62885469691624	729.586	46.99	115094.3
0.616949506440395	9.98171201463039	967.262	69.819	174509.56
1.38851888918489	21.2767029786376	1889.426	208.42	430213.15
1.96976842418526	25.4314596548323	1778.899	269.043	507135.54
2.11097831121735	29.9930160055872	2317.074	313.551	532701.44
2.93925764859388	32.9244936604051	1775.284	343.6	605739.55
6.94463444429244	61.4515908387273	2500.754	650.316	738417.01
9.56710234631812	64.8105681515455	2252.271	731.435	732743.19
15.8377273298181	79.7978961616831	2542.522	896.177	731656.33
19.6154943076046	73.2505813995349	2538.892	825.677	740288.68
31.5231947814442	89.5916883266493	2745.154	1046.359	766349.16
40.2734777812178	94.6298842960926	2835.324	1100.321	785646.51
51.0368691705047	99.4445204443836	2837.752	1192.825	809748.85
59.5927123258301	99.97390002088	2878.965	1240.699	829124.29
66.5696167443066	99.993880004896	2890.205	1263.957	844755.55
72.9106716714627	99.999280000576	2927.298	1302.328	858037.28
78.6593070725543	100.0	2938.538	1281.198	870612.95
