0.000699999440000448	0.0125999899200081	2.931	0.9	311.66
0.00175999859200113	0.0316799746560203	4.884	1.015	687.7
0.00260999791200167	0.0469799624160301	6.558	1.068	1073.4
0.00314999748000202	0.0566999546400363	9.988	1.122	1128.34
0.00449999640000288	0.0809999352000518	13.552	1.313	1796.96
0.00513999588800329	0.0925199259840592	12.862	1.519	2248.05
0.00899999280000576	0.161999870400104	17.938	1.622	3607.19
0.01559998752001	0.28061977550418	50.053	2.498	5703.14
0.0228999816800147	0.410759671392263	46.433	2.94	8221.39
0.0242599805920155	0.435239651808279	72.912	3.139	8150.2
0.0316699746640203	0.567899545680363	60.436	3.729	12269.9
0.0831999334400532	1.48499881200095	214.732	9.959	29307.82
0.100829919336065	1.78811856950514	194.368	11.387	38149.52
0.152629877896098	2.69531784374573	287.108	18.199	55392.02
0.247429802056158	4.31441654846676	494.024	26.492	83156.51
0.330639735488212	5.67557545953963	587.599	36.853	107861.87
0.588279529376377	9.8405921275263	952.887	64.188	163137.15
0.914769268184585	14.7814081748735	1448.19	130.732	304744.12
1.01351918918465	15.5320075743939	1324.354	134.388	340054.65
1.98100841519327	27.9798976160819	2173.231	270.525	529334.77
2.60487791609767	32.9810136151891	2266.317	333.876	592164.39
3.89551688358649	42.2767461786031	2015.222	455.232	676130.23
5.75291539766768	50.8638193089445	2804.798	590.946	729012.3
9.55192235846211	64.7160682271454	2303.564	685.431	732899.1
12.9609696312243	66.0302471758023	2305.893	742.78	725967
19.2691345846923	72.2973021621583	2415.164	812.921	739491.88
32.9802136158291	93.2694453844437	2780.132	1305.572	769647.54
40.9136072691142	95.6328434937252	2855.055	1382.679	787299.94
51.1544890764087	99.5163403869277	2785.667	1459.72	810094.32
59.42331246135	99.950680039456	2852.084	1565.402	828729.99
65.7792273766181	99.96130003096	2865.082	1471.721	842576.67
72.7985817611346	99.998380001296	2929.909	1601.242	857917.82
78.6847870521704	100.0	2977.548	1538.491	870621.22
