0.000909999272000582	0.0163799868960105	6.145	0.912	323.58
0.00142999885600092	0.0257399794080165	4.254	0.956	778.4
0.00160999871200103	0.0289799768160185	5.207	1.006	664.02
0.00367999705600236	0.0662399470080424	8.353	1.166	1426.03
0.00431999654400277	0.0775799379360497	10.56	1.229	1793.07
0.00594999524000381	0.107099914320069	27.402	1.385	2469.08
0.0104599916320067	0.18755984995212	22.223	1.782	4002.4
0.010969991224007	0.197099842320126	24.631	1.823	4687.08
0.0200799839360128	0.360719711424231	38.69	2.743	7805.12
0.0328999736800211	0.590399527680378	62.727	3.965	12317.77
0.048499961200031	0.868139305488556	117.281	6.009	19655.35
0.0536099571120343	0.956159235072612	102.069	6.322	19310.7
0.106369914904068	1.88801848958521	213.726	12.14	39720.72
0.153109877512098	2.69369784504172	360.329	17.345	53795.94
0.249109800712159	4.28471657222674	508.007	26.417	81260.96
0.267659785872171	4.65587627529898	507.784	28.831	88418.2
0.45391963686429	7.59617392306086	825.044	47.33	131789.5
0.64050948759241	10.3636717090626	1024.125	66.954	192226.73
1.26414898868081	18.1967254426196	1464.475	180.525	402485.79
1.29306896554483	19.7614641908286	1860.719	191.873	417776.7
2.28186817450546	29.1131767094586	1950.65	282.871	545537.07
4.65800627359498	50.7828193737445	2511.065	518.865	700992.7
6.76132459094033	59.5885923291261	2183.396	633.158	738066.32
11.1015711187431	76.8100785519372	2670.828	832.681	721588.86
14.4654084276733	72.5966419226865	2488.335	804.81	729157.71
24.6752202598238	90.2944077644738	3692.272	1017.953	750987.01
34.8479521216383	98.392421286063	2735.979	1415.273	773749.16
42.5441159647072	98.0720215423828	2748.237	1387.499	791135.52
51.8499085200732	99.8486201211039	2830.433	1506.396	811674.66
57.4753340197328	99.5341603726717	2827.217	1446.994	823990.47
65.8713273029382	99.964360028512	2869.995	1522.741	842805.03
73.0623015501588	99.999820000144	2935.875	1565.222	858351.87
78.6700770639384	100.0	5109.276	1538.788	870550.09
