0.000759999392000486	0.0136799890560088	2.788	0.92	351.37
0.00133999892800086	0.0241199807040154	4.303	0.953	620.58
0.00176999858400113	0.0318599745120204	5.161	1.03	608.73
0.00251999798400161	0.045359963712029	6.502	1.105	1108.72
0.00393999684800252	0.0709199432640454	11.141	1.416	1722.9
0.00746999402400478	0.134459892432086	16.758	1.528	2794.08
0.0107099914320069	0.192779845776123	21.284	1.775	3929.58
0.0170299863760109	0.306179755056196	37.093	2.639	6834.14
0.0195999843200125	0.351719718624225	47.233	2.769	7805.12
0.0364799708160233	0.651599478720417	76.99	4.622	13145.22
0.037529969976024	0.67247946201643	81.519	4.616	14744.71
0.0695299443760445	1.24001900798479	165.667	8.481	26073.5
0.0899599280320576	1.59497872401702	168.619	10.102	29370.56
0.152549877960098	2.69225784619372	328.658	17.692	55392.02
0.276969778424177	4.82561613950709	1036.317	31.871	89131.61
0.401549678760257	6.88337449330041	699.746	44.435	136029.31
0.626339498928401	10.5049715960227	1091.235	66.801	176985.05
0.927809257752594	15.0119879904096	1588.536	132.476	351599.21
1.0908691273047	16.7318866144907	1534.006	144.311	381545.57
1.93978844816924	27.4200980639216	2077.774	269.409	524917.68
3.22014742388206	41.0891071287143	2640.529	408.073	630639.29
4.83498613201109	53.0212975829619	2516.528	522.257	704881.71
7.08824432940454	62.9662896269683	2617.672	661.801	739390.24
7.28059417552466	51.605778715377	1770.424	540.617	740002.43
16.0633971492823	81.1460950831239	2569.865	880.78	732328.61
21.924982460014	80.1591558726753	2628.328	892.609	745697.44
30.8902352878118	88.0895895283284	2793.903	1022.678	764938.74
43.4102952717638	99.2650605879515	2831.788	1388.244	792741.28
48.6470310823751	97.6661218671025	2842.159	1432.936	804670.88
59.1458126833499	99.9076600738719	2874.162	1486.578	827732.31
66.2355570115544	99.983440013248	2916.855	1524.563	843909.77
73.0526115579108	99.999460000432	2926.878	1547.305	858369.97
78.6615970707223	100.0	2958.007	1581.778	870620.55
