0.000589999528000378	0.0106199915040068	2.83	0.867	228.16
0.0017199986240011	0.0309599752320198	6.545	0.996	746.86
0.00242999805600156	0.043739965008028	6.659	1.12	1198.94
0.00255999795200164	0.0460799631360295	6.705	1.076	1026.27
0.00324999740000208	0.0584999532000374	7.583	1.14	1359.53
0.00763999388800489	0.137339890128088	19.473	1.701	2681.97
0.00819999344000525	0.147059882352094	16.562	1.562	3295.66
0.012569989944008	0.225899819280145	24.97	1.979	4232.18
0.023419981264015	0.419399664480268	77.304	3.285	9957.2
0.0304999756000195	0.54683956252835	61.976	3.823	11960.35
0.0507999593600325	0.907379274096581	131.265	5.875	18198.33
0.0836499330800535	1.48625881099295	174.099	9.654	32371.25
0.0842099326320539	1.50029879976096	160.544	10.087	29356.62
0.117199906240075	2.06675834659332	216.132	12.793	41441.27
0.217459826032139	3.78449697240242	427.491	24.171	75471.5
0.251359798912161	4.32395654083477	430.639	26.986	80728.28
0.428759656992274	7.17119426304459	791.113	45.079	138372.17
0.889139288688569	14.3339285328572	1407.821	129.177	319330.65
1.4046688762649	21.5645227483818	1837.341	203.008	430698.63
1.46932882453694	20.9426232459014	1625.255	197.261	441128.73
2.8104477516418	35.5866915306468	2211.714	367.189	610423.51
4.0593967524826	44.0142847885722	2473.664	448.188	685652.17
6.46774482580414	56.8682545053964	2138.176	590.879	736870.39
11.0955111235911	76.7585985931211	2575.268	803.277	721654.87
11.6526706778635	61.0123911900871	2088.656	654.461	722445.86
23.470191223847	85.4597916321667	2667.413	971.778	748900.29
34.421702462638	97.1588822728942	2776.664	1480.751	772691.98
42.3681961054431	97.8068817544946	2768.368	1490.578	790780.46
51.7122386302091	99.7946201643039	2823.831	1547.796	811326.87
57.4055740755407	99.5140003887997	2874.637	1535.31	823830.81
66.5870067303946	99.994420004464	2915.555	1604.637	844810.69
72.6389918888065	99.997660001872	2974.99	1628.883	857681.85
78.6856470514824	100.0	2973.943	1627.033	870595.22
