0.000809999352000518	0.0145799883360093	3.379	1.074	379.14
0.00176999858400113	0.0318599745120204	5.471	1.379	719.26
0.00225999819200145	0.040679967456026	6.105	1.21	904.4
0.00332999733600213	0.0599399520480384	7.854	1.406	1480.86
0.00346999722400222	0.0622799501760399	8.377	1.358	1312.55
0.00589999528000378	0.106019915184068	13.285	1.579	2030.51
0.00769999384000493	0.138599889120089	16.28	1.7	3230.19
0.0121499902800078	0.21851982518414	26.832	2.163	4232.18
0.0247299802160158	0.443519645184284	47.804	3.435	9957.2
0.0270799783360173	0.485819611344311	52.985	3.775	9186.09
0.0424799660160272	0.758339393328485	94.727	5.614	16465.97
0.0809199352640518	1.44197884641692	154.635	10.105	31758.19
0.119459904432076	2.11697830641736	237.893	13.78	46370.5
0.137699889840088	2.42693805844955	258.593	16.305	50016.68
0.276209779032177	4.81661614670708	531.363	32.435	96127.54
0.299879760096192	5.13359589312329	526.123	34.698	89309.25
0.516589586728331	8.65529307576554	1109.093	53.672	159898.38
0.6256294994964	10.1237319010145	971.996	70.117	183756.85
1.30987895209684	18.785144971884	1474.653	185.074	404565.31
1.32339894128085	20.240083807933	1804.012	196.123	413172.17
2.76781778574577	35.0081719934624	2228.07	345.529	609555.49
3.49588720329024	38.2740893807285	2026.424	391.819	648501.62
7.0302643757885	62.3031701574639	2363.227	657.719	739159.78
10.3468117225506	70.4119836704131	2473.661	760.646	728508.19
14.9538680369056	74.98380001296	2527.977	845.307	730061.6
25.6726694618644	95.1337038930369	2726.149	1480.909	753574.95
30.7461654030677	87.7308498153201	2792.066	1038.583	764553.31
40.653407477274	95.226943818445	2828.42	1498.048	786573.65
49.7608901912878	98.5871811302551	2842.062	1557.588	807022.88
58.0619435504452	99.6878802496958	2925.999	1632.584	824537.89
65.5067175946259	99.942940045648	2940.286	1643.711	841322.27
73.0414815668148	99.999460000432	3166.167	1712.128	858362.27
78.6834470532424	100.0	3006.759	1764.434	870588.5
