0.00101999918400065	0.0183599853120118	3.733	0.924	323.58
0.00170999863200109	0.0307799753760197	7.547	0.988	687.7
0.00226999818400145	0.0408599673120262	5.926	1.051	908.34
0.00335999731200215	0.0604799516160387	7.87	1.138	1543.38
0.00377999697600242	0.0680399455680435	9.612	1.209	1512.12
0.0065599947520042	0.118079905536076	13.641	1.388	2674.23
0.00690999447200442	0.12437990049608	17.076	1.763	2817.26
0.0126699898640081	0.227699817840146	26.25	2.042	5562.51
0.0239499808400153	0.429839656128275	81.008	3.117	8150.2
0.0349299720560224	0.626579498736401	73.097	4.368	14737.41
0.0355399715680227	0.636119491104407	72.327	4.177	12181.51
0.0602399518080386	1.07423914060869	135.111	7.06	22474.62
0.121939902448078	2.16305826955338	227.58	13.071	44951.92
0.189919848064122	3.34241732606614	413.896	21.579	64536.44
0.229059816752147	3.99437680449856	483.299	24.734	79803.12
0.360209711832231	6.05771515382788	631.916	40.896	115826.65
0.401999678400257	6.88355449315641	779.691	43.21	136029.31
0.704299436560451	11.3678909056873	1095.515	72.642	280247.59
0.930279255776595	14.2914485668411	1292.427	126.94	335052.77
2.00751839398528	25.8850592919526	1767.299	261.58	510889.08
2.16210827031338	30.7698953840837	2469.503	311.244	540231.84
3.55487715609828	38.8653889076889	2001.029	393.886	653660.88
6.38617489106009	56.1644550684359	2128.265	584.766	736384.19
10.0133519893184	67.8995456803635	2354.094	735.954	730110.45
16.3833868932905	83.1779334576532	2655.807	928.02	732768.38
19.1290046967962	71.92326246139	2434.56	810.203	739280.79
34.6949622440302	97.9688816248947	2775.513	1456.91	773201.58
43.3675253059798	99.1928806456955	2800.613	1457.08	792886.36
51.6686686650651	99.7706801834559	2803.838	1534.273	811414.52
58.8379729296217	99.8551001159199	2853.055	1535.552	827705.83
65.0777479378016	99.9155800675359	2883.971	1619.664	841013.47
72.5455619635504	99.99730000216	2945.673	1637.191	857312.55
78.6861470510824	100.0	2966.937	1636.842	870595.71
