0.000709999432000454	0.0127799897760082	2.888	0.933	379.14
0.00179999856000115	0.0323999740800207	4.948	1.062	687.7
0.00274999780000176	0.0494999604000317	7.926	1.181	1073.4
0.00363999708800233	0.0655199475840419	8.289	1.226	1426.03
0.00501999598400321	0.0901799278560577	10.876	1.386	2298.5
0.00797999361600511	0.143639885088092	18.46	1.537	3287.96
0.00823999340800527	0.148319881344095	16.875	1.652	3295.66
0.0129399896480083	0.232379814096149	29.104	2.234	5144.37
0.018739985008012	0.336599730720215	39.635	2.668	7508.37
0.0263099789520168	0.471419622864302	66.811	4.19	9186.09
0.0404899676080259	0.725759419392464	90.262	5.349	15320.95
0.073469941224047	1.30985895211284	181.792	8.948	27877.92
0.119929904056077	2.12291830166536	236.758	13.202	42484.5
0.173329861336111	3.04973756020995	357.191	20.407	69672.45
0.180309855752115	3.13865748907401	359.348	20.548	60118.15
0.310749751400199	5.32673573861141	577.768	34.698	103538.76
0.442289646168283	7.41311406950874	694.779	48.144	126835.1
0.964739228208617	15.604007516794	1457.158	136.796	342301.35
1.35892891285687	20.8169833464133	1805.012	199.43	440862.37
2.0332383734093	28.7787369770104	2230.843	272.326	535243.74
2.73619781104175	34.6436722850622	2787.851	339.179	607193.79
3.38475729219417	37.2230702215438	1904.408	380.503	643078.38
6.70151463878829	59.0462527629978	2130.471	600.801	737575.9
10.7769113784709	73.9605008315993	2496.738	784.073	725193.58
13.1614394708484	66.8188265449388	2263.757	738.185	726272.65
20.6734834612132	76.2383990092808	2515.935	825.251	742731.41
34.8383621293103	98.368121305503	2733.204	1431.789	773522.9
37.8567697145842	90.7411674070661	2838.532	1061.907	780158.83
50.8730993015206	99.3475005219996	2816.443	1550.161	809572.35
58.0635635491492	99.6882402494078	2866.356	1560.93	825418.34
66.4613168309465	99.989740008208	2903.49	1607.464	843700.38
72.5392119686304	99.99730000216	2970.716	1643.564	857298.34
78.6875070499944	100.0	2951.36	1649.531	870613.56
