0.000509999592000326	0.00917999265600588	2.649	1.055	212.24
0.00149999880000096	0.0269999784000173	4.538	1.246	636.38
0.00160999871200103	0.0289799768160185	6.115	1.276	762.63
0.00338999728800217	0.0610199511840391	9.813	1.849	1543.38
0.00477999617600306	0.085859931312055	12.789	2.007	1828.13
0.00527999577600338	0.0946799242560606	11.385	2.149	1835.92
0.0107499914000069	0.193319845344124	23.014	3.358	4297.39
0.0148499881200095	0.26603978716817	32.539	3.593	5801.78
0.0162699869840104	0.292139766288187	35.816	4.121	6845.46
0.0321499742800206	0.575099539920368	74.525	6.3	12549.95
0.0559699552240358	1.00115919907264	111.903	9.506	21751.85
0.0727599417920466	1.29419896464083	136.025	11.673	27212.19
0.0933199253440597	1.66193867044906	173.532	14.86	35389.24
0.164589868328105	2.89547768361785	305.347	20.877	60940.1
0.267809785752171	4.66361626910698	457.108	34.65	96073.44
0.378399697280242	6.48341481326815	695.466	44.739	116538.85
0.628419497264402	10.5292715765827	1030.468	73.6	177026.3
0.769189384648492	12.3737301010159	1159.461	117.436	298404.07
1.15909907272074	17.7166658266673	1483.485	152.372	395795.8
1.83424853260117	25.9129592696326	1963.194	253.527	513020.85
2.84660772271382	36.0503711597031	2296.757	383.621	609515.08
3.86316690946647	41.9230464615628	1982.315	446.642	674697.37
6.01053519157185	52.9631576294739	2171.1	551.12	732844.11
10.868241305407	74.7483602013118	2565.932	809.708	724682.82
13.7941389646888	69.5415043667965	2345.994	755.022	727934.33
24.3553105157516	88.9231688614649	2700.433	1003.364	750026.91
31.0268651785079	88.4152092678326	2801.35	1013.369	765335.7
43.5609951512039	99.4605404315677	2777.13	1181.441	792876.84
51.8606885114492	99.8569001144799	2844.704	1208.972	811794.59
59.1505226795819	99.9076600738719	2875.665	1284.253	828280.38
66.4614668308265	99.990280007776	2900.369	1259.948	844513.08
73.0428415657267	99.999460000432	2916.913	1261.851	858362.34
78.6711270630984	100.0	2998.257	1268.556	870557.43
