0.00060999951200039	0.010979991216007	3.662	1.199	259.99
0.00141999886400091	0.0255599795520164	4.442	1.357	513.84
0.00221999822400142	0.0399599680320256	6.202	1.552	904.4
0.00320999743200205	0.057779953776037	8.761	1.864	1202.86
0.00403999676800259	0.0727199418240465	9.331	2.134	1687.8
0.007819993744005	0.14075988739209	48.41	2.878	2681.97
0.00888999288800569	0.159659872272102	17.622	2.917	3545.71
0.0153699877040098	0.276299778960177	30.956	4.168	7117.06
0.018749985000012	0.336599730720215	36.792	4.683	7508.37
0.0369799704160237	0.662219470224424	93.981	7.547	13596.29
0.0447899641680287	0.799919360064512	82.956	8.433	17783.43
0.0800299359760512	1.42523885980891	190.658	12.204	26147.4
0.12576989938408	2.23181821454543	256.466	17.422	42916.26
0.136579890736087	2.40785807371354	262.823	18.686	48027.88
0.255009795992163	4.44419644464284	496.007	32.894	81533.27
0.42148966280827	7.22987421610063	804.71	50.452	126786.92
0.639129488696409	10.7159314272549	1049.611	76.028	183647.34
0.854459316432547	13.2294494164405	1246.824	127.428	307170.37
0.896429282856574	14.4329284536572	1332.754	138.406	328762.01
2.14010828791337	30.4602956317635	2356.445	312.999	535430.73
2.99396760482592	37.8300297359762	2389.515	399.973	624970.97
4.46859642512286	48.3587613129909	2360.337	538.323	698948.12
4.95151603878717	44.7553441957246	1684.996	476.332	707804.77
9.63667229066217	65.2895477683618	2318.393	735.689	731979.69
16.8794464964428	86.6049507160394	2817.719	986.122	733501.77
25.6973994420804	95.252863797709	2740.231	1105.338	753622.15
34.4821624142701	97.3387021290383	2769.698	1167.147	772896.49
43.5070251943798	99.3755804995356	2827.08	1219.326	793193.1
47.7253918196865	96.809322552542	2882.05	1215.909	802453.96
58.3369533304373	99.7553801956958	2929.45	1289.13	826133.91
66.3473169221465	99.987220010224	3448.674	1338.564	844156.68
72.5972419222065	99.99730000216	3091.438	1405.417	857427.29
78.6849470520424	100.0	3089.09	1388.549	870590.4
