0.000839999328000538	0.0151199879040097	3.337	1.109	347.4
0.00148999880800095	0.0268199785440172	4.692	1.172	671.91
0.0023499981200015	0.0422999661600271	6.375	1.274	904.4
0.0026499978800017	0.0476999618400305	6.4	1.248	912.27
0.00417999665600267	0.0752399398080481	9.61	1.411	1656.59
0.00535999571200343	0.0964799228160617	13.105	1.58	1816.44
0.00826999338400529	0.148859880912095	17.088	1.817	3295.66
0.0158799872960102	0.284759772192182	33.343	2.549	5535.93
0.0165199867840106	0.29699976240019	32.224	2.486	5585.29
0.028199977440018	0.505619595504324	58.173	3.751	11136.76
0.0362399710080232	0.647639481888414	68.591	4.681	13145.22
0.0473099621520303	0.845459323632541	87.213	5.683	18043.24
0.0816999346400523	1.44791884166493	215.546	9.981	28396.13
0.161939870448104	2.82725773819381	313.044	18.751	56353.09
0.163129869496104	2.87135770291384	368.122	19.08	57624.61
0.42129966296027	7.23167421466063	782.335	45.997	127846.62
0.45349963720029	7.58231393414885	1084.105	48.372	130653.26
0.87516929986456	13.5035891971286	1858.517	123.013	306773.22
0.919069264744588	14.8661881070495	1539.063	132.213	309991.69
1.45277883777693	20.7332834133733	1580.687	199.403	445638.72
2.56724794620164	32.5160739871408	2189.029	327.412	589063.53
4.87357610113912	53.4795772163382	2698.705	560.676	707999.33
6.77881457694834	59.7500521999582	2257.068	631.618	738270.75
10.4505716395427	71.1937230450216	2525.699	773.382	727543.54
17.0645263483789	88.0384695692243	2747.281	993.425	734131.56
24.7649701880238	90.7161474270821	2802.295	1055.42	751213.37
28.7077370338104	83.1862134510292	2730.285	991.981	760257.81
43.5281151775079	99.4002404798076	2822.702	1556.606	793321.96
49.5099103920717	98.383961292831	2877.523	1574.638	806538.54
57.2174442260446	99.4459604432316	2932.761	1574.587	822879.04
65.600547519562	99.950320039744	3013.638	1656.482	841474.81
73.0043315965347	99.999280000576	2991.892	1676.224	858360.56
78.6888470489224	100.0	3043.46	1740.264	870597.82
