0.000589999528000378	0.0106199915040068	2.789	0.995	212.24
0.00153999876800099	0.0277199778240177	5.14	1.259	620.58
0.00175999859200113	0.0316799746560203	6.366	1.32	620.58
0.00314999748000202	0.0566999546400363	10.839	1.592	1257.72
0.00493999604800316	0.0889199288640569	11.478	2.455	1835.92
0.00774999380000496	0.139319888544089	17.318	2.509	2681.97
0.00918999264800588	0.165419867664106	19.176	2.756	3545.71
0.014049988760009	0.252359798112162	28.49	3.672	5801.78
0.0176899858480113	0.317519745984203	35.931	4.054	7508.37
0.0352799717760226	0.632519493984405	69.884	7.06	14737.41
0.0572199542240366	1.02347918121666	125.559	9.203	20994.87
0.0834699332240534	1.48985880811295	176.199	11.839	31775.5
0.090569927544058	1.60739871408103	180.511	15.496	29997.52
0.161439870848103	2.84129772696182	372.981	21.312	57624.61
0.261849790520168	4.57019634384292	512.27	32.888	81567.28
0.262829789736168	4.51439638848289	465.149	33.38	83313.73
0.455209635832291	7.61273390981287	774.564	51.721	134695.55
0.900629279496576	13.8619689104249	1228.264	129.309	319810.7
0.935419251664599	15.1354678916257	1461.17	138.32	332750.14
2.01511838790529	28.5056771954582	2171.389	285.382	525252.6
3.09394752484198	39.3621885102492	2535.864	405.381	626352.49
4.82936613650709	52.9365176507859	2643.146	546.172	704487.22
6.36381490894807	55.9887752089798	3606.765	603.275	736347.71
10.3969216824627	70.7797233762213	2376.027	754.885	728071.88
16.4230768615385	83.3986132811094	2681.149	947.85	732777.66
22.8603117117506	83.2672133862293	2675.366	946.354	747657.34
33.7736329810936	95.375083699933	2809.778	1099.888	771074.3
43.3108153513477	99.1250206999834	2805.696	1157.266	792352.49
51.4677188258249	99.6756402594878	2835.109	1203.054	810732.58
56.5033047973562	99.1799206560635	2865.052	1198.066	821619.35
65.3189577448338	99.93520005184	2907.165	1276.58	841555.19
73.0617115506308	100.0	2915.696	1262.944	858165.63
78.6754170596664	100.0	2992.25	1296.034	870638.26
