0.000579999536000371	0.0104399916480067	3.104	1.071	323.58
0.00144999884000093	0.0259199792640166	5.22	1.178	585.02
0.00147999881600095	0.0266399786880171	31.332	1.298	616.63
0.00245999803200157	0.0442799645760283	6.406	1.323	912.27
0.00420999663200269	0.0757799393760485	28.082	1.474	1722.9
0.00621999502400398	0.111779910576072	13.455	1.957	2511.68
0.0117699905840075	0.211679830656135	36.918	2.094	4778.64
0.0120599903520077	0.216719826624139	27.427	2.18	4335.64
0.0190599847520122	0.341999726400219	37.707	3.035	7639.89
0.0330799735360212	0.592019526384379	67.014	4.089	12586.73
0.0483199613440309	0.860939311248551	91.765	6.421	18043.24
0.0574399540480368	1.02779917776066	130.793	7.206	20994.87
0.0807599353920517	1.43369885304092	157.844	9.693	28396.13
0.175909859272113	3.09527752377798	341.188	20.179	56653.19
0.214359828512137	3.73409701272239	406.704	24.713	74580.3
0.360919711264231	6.18263505389196	688.956	40.846	118118.82
0.60897951281639	10.1845718523425	1088.851	72.004	174826.97
0.632269494184405	10.2389318088546	985.365	67.629	191650
0.918179265456588	14.109828712137	1237.159	127.531	324882.43
1.97422842061726	27.8767576985938	2153.428	272.598	529724.89
2.99624760300192	37.8532497174002	2565.812	416.452	624848.84
4.38907648873881	47.4630820295344	2297.71	527.195	694022.34
7.46544402764478	67.0411263670989	2534.579	711.843	740902.01
10.0890619287505	68.4904852076118	2343.026	732.719	729735.99
16.2144270284584	82.0541943566445	2695.683	904.182	732521.01
21.1626530698775	77.7116978306417	2588.391	902.637	743758.11
31.5297147762282	89.6035683171453	3696.616	1069.361	766358.02
43.5628751496999	99.4481204415036	2814.066	1571.962	793279.37
51.6640586687531	99.7687001850398	2884.396	1620.645	811391.63
56.5918147265482	99.2258206193435	2965.562	1612.617	821659.29
65.4088076729539	99.940420047664	2944.965	1688.835	841790.24
72.8298317361346	99.998380001296	3013.039	1687.306	858093.72
78.6618070705543	100.0	3020.654	1713.029	870491.02
