0.000659999472000422	0.0118799904960076	3.03	1.119	212.24
0.00163999868800105	0.0295199763840189	4.883	1.165	687.7
0.00244999804000157	0.0440999647200282	6.912	1.355	928
0.00330999735200212	0.0595799523360381	8.52	1.385	1359.53
0.00378999696800243	0.0682199454240437	9.47	1.407	1359.53
0.00698999440800447	0.125819899344081	15.102	1.67	2794.08
0.0116299906960074	0.209339832528134	26.062	2.159	4778.64
0.012429990056008	0.223739821008143	28	2.133	4343.29
0.0237399810080152	0.426419658864273	48.183	3.267	9573.68
0.0278899776880179	0.50057959953632	60.896	3.87	11136.76
0.0358199713440229	0.641519486784411	72.257	4.457	13145.22
0.067159946272043	1.19753904196877	145.403	8.546	25051.1
0.105679915456068	1.8741585006732	216.514	11.875	38190.39
0.161579870736103	2.84615772307382	299.563	18.613	60940.1
0.192329846136123	3.34979732016214	440.355	21.583	66635.83
0.332439734048213	5.69501544398764	597.681	39.123	108261.18
0.618849504920396	10.3517917185666	978.874	67.623	183249.85
0.741439406848475	11.9667504265997	1072.989	113.503	290063.93
1.32019894384085	20.1610638711489	1796.275	195.503	425183.24
1.8701185039052	26.4549388360489	1980.113	261.572	516561.51
2.87858769712984	36.3925508859593	2424.528	375.352	615897.42
3.73928700857039	40.630827495338	2117.931	411.789	669112.63
5.91799526560379	52.2260582191534	2134.669	541.741	731857.55
9.85063211949431	66.7453866036907	2321.78	734.717	731497.46
14.2126486298811	71.3998228801417	2381.96	807.257	728674.31
22.3236621410703	81.4286948570441	2629.111	939.466	746489.55
28.7514169988664	83.2830533735573	2681.346	980.9	760359.84
39.007438794049	92.6070459143633	2832.17	1427.564	782945.05
51.8409285272572	99.8504201196639	2859.083	1599.788	811520.98
59.5453823636941	99.966160027072	2956.247	1653.846	828979.34
66.1307070954343	99.979840016128	2980.726	1665.551	843664.84
72.9083516733187	99.999280000576	2990.838	1735.342	858036.77
78.6836570530744	100.0	3052.626	1739.948	870621.83
