0.000619999504000397	0.0111599910720071	6.003	1.022	291.79
0.00153999876800099	0.0277199778240177	4.674	1.659	671.91
0.00253999796800163	0.0457199634240293	6.656	1.444	1014.48
0.00286999770400184	0.0516599586720331	7.419	1.614	1332.13
0.00426999658400273	0.0768599385120492	10.467	1.972	1793.07
0.00535999571200343	0.0962999229600616	11.343	2.05	1960.5
0.00957999233600613	0.17243986204811	32.507	3.061	4247.49
0.00992999205600635	0.178559857152114	19.671	3.934	3814.52
0.0214199828640137	0.385019691984246	64.119	4.586	8468.76
0.0248499801200159	0.444599644320285	49.278	5.26	10157.86
0.0465199627840298	0.831959334432532	87.338	7.843	17801.48
0.0611199511040391	1.0900791279367	126.78	9.594	22474.62
0.108219913424069	1.91951846438523	233.14	14.694	42056.29
0.158599873120102	2.77181778254577	315.691	21.211	56353.09
0.182909853672117	3.22307742153806	371.549	23.522	67091.88
0.263149789480168	4.5253763796989	558.417	31.091	80728.28
0.523669581064335	8.76617298706161	847.715	58.918	159971.59
0.75006939994448	12.0986903210477	1490.172	114.956	292567.62
1.10577911537671	16.9307864553708	1507.974	149.291	384069.36
1.98155841475327	27.9939376048499	2140.839	281.842	526916.68
2.80019775984179	35.4576316338947	3880.643	354.876	610693.3
3.06649754680196	34.1418326865339	1860.121	351.916	619528.93
5.34451572438742	47.6643218685425	1895.285	508.513	719291.13
7.93469365224508	55.1170359063713	1997.81	595.598	741022.96
15.1199579040337	75.8359193312645	2502.686	835.97	730343.52
24.5478403617277	89.7259682192254	2727.69	1015.301	750575.84
32.812443750045	92.8214257428594	2772.22	1073.377	769317.88
42.7482358014114	98.365781307375	2778.812	1146.991	791513.68
51.4319388544489	99.6538602769118	2833.416	1195.312	810837.89
56.4554848356121	99.1682206654235	2847.241	1200.808	821372.47
66.6828366537307	99.9955000036	2869.865	1271.368	844754.1
72.9903716077027	99.99910000072	2986.284	1276.952	858360.07
78.6834570532344	100.0	2952.162	1281.313	870588.58
