0.000819999344000525	0.0147599881920094	16.246	0.951	311.66
0.00148999880800095	0.0268199785440172	4.399	0.995	585.02
0.00192999845600124	0.0347399722080222	5.479	1.017	837.49
0.00356999714400228	0.0642599485920411	8.085	1.142	1359.53
0.004689996248003	0.0842399326080539	11.111	1.344	1835.92
0.006249995000004	0.112319910144072	42.94	1.558	2511.68
0.00635999491200407	0.114299908560073	14.486	1.444	2627.81
0.0135599891520087	0.243539805168156	30.512	2.013	5562.51
0.0207199834240133	0.371879702496238	61.46	2.881	8123.96
0.0267899785680171	0.480959615232308	73.353	3.428	9186.09
0.0559899552080358	1.00025919979264	115.814	6.371	20994.87
0.0747999401600479	1.33487893209685	165.228	8.668	26643.08
0.0915299267760586	1.62593869924904	177.392	10.379	32986.2
0.154959876032099	2.73365781307375	296.054	17.513	55447.6
0.284199772640182	4.95503603597117	539.712	32.485	92793.35
0.331429734856212	5.67485546011563	626.257	36.653	108396.17
0.477139618288305	7.9727336218131	780.503	52.669	149712.07
0.806329354936516	13.0013895988883	1281.797	118.743	311391.43
1.16745906603275	17.8766856986514	1635.877	176.764	397831.5
1.47670881863295	21.0319031744775	1620.838	201.892	439726.14
3.20822743341805	40.9524872380102	2589.153	406.931	629639.72
4.88080609535512	53.5697571441943	2598.656	557.895	708200.94
6.43505485195612	56.6009547192362	2129.836	586.752	736638.96
10.869791304167	74.7669001864798	2631.739	798.363	724684.43
14.5709083432733	73.0900215279828	2488.811	821.758	729328.64
21.2882729693816	78.102117518306	2487.044	873.238	743999.42
34.8457921233663	98.371721302623	2740.791	1412.559	773750.43
43.2976153619077	99.1055807155354	2768.019	1504.18	792298.37
47.1644122684702	96.2576229939016	2792.452	1467.52	801171.64
59.2486026011179	99.924760060192	2874.404	1582.835	827978.98
66.1218771024983	99.97930001656	2907.721	1574.935	843636.03
73.0579215536628	99.999820000144	2979.187	1623.389	858370.25
78.6834170532664	100.0	2985.631	1765.739	870588.32
