0.000659999472000422	0.0118799904960076	2.894	0.986	291.79
0.0012499990000008	0.0224999820000144	3.958	1.196	561.3
0.00241999806400155	0.0435599651520279	6.516	1.114	1002.7
0.00321999742400206	0.0579599536320371	12.101	1.196	1151.88
0.00445999643200285	0.0802799357760514	11.37	1.552	1796.96
0.00730999415200468	0.131579894736084	27.784	1.897	2736.1
0.00761999390400488	0.136619890704087	19.507	1.589	3230.19
0.0118999904800076	0.213839828928137	24.392	1.989	4232.18
0.0174599860320112	0.313559749152201	35.728	2.539	6845.46
0.0283899772880182	0.509039592768326	53.352	3.717	11136.76
0.0486699610640311	0.867959305632556	118.521	5.734	18043.24
0.0566299546960362	1.01267918985665	113.994	6.588	20994.87
0.127559897952082	2.26349818920145	286.728	13.859	44834.65
0.183039853568117	3.22739741808207	364.703	20.611	67091.88
0.202129838296129	3.52241718206625	377.663	21.756	69433.79
0.332179734256213	5.70293543765165	634.618	37.244	107861.87
0.496739602608318	8.31293334965332	879.003	52.799	152636.21
0.690799447360442	11.1668310665351	1026.514	71.418	196062.22
1.37476890018488	21.0572831541735	1944.909	200.614	409374.56
2.07134834292133	29.3840764927388	2195.904	280.698	523137.62
2.27878817696946	29.0751967398426	1834.151	278.703	545283.57
3.96402682877854	42.9542656365875	2011.69	446.632	679419.24
5.20468583625133	46.6716226627019	2033.843	478.347	716448.2
9.66148227081418	65.4652276278179	2321.53	718.013	731974.37
15.3090977527218	76.8739785008172	2544.752	831.825	730715.15
20.272813781749	75.1103399117281	2440.16	827.298	741846.45
34.6905222475822	97.9534016372787	2762.594	1438.754	773209.64
42.8012557589954	98.448761240991	2792.527	1466.821	791596.57
50.9249292600566	99.3761204991036	2860.002	1495.729	809506.75
59.0392927685658	99.8884000892799	2832.286	1566.356	828101.76
66.4260368591705	99.99010000792	2909.4	1634.544	843571.75
72.7261418190865	99.998020001584	2900.401	1653.254	857723.87
78.6884270492584	100.0	2955.817	1652.976	870605.85
