0.000739999408000474	0.0133199893440085	3.278	1.057	307.69
0.000969999224000621	0.0174599860320112	3.307	1.095	418.79
0.00223999820800143	0.0401399678880257	5.981	1.39	849.3
0.00288999768800185	0.0520199583840333	7.144	1.559	1202.86
0.00489999608000314	0.0881999294400564	10.829	2.09	1800.86
0.00509999592000326	0.0916199267040586	10.916	1.988	1816.44
0.0106499914800068	0.190799847360122	36.787	3.33	3929.58
0.0120599903520077	0.216539826768139	24.741	3.245	4232.18
0.0195299843760125	0.350819719344225	47.523	4.378	7639.89
0.0369699704240237	0.662579469936424	70.831	7.294	13574.3
0.053059957552034	0.949859240112608	98.317	8.248	18205.54
0.0598599521120383	1.06811914550468	118.396	9.255	19978.12
0.122319902144078	2.17043826364939	284.858	16.339	38302.78
0.130689895448084	2.30255815795347	276.638	17.12	42842.2
0.162159870272104	2.82905773675381	311.014	20.826	56353.09
0.411969670424264	7.05959435232452	724.613	47.682	136104.47
0.574809540152368	9.59885232091814	995.334	69.351	165839.3
0.840099327920538	13.5584891532087	1296.246	126.465	314315.28
1.27719897824082	19.5076643938685	1853.74	198.427	406421.08
2.05106835914531	29.1156967074426	2284.143	285.854	524382.69
2.09933832052934	26.9915184067853	1764.3	275.401	535592.31
4.72896621682703	51.638718689025	2470.492	532.451	699570.56
5.23902580877935	46.925422459662	1838.341	487.413	717571.93
9.70261223791021	65.7674473860421	2265.396	718.988	731965.27
12.51934998452	64.3333885332892	2377.858	709.778	724629.41
24.2559205952635	88.5109691912246	2700.356	999.363	750004.74
31.6559946752043	89.8890480887615	2800.844	1036.955	766682.29
39.2677685857851	93.0266255786995	2834.337	1065.898	783589.9
51.8623585101132	99.8569001144799	2824.944	1214.917	811787.68
59.5908323273341	99.973360021312	2834.678	1221.566	829110.76
66.4235168611865	99.99010000792	2909.523	1260.328	843568.56
72.7965517627586	99.998380001296	2907.802	1265.053	857915.58
78.6735870611303	100.0	2971.124	1297.883	870570.53
