0.000539999568000346	0.00971999222400622	2.818	1.244	291.79
0.00163999868800105	0.0295199763840189	4.855	1.373	778.4
0.00182999853600117	0.0329399736480211	5.139	1.325	664.02
0.0037499970000024	0.0674999460000432	8.565	1.754	1355.61
0.00503999596800323	0.0907199274240581	11.461	2.315	1835.92
0.00670999463200429	0.120599903520077	14	2.35	2608.46
0.00819999344000525	0.147599881920094	16.718	2.639	3022.02
0.0147199882240094	0.264599788320169	29.7	3.754	6161.66
0.0186299850960119	0.334799732160214	37.001	4.392	7508.37
0.037539969968024	0.672839461728431	79.862	6.749	13596.29
0.0511899590480328	0.915119267904586	94.794	8.939	18198.33
0.0699099440720447	1.2468590025128	141.694	10.628	26073.5
0.0901299278960577	1.60001871998502	218.378	12.561	32986.2
0.161499870800103	2.84291772566582	335.21	21.53	57624.61
0.267519785984171	4.64741628206697	537.021	31.949	88418.2
0.301919758464193	5.17715585827531	610.02	37.394	89309.25
0.542289566168347	9.0561527550778	912.031	65.056	165623.33
0.724159420672463	11.6994506404395	1144.673	80.167	286374.66
1.27653897876882	19.5101843918525	1693.394	194.017	406913.42
1.33230893415285	19.0769247384602	1601.782	189.124	409206.61
2.52617797905762	32.0174743860205	2044.626	332.564	584855.03
4.78007617593906	52.2836581730735	2513.896	541.437	704989.38
6.35309491752407	55.8921152863078	2153.871	599.796	736326.5
9.93643205085436	67.3534261172591	2319.399	730.786	730513.16
16.9413864468908	87.0794303364557	2726.405	949.851	733779.22
25.3719097024722	93.6357450914039	2745.302	1046.557	752245.45
34.8457121234303	98.383601293119	2751.225	1145.506	773638.17
43.0834155332676	98.8237009410392	2777.563	1171.291	791867.77
48.1713514629188	97.2319622144302	2854.215	1167.244	803523.7
56.7974245620603	99.2962005630395	2861.423	1205.046	822369.74
66.4569068344745	99.99010000792	2931.283	1262.851	844503.84
73.0063015949587	99.999820000144	2987.125	1294.78	858094.68
78.6892070486344	100.0	3010.196	1284.611	870598.06
