0.000659999472000422	0.0118799904960076	3.132	1.132	287.82
0.00111999910400072	0.0201599838720129	3.784	1.287	462.38
0.00240999807200154	0.0433799652960278	6.301	1.466	928
0.00298999760800191	0.0538199569440344	7.9	1.686	1202.86
0.00433999652800278	0.0779399376480499	23.67	2.006	1796.96
0.00745999403200477	0.134279892576086	15.62	2.613	2921.68
0.00769999384000493	0.138599889120089	17.04	2.568	2681.97
0.0121799902560078	0.21887982489614	57.743	3.769	4778.64
0.0227999817600146	0.409139672688262	52.218	4.728	8311.28
0.026519978784017	0.475199619840304	54.445	5.701	10354.64
0.0374199700640239	0.669419464464428	72.61	6.637	15025.52
0.0607099514320389	1.08521913182469	117.299	9.976	19978.12
0.0982699213840629	1.74689860248112	187.274	13.45	35986.24
0.188769848984121	3.32459734032213	360.323	24.371	64882.44
0.224509820392144	3.9135568691545	424.887	27.956	76942.25
0.350019719984224	5.99147520681983	652.673	43.663	113839.25
0.393149685480252	6.60095471923623	681.911	46.666	115094.3
0.600369519704384	9.72575221939822	1133.103	70.231	171611.14
1.22343902124878	18.674985060012	1620.739	190.137	412409.1
1.86436850850519	26.3636789090569	1998.959	264.965	516486.95
2.94283764572988	37.2070502343598	2390.357	387.788	617857.41
4.33322653341877	46.89626248299	2140.294	471.659	694805.11
4.72056622354702	43.0091655926675	1813.241	452.492	698613.29
10.3994616804307	70.7966433626853	2410.569	748.876	728047.35
16.3794468964425	83.1559734752212	2665.705	914.565	732763.66
22.6568118745505	82.5464939628048	2588.55	911.028	747156.04
32.4624140300688	91.9115264707788	2796.161	1075.541	768509.13
40.1220279023777	94.3931844854524	2807.309	1110.764	785341.25
51.7862685709851	99.8228801416959	2831.213	1200.228	811761.86
59.5931323254941	99.9730000216	2884.228	1256.112	829199.38
66.1895470483624	99.982180014256	2896.301	1239.095	843825.91
73.0650115479908	99.999820000144	2929.808	1263.365	858329.04
78.6785070571944	100.0	2976.919	1284.415	870630.9
