0.000849999320000544	0.0152999877600098	3.548	1.307	379.14
0.00145999883200093	0.0262799789760168	4.673	1.474	671.91
0.0028199977440018	0.0507599593920325	7.065	1.94	1014.48
0.00355999715200228	0.064079948736041	8.835	1.866	1206.78
0.0053099957520034	0.0955799235360612	12.234	2.61	1800.86
0.00595999523200381	0.107099914320069	13.172	2.671	2469.08
0.00674999460000432	0.121139903088078	14.567	2.574	2608.46
0.0158399873280101	0.284939772048182	31.729	4.117	6225.99
0.0225499819600144	0.404459676432259	44.342	5.236	10376.9
0.0284899772080182	0.510299591760327	53.826	5.562	11332.75
0.0495399603680317	0.883799292960566	92.033	8.725	19655.35
0.0701399438880449	1.2477590017928	133.138	10.847	27135.01
0.0935199251840599	1.66463866828907	186.5	13.942	35389.24
0.183739853008118	3.23315741347407	347.061	23.942	67091.88
0.282419774064181	4.92515605987515	529.628	36.43	89272.69
0.335829731336215	5.75603539517168	591.167	42.189	109892.53
0.467129626296299	7.810013751989	803.385	54.367	144861.26
0.959649232280614	15.5293075765539	1442.563	143.977	342941.61
1.16556906754475	17.8502257198194	1524.564	182.401	397494.02
1.76334858932113	24.977860017712	1930.673	260.371	497903.85
2.9685276251779	37.5202499838	2523.137	410.135	621222.13
3.18058745553004	35.2493718005026	1975.17	362.445	625948.86
7.33500413199669	65.61408750873	2474.058	701.354	740342.07
10.4465116427907	71.1562830749735	2450.187	790.784	727591.26
14.5885083291933	73.1721014623188	2477.499	879.92	729359.05
22.9068116745507	83.4241732606614	2674.262	970.795	747786.7
34.7780621775503	98.1996414402869	2788.121	1187.077	773437.13
42.157826273739	97.5075419939664	2840.943	1203.686	790347.35
50.5689095448724	99.1468006825595	2880.286	1228.945	808835.46
57.877033698373	99.6376602898718	2933.498	1293.268	824225.42
66.5898867280906	99.99460000432	2970.098	1351.2	844819.57
73.0612215510228	100.0	3019.653	1374.074	858165.48
78.6877070498344	100.0	3068.098	1393.239	870604.85
