0.000669999464000429	0.0120599903520077	3.064	1.232	267.94
0.001559998752001	0.028079977536018	4.814	1.432	664.02
0.00174999860000112	0.0314999748000202	5.486	1.642	620.58
0.00266999786400171	0.0480599615520308	6.674	1.768	1108.72
0.00351999718400225	0.0633599493120405	8.414	1.933	1512.12
0.00737999409600472	0.132659893872085	22.189	2.718	2736.1
0.00960999231200615	0.17261986190411	19.714	3.44	3814.52
0.0118099905520076	0.212579829936136	37.438	3.505	3852.88
0.0157699873840101	0.282959773632181	32.784	4.592	5535.93
0.0229499816400147	0.411299670960263	43.108	4.927	8876.26
0.049949960040032	0.892979285616571	120.516	8.327	18587.45
0.054749956200035	0.975599219520624	99.854	8.578	22051.13
0.121889902488078	2.16413826868938	219.893	16.429	46370.5
0.157969873624101	2.77955777635378	313.784	23.11	55447.6
0.25032979973616	4.36301650958679	517.164	29.938	83156.51
0.389429688456249	6.66737466610027	706.89	47.432	140944.94
0.528529577176338	8.84033292773366	972.833	60.101	160035.5
0.729389416488467	11.7894505684395	1072.37	82.137	288282.95
1.23117901505679	18.803864956908	1809.051	194.543	417009.47
2.17628825896939	30.9983152013478	2377.694	325.24	542589.23
2.44861804110557	31.0625751499399	1982.201	325.658	578252.15
4.82386614090709	52.8499377200498	2747.028	548.504	704244.31
5.09492592405926	45.8384033292773	1976.04	485.705	713049.14
8.45159323872541	58.0072935941651	2047.047	632.359	739753.41
16.7895665683467	85.966851226519	2678.676	973.749	733303.42
25.6914794468164	95.2251438198849	2758.815	1097.027	753605.2
30.3298357361314	86.7683905852875	2791.734	1067.507	763845.22
42.7521157983074	98.371361302911	2831.841	1230.354	791516.55
51.635778691377	99.7618601905119	2871.118	1260.46	811172.7
57.3066841546527	99.4756604194717	2934.33	1298.235	823015.49
65.1658878672897	99.923140061488	2986.744	1316.929	841183.09
73.0585515531588	99.999820000144	3000.255	1359.474	858369.67
78.6884570492344	100.0	3068.004	1398.394	870606.11
