0.000599999520000384	0.0107999913600069	2.733	0.923	212.24
0.00160999871200103	0.0289799768160185	4.56	1.038	620.58
0.00195999843200125	0.0352799717760226	5.452	1.271	746.86
0.00380999695200244	0.0685799451360439	8.636	1.24	1418.21
0.0053099957520034	0.0955799235360612	14.311	1.405	2026.62
0.00705999435200452	0.127079898336081	15.486	1.58	2627.81
0.0082799933760053	0.148499881200095	18.526	1.866	3287.96
0.0136899890480088	0.246059803152157	27.716	2.3	5562.51
0.0216099827120138	0.387899689680248	41.546	3.031	8281.32
0.0217899825680139	0.39131968694425	58.749	2.962	8992.02
0.0465199627840298	0.831599334720532	92.114	5.873	17801.48
0.0645899483280413	1.15037907969674	141.222	7.711	24546.05
0.0913099269520584	1.62107870313704	193.509	10.534	29370.56
0.151349878920097	2.6636378690897	289.724	17.383	53355.24
0.238499809200153	4.16213667029066	486.732	25.427	82931.38
0.243549805160156	4.18355665315468	475.283	25.861	81260.96
0.517089586328331	8.66159307072554	938.537	54.22	159898.38
0.867709305832555	13.993188805449	1277.515	127.007	336613.68
1.38258889392888	21.2115430307656	1846.821	202.941	416678.36
1.42353886116891	20.320723743421	1532.114	197.398	443723.56
2.78711777030578	35.2650317879746	2292.913	340.533	610809.45
4.40260647791482	47.6294018964785	2428.403	498.441	694561.66
7.30480415615667	65.2967477626018	2491.261	709.337	740172.46
9.45186243851005	64.056368754905	2287.571	680.474	733807.96
14.7943181645455	74.1770406583675	2394.211	812.986	729731.69
23.485381211695	85.5181115855107	2664.75	952.789	748923.13
29.9926860058512	86.016891186487	2697.661	975.926	763376.73
41.4357068514345	96.4028828776937	2889.473	1481.06	788925.71
51.7511985990411	99.8077601537919	2813.982	1555.825	811716.5
59.2728025817579	99.92890005688	2859.249	1569.524	828472.22
65.1948478441217	99.925660059472	2868.312	1580.702	841248.09
72.8276917378466	99.998560001152	2959.499	1604.924	857998.2
78.6760470591624	100.0	2957.152	1658.276	870637.3
