0.000879999296000563	0.0158399873280101	3.432	0.944	347.4
0.00148999880800095	0.0268199785440172	4.63	1.006	616.63
0.00157999873600101	0.0284399772480182	5.346	1.031	585.02
0.00309999752000198	0.0557999553600357	7.415	1.184	1151.88
0.0053099957520034	0.0952199238240609	12.368	1.317	2030.51
0.00741999406400475	0.133559893152085	35.095	1.603	3287.96
0.00922999261600591	0.165959867232106	31.14	1.735	3684.01
0.0100499919600064	0.180179855856115	20.502	1.725	3814.52
0.0199499840400128	0.35873971300823	39.367	2.689	7639.89
0.029659976272019	0.532259574192341	71.336	3.767	11565.53
0.0438699649040281	0.784079372736502	117.329	5.408	17099.91
0.0567799545760363	1.01321918942465	105.023	7.373	22051.13
0.103459917232066	1.83599853120118	200.158	11.631	38190.39
0.169429864456108	2.98583761132991	365.456	18.93	56630.37
0.282949773640181	4.93073605541116	574.71	32.622	93053.41
0.324579740336208	5.56361554910756	641.082	36.097	107861.87
0.470849623320301	7.88111369510904	880.819	50.268	148111.36
0.815809347352522	13.1450294839764	1332.839	119.201	313617.16
0.866119307104554	13.3844292924566	1230.474	121.719	306763.95
1.558248753401	22.1407022874382	1744.455	208.181	462026.07
2.35630811495351	29.9881560094752	1912.099	303.268	562522.79
4.23762660989871	45.8913232869414	2195.987	473.626	691067.84
4.76386618890705	43.3734853012118	1750.484	459.254	700202.23
9.35026251978998	63.3952292838166	2221	671.927	734447.43
16.7828265737387	85.919151264679	2666.159	932.151	733317.9
25.5967995225604	94.7497642001886	2710.973	1395.672	753276.08
34.0816627346698	96.1888630489096	2791.662	1450.233	772210.86
43.1919154464676	98.9770608183513	2773.404	1488.529	792023.56
51.2388290089368	99.5557603553917	2846.865	1545.113	810304.15
59.4639824288141	99.954820036144	2981.12	1540.871	828511.95
66.3826568938745	99.987940009648	2896.393	1574.115	843434.66
72.5208719833024	99.996940002448	2959.467	1638.448	857432.93
78.6615070707943	100.0	2973.583	1642.485	870619.41
