0.000899999280000576	0.0161999870400104	7.828	1.259	394.32
0.00188999848800121	0.0340199727840218	14.268	1.261	852.53
0.00289999768000186	0.0518399585280332	16.494	1.305	1017.33
0.0037499970000024	0.067139946288043	22.683	1.438	1559.93
0.00598999520800383	0.107099914320069	33.628	1.497	2432.15
0.00969999224000621	0.170999863200109	55.685	1.808	3846.97
0.0127099898320081	0.219599824320141	72.999	2.214	4751.34
0.0192599845920123	0.330659735472212	104.213	2.604	7995.01
0.0278399777280178	0.4694396244483	167.714	3.348	12259.67
0.0425299659760272	0.695879443296445	553.126	4.654	16484.16
0.0629599496320403	0.982259214192629	337.556	6.398	26167.3
0.0948199241440607	1.37807889753688	527.168	8.543	39375.89
0.142609885912091	1.8739785008172	660.233	11.342	55165.68
0.210619831504135	2.41199807040154	822.536	15.91	90702.81
0.315789747368202	3.01247759001793	1046.441	21.396	125306.09
0.473029621576303	3.57353714117029	1151.382	28.742	193214.49
0.710629431496455	4.12739669808264	1213.021	39.214	265059.95
1.06353914916868	4.60925631259495	1185.411	53.674	339083.32
1.60378871696903	5.21675582659534	1306.734	76.459	538111.13
2.39907808073754	6.04313516549187	1286.854	109.232	762193.41
3.35571731542615	5.80175535859571	1107.42	140.645	955762.44
5.39742568205945	9.03545277163778	1774.009	243.623	1467226.08
8.09215352627718	11.7291506166795	2111.285	354.178	1891533.57
12.1410502871598	15.7816673746661	2525.111	529.921	2152539.4
18.2076454338837	21.842622525902	9828.349	754.219	2416579.29
27.3065781547375	30.9473752420998	4312.438	1137.931	2809940.88
37.3093801524959	40.9494272404582	5659.297	1556.806	3252313.7
47.3099021520783	50.9741592206726	9400.011	1972.474	3676987.97
57.3090941527247	60.947411242071	8397.873	2391.039	4111134.11
67.3068261545391	70.9413632469094	9537.471	2884.723	4533728.96
77.3103481517215	80.9358552513158	10643.957	3319.046	4973468.5
87.3123001501599	90.9589672328262	13429.344	3927.663	5409040.1
97.1761722590622	99.7553801956958	12844.998	7905.771	5844620.45
