0.00101999918400065	0.0183599853120118	8.146	1.135	398.34
0.00237999809600152	0.0426599658720273	14.994	1.425	715.87
0.00284999772000182	0.0505799595360324	18.243	1.501	1113.8
0.00622999501600399	0.11015991187207	44.141	2.162	2343.72
0.00926999258400593	0.162539869968104	60.803	2.761	3360.62
0.0192799845760123	0.332819733744213	117.322	4.17	8167.85
0.0276599778720177	0.4694396244483	186.813	5.106	10209.74
0.0634399492480406	0.980279215776627	316.495	7.976	25371.39
0.09366992506406	1.37105890315288	480.024	10.826	34475.89
0.14081988734409	1.85291851766519	612.532	13.768	56516.37
0.210149831880135	2.42909805672155	835.615	18.329	81842.35
0.475459619632304	3.5987371210103	1049.743	32.358	191746.76
0.654829476136419	3.44825724139421	881.777	37.797	250372.07
2.40151807878554	6.03323517341186	1328.709	119.003	766676.97
5.39783568173146	9.04247276602179	1721.403	260.69	1491293.59
8.03304357356514	11.0366911706471	1862.927	376.342	1869989.88
12.1389702888238	15.7908473673221	2559.186	554.816	2152048.82
18.2080454335637	21.84316252547	3321.741	826.008	2417694.66
27.3108881512895	30.9507952393638	4490.639	1218.202	2804846.81
47.3110321511743	50.9453592437126	6946.195	2130.803	3681696.62
57.3107141514287	60.944351244519	8102.584	2533.903	4118584.94
67.3144161484671	70.9606232315014	9889.919	2971.149	4531967.94
77.1396382882894	79.717976225619	10710.035	3434.878	4946201.99
97.0715023427981	99.4637804289757	12806.432	4337.361	5825463.05
