0.00103999916800067	0.018719985024012	7.237	1.249	398.34
0.0021799982560014	0.0388799688960249	15.438	1.689	860.57
0.00320999743200205	0.057779953776037	19.386	1.873	1194.19
0.00376999698400241	0.0669599464320429	23.403	1.799	1563.95
0.00617999505600396	0.11015991187207	57.415	2.371	2588.91
0.00899999280000576	0.158579873136102	51.775	2.894	3762.56
0.0133999892800086	0.232379814096149	72.827	3.421	4879.96
0.0189199848640121	0.322199742240206	99.658	4.061	8171.87
0.0283399773280181	0.476999618400305	186.668	5.118	11295
0.0410299671760263	0.670679463456429	229.99	6.724	16484.16
0.06251994998404	0.96893922484862	363.398	9.356	24467
0.0951399238880609	1.36673890660887	439.213	11.573	40103.47
0.14053988756809	1.83905852875318	662.811	13.476	50908.65
0.211199831040135	2.43017805585756	746.857	18.501	82610.2
0.319299744560204	3.02633757892994	964.69	24.412	121044.34
0.475339619728304	3.60413711669031	1080.796	31.871	176478.61
0.714359428512457	4.10813671349063	1043.498	46.135	268209.15
1.06486914810468	4.62617629905896	1355.316	59.183	406523.32
1.60017871985702	5.22953581637135	1485.003	83.688	554816
2.39551808358553	6.03287517369986	1391.384	118.489	748469.19
3.60204711836231	7.24715420227664	1630.582	178.14	1115747.18
5.39852568117946	9.02789277768578	1743.51	254.096	1492199.42
8.09283352573318	11.7318506145195	1982.2	358.187	1887763.31
12.1333402933278	15.7825673739461	2510.025	535.358	2148652.47
18.2088554329157	21.860082511934	3252.603	813.429	2419359.13
27.3148081481535	30.9533152373478	4654.536	1190.936	2808125.55
37.3103401517279	40.9283672573062	5742.367	1621.33	3240426.83
47.3107121514303	50.9552592357926	6798.463	2078.682	3673596
57.3092841525727	60.976391218887	8195.225	2484.464	4094811.29
67.3103461517231	70.9561232351014	9248.161	3032.444	4556064.55
77.3109581512335	80.9531352374918	10873.256	3334.157	4975506.15
87.3139301488559	90.9667072266342	11769.003	3738.06	5409275.13
97.1922422462062	99.7841801726559	12757.049	4186.896	5842549.13
