0.000989999208000634	0.0178199857440114	8.477	0.912	414.42
0.00173999860800111	0.03131997494402	20.519	1.1	800.28
0.00314999748000202	0.0565199547840362	17.896	1.102	1270.55
0.00380999695200244	0.0682199454240437	39.739	1.208	1728.75
0.0056199955040036	0.100079919936064	33.879	1.287	2637.14
0.00863999308800553	0.152639877888098	51.007	2.031	3493.26
0.0127099898320081	0.221039823168141	69.72	2.071	4751.34
0.0184399852480118	0.317159746272203	137.718	2.555	8107.56
0.0279099776720179	0.467459626032299	211.14	3.181	10885
0.0416999666400267	0.679499456400435	214.476	4.396	16347.48
0.0627499498000402	0.979919216064627	377.661	6.132	25009.62
0.0934299252560598	1.35827891337687	464.225	8.216	36722.89
0.14020988783209	1.85273851780919	612.054	10.861	55081.27
0.209789832168134	2.41037807169754	764.936	16.827	87173.07
0.318479745216204	3.04793756164995	892.544	21.481	129668.39
0.475599619520304	3.62177710257832	1063.622	29.06	187074.18
0.715109427912458	4.12811669750664	1071.81	39.665	280782.09
1.07097914321669	4.63139629488296	1161.658	54.514	361309.75
1.59975872019302	5.22287582169934	1157.166	77.171	561172.18
2.40049807960154	6.03269517384386	1371.565	109.79	793684.88
3.5941071247143	7.22843421725263	1526.603	163.127	1067518.51
5.39587568329945	9.04949276040579	1726.309	241.645	1463752.94
8.09268352585318	11.7334706132235	2127.215	351.372	1895928.93
12.1419202864638	15.7564673948261	2635.282	520.592	2153021.56
18.2068054345557	21.859002512798	3310.165	768.906	2410654.72
27.3116281506975	30.9524152380678	4406.769	1178.008	2797177.83
37.3121601502719	40.9330472535622	5855.576	1625.561	3237189.7
47.3132621493903	50.9566992346406	7290.984	2011.294	3668317.14
57.3091641526687	60.948671241063	8217.175	2469.987	4103633.1
67.3067361546111	70.9530632375494	9687.065	2905.875	4539074.97
77.1450682839454	79.739036208771	10564.03	3291.327	4947287.8
87.3176701458639	90.9449272440582	12943.465	4036.851	5407208.01
96.951692438646	99.2105206315835	12889.096	8059.601	5814385.35
