0.00101999918400065	0.0181799854560116	8.525	1.173	366.18
0.00189999848000122	0.0340199727840218	33.543	1.197	756.07
0.0028199977440018	0.0502199598240321	23.073	1.269	1330.85
0.00377999697600242	0.0678599457120434	22.486	1.619	1592.09
0.00647999481600415	0.114839908128074	49.585	1.647	2375.88
0.00891999286400571	0.157319874144101	67.048	1.866	3561.59
0.0130899895280084	0.227519817984146	72.19	2.063	4377.55
0.0186599850720119	0.321659742672206	100.274	2.624	8328.63
0.0271599782720174	0.453959636832291	175.195	3.391	11077.93
0.0418299665360268	0.685259451792439	280.669	4.473	16484.16
0.0626999498400401	0.976499218800625	348.783	6.151	26155.24
0.0941199247040602	1.36187891049687	500.702	8.566	34990.42
0.139579888336089	1.83743853004918	635.831	11.119	49369.07
0.212379830096136	2.43089805528156	817.838	15.995	69951.01
0.316209747032202	3.03317757345794	905.096	21.358	124136.12
0.472699621840303	3.6001771198583	1017.846	28.949	190319.24
0.710149431880455	4.10723671421063	1085.519	38.767	281256.69
1.06923914460868	4.63445629243497	1341.968	63.184	379365.51
1.48998880800895	4.24259660592272	903.503	66.785	499467.88
2.40024807980154	6.03233517413186	1317.651	108.95	777396.82
3.5930671255463	7.23185421451663	1471.737	157.346	1075977.36
5.39437568449945	9.03977276818179	2074.656	238.974	1496364.79
8.09227352618118	11.7246506202795	2040.123	365.037	1879156.15
12.1356302914958	15.7768073785541	2594.038	523.289	2152593.87
18.2016954386437	21.7506425994859	3482.448	759.93	2419707.09
27.3198781440975	30.9594352324518	4604.245	1200.282	2806578.29
37.3110101511919	40.9573472341222	5756.534	1528.204	3232192.01
47.3094321524543	50.9460792431366	7460.37	2267.208	3678824.39
57.3090441527647	60.930491255607	8661.017	2498.023	4119197.06
67.3111461510831	70.9575632339494	9476.502	2860.51	4539519.34
77.3095081523935	80.9446752442598	11769.236	3261.523	4971959
87.1637702689838	89.8040881567295	11985.838	3688.261	5397363
97.2120822303342	99.8471801222559	13119.41	8276.925	5845945.24
