0.000879999296000563	0.01565998747201	6.038	0.919	410.4
0.0018699985040012	0.0334799732160214	11.505	1.074	796.26
0.00305999755200196	0.0548999560800351	17.941	1.154	1258.5
0.00366999706400235	0.0653399477280418	21.238	1.156	1624.24
0.00612999509600392	0.10979991216007	60.285	1.386	2383.92
0.00950999239200609	0.166319866944106	56.157	1.76	3569.63
0.0130199895840083	0.227339818128145	68.835	1.954	5121.12
0.0178399857280114	0.310499751600199	109.188	2.44	6395.28
0.0282499774000181	0.475739619408304	149.491	3.296	11146.26
0.0433499653200277	0.710099431920454	247.901	4.402	16536.41
0.0630699495440404	0.977759217792626	420.67	5.918	22891.33
0.0933299253360597	1.20275903779277	424.257	7.624	11676.85
0.0947399242080606	1.37213890228888	537.337	8.214	33627.73
0.210149831880135	2.43683805052956	805.671	15.424	88986.17
0.317219746224203	3.03353757316994	891.066	21.873	134501.14
0.474469620424304	3.58523713181029	967.501	28.504	187633.1
0.618449505240396	3.19445744443404	805.621	30.327	202491.53
1.06662914669668	4.63859628912297	1252.56	52.634	400105.84
1.59888872088902	5.21963582429134	1264.818	75.423	561747.8
2.39992808005754	6.03017517585986	1360.871	111.727	791815.5
3.5998971200823	7.23203421437263	1591.731	157.631	1064686.85
5.39605568315545	9.04193276645379	1719.707	234.104	1458941.67
8.09312352550118	11.7215906227275	2091.786	337.504	1883867.5
12.1376902898478	15.7840073727941	2600.083	490.885	2149797.06
18.2087454330037	21.860082511934	3410.662	757.371	2409816.1
27.3138281489375	30.9439552448358	4418.844	1118.494	2798905.33
37.1893402485278	39.9065080747935	7507.744	1517.382	3229097.65
47.3138921488863	50.9512992389606	6976.983	1988.448	3672292.11
57.3123141501487	60.959111232711	8379.652	2377.362	4108299.74
67.3088561529151	70.9653032277574	10359.718	2777.691	4540458.59
77.1763382589294	79.8554961156031	11866.31	3256.262	4952352.95
87.3105801515359	90.9627472298022	12321.018	3856.196	5409924.92
97.2272222182222	99.9105400715679	12883.851	7931.514	5845521.95
