0.000979999216000627	0.0176399858880113	7.11	1.115	402.36
0.00205999835200132	0.0363599709120233	14.379	1.205	816.36
0.00289999768000186	0.0520199583840333	24.398	1.297	1166.05
0.00381999694400244	0.0682199454240437	26.504	1.338	1632.28
0.00518999584800332	0.0919799264160589	32.279	1.483	2243.24
0.00892999285600572	0.157499874000101	54.495	1.727	3641.98
0.0135099891920086	0.236159811072151	75.768	2.13	5149.26
0.0191499846800123	0.32867973705621	127.31	2.803	8023.15
0.0275699779440176	0.465299627760298	150.526	3.343	11053.82
0.0430999655200276	0.695339443728445	248.239	4.925	16588.67
0.0629399496480403	0.979919216064627	408.74	6.28	24667.97
0.0955299235760611	1.39733888212889	435.864	8.688	37739.89
0.138989888808089	1.82897853681717	678.031	11.519	59410.69
0.211889830488136	2.43053805556956	824.506	16.749	73476.59
0.315599747520202	3.02705757835394	903.818	20.863	121832.35
0.436019651184279	3.08285753371397	803.767	24.82	170061.07
0.708599433120453	4.11659670672263	1062.316	38.336	284072.19
1.04855916115267	4.3732765013788	1003.308	51.394	378794.21
1.60177871857703	5.24285580571536	1250.953	76.325	573546.73
2.39679808256153	6.03719517024386	1403.533	111.645	793914.52
3.5976571218743	7.23815420947663	1529.732	156.888	1069922.61
5.39646568282745	9.05399275680579	1668.131	248.017	1465289.37
8.09846352122918	11.7271706182635	2231.95	345.344	1886886.77
12.1375302899758	15.7706873834501	2751.201	506.624	2148082.26
18.2063754348997	21.843702525038	3207.083	774.234	2418415.7
27.3118781504975	30.9671752262598	4789.894	1167.363	2796896.92
37.3084201532639	40.9481672414662	5640.422	1574.856	3252439.38
47.3128221497423	50.9509392392486	7048.79	1999.703	3676975.55
57.3075841539327	60.950651239479	8381.357	2407.884	4119247.4
67.2736261810991	70.4362836509731	9222.436	2830.953	4539900.86
77.3105481515615	80.9439552448358	10845.544	3271.149	4977493.47
87.3100201519839	90.9494272404582	12510.694	3963.928	5422038.14
97.0253723797021	99.3556005155196	12687.983	8368.474	5820792.08
