0.00088999928800057	0.0158399873280101	7.403	1.078	402.36
0.0020299983760013	0.0365399707680234	12.585	1.192	744.01
0.003119997504002	0.0561599550720359	21.076	1.268	1322.81
0.00400999679200257	0.0714599428320457	24.562	1.359	1680.52
0.00616999506400395	0.11015991187207	36.458	1.591	2383.92
0.00902999277600578	0.158939872848102	53.739	1.91	3762.56
0.0134599892320086	0.23363981308815	77.403	2.123	5430.62
0.0196099843120126	0.340019727984218	118.455	2.927	7669.44
0.0283099773520181	0.476279618976305	167.663	3.385	11069.89
0.0415899667280266	0.673379461296431	255.333	4.548	15093.4
0.0630399495680403	0.976859218512625	391.982	6.297	26947.09
0.0787699369840504	1.13021909582472	403.983	7.029	23876.11
0.142339886128091	1.8741585006732	802.857	11.682	56371.65
0.210289831768135	2.42153806276955	742.191	17.938	88021.31
0.318109745512204	3.02363758108994	928.523	22.297	121751.94
0.472909621672303	3.6016171187063	1126.898	30.756	180238.28
0.713469429224457	4.12397670081864	1028.641	41.601	278642.32
1.06813914548868	4.63409629272297	1165.777	53.175	383420.93
1.60115871907302	5.22251582198734	1330.717	74.789	538988.61
2.40237807809754	6.05321515742787	1447.327	109.217	807641.14
3.56317714945828	6.77771457782834	1387.088	155.531	1074041.1
5.39550568359545	9.02861277710978	1837.728	241.289	1472632.03
8.04442356446115	11.1230911015271	1903.541	407.717	1871917.24
12.1386002891198	15.7805873755301	2707.883	525.233	2161834.99
18.2062954349637	21.84046252763	3332.042	770.779	2404944.05
27.3142681485855	30.9437752449798	4609.513	1128.37	2805148.56
37.3082401534079	40.9442072446342	6057.053	1536.167	3239693.11
47.3072021542383	50.9538192369446	7074.849	1964.745	3680631.7
57.3082441534047	60.927071258343	8071.343	2407.097	4099268.29
67.3089161528671	70.9420832463334	9214.916	2856.15	4532986.82
77.3132381494095	80.9506152395078	10988.472	3271.728	4972399.25
87.3150301479759	90.9598672321062	11996.325	3932.327	5408973.25
97.2196522242782	99.8763400989279	15261.369	7970.757	5845807.01
