0.000939999248000602	0.0167399866080107	6.626	1.161	446.57
0.00203999836800131	0.0365399707680234	13.932	1.355	800.28
0.00270999783200173	0.0487799609760312	18.436	1.558	1218.3
0.00417999665600267	0.0746999402400478	29.064	1.813	1708.65
0.00617999505600396	0.11015991187207	47.151	2.188	2512.54
0.00904999276000579	0.159479872416102	51.545	2.835	3292.29
0.0130199895840083	0.226979818416145	72.737	3.295	5470.81
0.018799984960012	0.325259739792208	98.858	4.009	7926.68
0.0275599779520176	0.462959629632296	153.976	5.193	10334.32
0.0415399667680266	0.677519457984434	236.068	6.165	18357.25
0.0637599489920408	0.989639208288633	394.321	8.181	22593.87
0.0918999264800588	1.33739893008086	467.327	11.42	37683.61
0.14089988728009	1.8692985045612	632.149	14.932	56516.37
0.210719831424135	2.43773804980956	807.068	18.521	86409.24
0.315919747264202	3.02291758166593	850.291	25.967	121695.67
0.475019619984304	3.58559713152229	1082.225	31.388	166960.93
0.709389432488454	4.12361670110664	1159.573	41.398	267416.82
1.06720914623268	4.62581629934696	1210.642	72.852	387713.78
1.59567872345702	5.22287582169934	1240.468	81.338	565551.92
2.39927808057754	6.04151516678787	1306.782	114.122	809828.93
3.4423172461462	6.07409514072389	1180.642	154.491	1008824.45
5.39394568484345	9.01943278445377	1714.327	248.644	1481810.85
8.09298352561318	11.7228506217195	1985.317	356.158	1891492.98
12.1412302870158	15.7721273822981	2537.12	537.654	2148434.58
18.2054254356597	21.85216251827	4224.15	780.25	2409518.54
27.3091981526415	30.9608752312998	4388.863	1177.279	2801731.34
37.3090801527359	40.9458272433382	5691.41	1568.669	3240619.8
47.3116521506783	50.9588592329126	7180.615	2030.278	3670547.86
57.3145341483727	60.952991237607	8615.251	2403.218	4121410.89
67.3071661542671	70.9492832405734	9181.693	2859.166	4531783.38
77.3084381532495	80.9435952451238	11605.738	3510.613	4975514.67
87.2687101850318	90.3752276998178	11778.145	3654.551	5407836.78
97.1194323044542	99.5955403235677	14884.277	4170.548	5836997.74
