0.00099999920000064	0.0179999856000115	6.888	0.918	378.24
0.00176999858400113	0.0318599745120204	10.954	1.051	856.55
0.00294999764000189	0.0529199576640339	16.509	1.062	1202.22
0.00381999694400244	0.0683999452800438	23.454	1.318	1563.95
0.00420999663200269	0.0743399405280476	30.341	1.188	506.86
0.00867999305600555	0.154439876448099	49.905	1.626	3549.53
0.0132099894320085	0.228419817264146	88.745	1.941	4687.03
0.0158599873120101	0.267659785872171	86.013	2.156	2331.66
0.017259986192011	0.293759764992188	129.885	2.432	7078.58
0.0420499663600269	0.68813944948844	275.813	5.313	15985.75
0.0633999492800406	0.986039211168631	342.959	6.194	24993.55
0.0934399252480598	1.36889890488088	532.167	7.935	40103.47
0.14069988744009	1.85831851334519	628.35	10.981	55768.65
0.207189834248133	2.40371807702554	803.251	15.443	83711.71
0.316819746544203	3.01661758670593	973.102	21.79	134501.14
0.472329622136302	3.61097711121831	966.92	28.47	171154.77
0.710219431824455	4.12163670269064	1149.466	38.832	265168.54
1.06910914471268	4.63067629545896	1134.539	54.258	385621.68
1.60418871664903	5.24375580499536	1308.997	80.466	581110.97
2.39909808072154	6.02801517758786	1363.306	114.764	774028.93
3.5959671232263	7.24193420645264	1657.417	177.609	1062968.55
5.39631568294745	9.03599277120578	1784	235.656	1454644.05
8.08757352994118	11.7113306309355	2157.747	360.354	1874688.54
12.1380102895918	15.7883273693381	2627.205	527.95	2161059.28
18.2083554333157	21.850542519566	3295.676	769.251	2416076.13
27.3130181495855	30.9423352461318	4625.66	1176.743	2807894.82
37.3157201474239	40.9382672493862	5799.088	1579.942	3239231.63
47.3108621513103	50.9322192542246	6990.316	2081.751	3674157.78
57.3097541521967	60.940571247543	8433.24	2455.312	4110832.24
67.3114661508271	70.9536032371174	9654.599	2898.578	4539921.85
77.3140981487215	80.9419752464198	10863.282	3399.76	4970361.51
87.2243902204878	90.1133279093377	11951.604	3960.757	5413874.77
97.1194323044542	99.5955403235677	19501.625	8115.668	5836997.74
