0.00107999913600069	0.0194399844480124	7.781	0.975	173.25
0.00113999908800073	0.020339983728013	7.526	1.069	402.36
0.00213999828800137	0.0383399693280245	12.861	1.025	257.66
0.0038999968800025	0.0700199439840448	23.491	1.146	1463.49
0.0060999951200039	0.107819913744069	35.047	1.371	2432.15
0.00907999273600581	0.160019871984102	50.893	1.623	3766.58
0.0134399892480086	0.23489981208015	91.785	2.148	4687.03
0.0197399842080126	0.340379727696218	106.209	2.75	7705.62
0.0285199771840183	0.477719617824306	159.708	3.302	10334.32
0.0417999665600268	0.686159451072439	239.779	4.552	17605.6
0.0643599485120412	1.00007919993664	327.723	6.03	23168.67
0.0871399302880558	1.2508189993448	527.726	7.622	34781.39
0.13994988804009	1.84517852385718	570.593	12.075	56946.47
0.210789831368135	2.43737805009756	857.304	16.325	80684.58
0.316269746984202	3.03821756942594	921.441	25.136	132016.41
0.473019621584303	3.5996371202903	1036.231	28.163	193693.04
0.712419430064456	4.11605670715463	987.995	48.297	278642.32
1.07048914360869	4.64633628293097	1253.907	56.049	371822.04
1.59692872245702	5.21783582573134	1437.641	81.375	582608.52
2.40252807797754	6.03557517153986	1439.959	109.811	765641.68
3.5902971277623	7.23365421307663	1415.819	162.721	1110143.1
5.39436568450745	9.04049276760579	1656.232	240.71	1494730.97
8.08794352964518	11.7223106221515	2075.464	349.451	1878092.99
12.1371602902718	15.7625873899301	2532.606	548.061	2156287.68
18.2059854352117	21.85396251683	3569.609	778.575	2411732.32
27.3088881528895	30.9482752413798	4527.345	1187.576	2802402.1
37.3102701517839	40.9524872380102	5502.812	1624.938	3230657.45
47.3102221518223	50.9561592350726	7143.625	2005.919	3681050.83
57.3066041547167	60.952811237751	8377.617	2507.657	4116283.18
67.213496229203	70.0624239500608	9644.417	2870.143	4556622.14
77.3067481546015	80.9376552498758	10916.537	3518.994	4975510.31
87.3162501469999	90.9505072395942	13188.931	4028.343	5407258.29
97.2227722217822	99.8945200843839	13011.789	8199.188	5845182.27
