0.00101999918400065	0.0183599853120118	9.647	1.47	438.53
0.0021799982560014	0.0392399686080251	25.339	1.56	868.61
0.00304999756000195	0.0545399563680349	29.07	1.836	1190.17
0.00412999669600264	0.0732599413920469	34.457	1.928	1447.41
0.00611999510400392	0.108539913168069	56.53	2.333	2428.13
0.00940999247200602	0.164879868096106	83.02	2.986	3509.33
0.0131999894400084	0.231119815104148	118.038	3.542	5153.28
0.0193699845040124	0.334799732160214	146.587	4.193	7392.1
0.028159977472018	0.473399621280303	229.715	5.003	11069.89
0.0417899665680267	0.674459460432432	310.458	7.147	15611.93
0.0634699492240406	0.991079207136634	489.76	7.758	25307.08
0.0935899251280599	1.36853890516888	615.629	10.026	38929.72
0.14008988792809	1.85921851262519	909.065	13.6	56516.37
0.212779829776136	2.44169804664156	1154.49	17.958	80330.79
0.317689745848203	3.03623757100994	1290.244	24.168	123179.24
0.473109621512303	3.61925710459432	1501.098	31.289	179775.86
0.56319954944036	2.90555767555386	1114.587	30.822	120859.41
1.06554914756068	4.63337629329897	1819.247	57.116	409935.28
1.60025871979302	5.23655581075535	3943.682	81.705	577596.53
2.39962808029754	6.03575517139586	2141.499	110.632	780941.98
3.5914071268743	7.23059421552463	2540.606	162.427	1109727.52
5.39132568693945	8.96921282462974	2959.8	239.417	1446101.64
8.09328352537318	11.7277106178315	3776.327	369.34	1891837.93
12.0785103371917	15.0998279201377	4663.902	543.448	2156610.56
18.2068754344997	21.848742521006	6521.564	791.119	2411052.94
27.3112481510015	30.9572752341798	9101.877	1179.404	2806968.16
37.3061901550479	40.9411472470822	12096.957	1744.834	3239127
47.3132421494063	50.9273592581126	14308.622	2019.871	3678900
57.3100941519247	60.957131234295	17315.626	2460.169	4093842.79
67.3051261558991	70.9431632454694	20213.083	2902.456	4537280.34
77.2983781612975	80.7911353670917	22530.992	3303.15	4984089.12
87.3119801504159	90.9496072403142	25224.539	3765.749	5407752.99
97.2203522237182	99.8853400917279	27745.465	4185.821	5845773.38
