0.00085999931200055	0.0154799876160099	19.242	1.095	382.26
0.00169999864000109	0.0305999755200196	14.513	1.248	796.26
0.00289999768000186	0.0518399585280332	64.611	1.562	1266.53
0.00445999643200285	0.0799199360640512	38.776	2.04	1604.15
0.0057799953760037	0.102419918064066	45.833	2.132	2532.63
0.00870999303200557	0.154259876592099	70.12	2.706	3252.09
0.0132899893680085	0.231119815104148	111.552	3.56	5595.42
0.0184499852400118	0.315719747424202	147.585	4.085	8328.63
0.0282099774320181	0.476639618688305	217.471	5.479	10209.74
0.0396999682400254	0.645119483904413	335.465	5.927	15611.93
0.063989948808041	0.996659202672638	465.356	7.519	22199.95
0.0936299250960599	1.36313890948887	701.658	10.346	36308.87
0.142469886024091	1.8728985016812	964.522	12.857	50249.4
0.212749829800136	2.43719805024156	1085.258	17.186	87156.99
0.316819746544203	3.02219758224193	1304.081	21.86	119898.5
0.473709621032303	3.5899171280663	1523.962	34.533	187918.6
0.708939432848454	4.13171669462664	1698.82	43.499	270574.09
1.06580914735268	4.63355629315497	1783.619	57.679	402886.06
1.59838872128902	5.21819582544334	2111.087	78.237	573156.22
2.39922808061754	6.03773516981186	2303.492	112.332	809712.07
3.5961571230743	7.23725421019663	2398.971	168.75	1066469.76
5.38990568807545	9.03779276976578	3031.231	234.187	1496862.22
8.09132352694118	11.7392306086155	3789.529	347.318	1897118.15
12.1422002862398	15.7865273707781	4799.383	512.401	2152593.91
18.2068054345557	21.847842521726	6670.736	774.116	2412939.78
27.3119581504335	30.9603352317318	9001.093	1158.827	2813098.25
37.3101801518559	40.9420472463622	11730.014	1582.428	3252846.16
47.3121321502943	50.9430192455846	14932.412	1974.214	3680493.38
57.3074041540767	60.959291232567	17462.159	2389.223	4119566.1
67.3064961548031	70.9455032435974	20041.267	2836.357	4540286.55
77.3077681537855	80.9444952444038	22285.228	3256.392	4971485.2
87.3102301518159	90.9668872264902	25079.431	3700.465	5409513.96
97.1782822573742	99.7615001907999	27324.203	4051.417	5844645.35
