0.00085999931200055	0.0154799876160099	8.592	1.069	410.4
0.0018799984960012	0.0334799732160214	16.267	1.187	848.51
0.00305999755200196	0.0548999560800351	25.344	1.243	1322.81
0.00393999684800252	0.0701999438400449	32.726	1.32	1728.75
0.00576999538400369	0.102959917632066	47.503	1.552	2440.19
0.0085899931280055	0.151919878464097	72.04	1.681	3846.97
0.0135999891200087	0.239039808768153	118.711	2.544	4687.03
0.0188699849040121	0.324539740368208	152.971	2.484	8107.56
0.0277499778000178	0.471059623152301	223.837	3.302	11809.47
0.0415599667520266	0.672839461728431	361.281	4.129	17681.97
0.0641999486400411	0.995579203536637	480.474	5.748	21122.7
0.0930799255360596	1.34999892000086	651.492	7.718	36722.89
0.14025988779209	1.86443850844919	825.768	10.841	56371.65
0.213049829560136	2.45375803699357	1172.157	15.027	75755.94
0.318909744872204	3.04001756798595	1461.86	21.431	135301.27
0.475979619216305	3.62411710070632	1514.838	28.553	190090.03
0.711769430584456	4.12199670240264	1674.363	38.062	254365.72
1.06807914553668	4.62545629963496	1796.35	55.82	403437.26
1.59348872520902	5.21909582472334	2002.334	79.309	579347.7
2.39727808217753	6.03935516851586	2255.749	104.641	771575.56
3.5901071279143	7.23707421034063	2664.019	156.334	1110607.06
5.39172568661945	8.98433281253375	2944.227	229.026	1446158.25
8.09188352649318	11.7228506217195	3814.962	339.974	1877942.87
12.1386802890558	15.7688873848901	4714.542	515.587	2157139.02
18.2066154347077	21.843342525326	6570.421	740.491	2410071.85
27.3108481513215	30.9493552405158	9053.623	1142.599	2805001.87
37.3154001476799	40.9476272418982	11658.941	1572.665	3237101.79
47.3110021511983	50.9622792301766	14522.685	1948.643	3668627.48
57.3106041515167	60.945431243655	17136.665	2434.191	4116329.42
67.3112261510191	70.9626032299174	19901.107	2805.175	4539565.51
77.3092081526335	80.9646552282758	24609.415	3263.989	4975221.1
87.3099201520639	90.9497872401702	25598.661	4032.993	5420172.4
97.0038723969021	99.3055605555516	27646.298	19704.798	5825504.71
