0.000709999432000454	0.0125999899200081	7.066	0.904	92.86
0.00206999834400132	0.0368999704800236	18.489	1.061	796.26
0.00307999753600197	0.0554399556480355	24.282	1.102	1222.32
0.00375999699200241	0.0673199461440431	30.179	1.141	1696.59
0.00535999571200343	0.0962999229600616	42.917	1.282	2588.91
0.0085899931280055	0.151559878752097	113.599	1.622	3650.01
0.0136499890800087	0.238139809488152	106.261	1.955	5494.93
0.0180199855840115	0.311039751168199	273.725	2.31	6845.46
0.0289399768480185	0.487259610192312	220.298	3.179	12026.54
0.0410399671680263	0.67139946288043	573.981	4.126	14828.12
0.0633899492880406	0.985679211456631	475.774	5.968	25307.08
0.0776099379120497	1.11149911080071	575.17	6.542	16122.39
0.139469888424089	1.82717853825717	924.138	10.386	59205.66
0.211819830544136	2.41631806694555	1152.16	14.165	80527.78
0.317849745720203	3.04505756395395	1238.222	19.992	129310.56
0.472419622064302	3.5938771248983	1501.914	26.908	187878.39
0.709219432624454	4.12685669851464	1834.727	36.813	276780.1
1.06633914692868	4.61861630510696	1785.457	50.445	362343.67
1.59445872443302	5.23169581464335	1980.937	74.475	566220.15
2.39757808193753	6.03485517211586	2412.717	107.29	804321.23
3.5928071257543	7.24553420357264	2800.376	151.416	1084230.78
5.39959568032346	9.04247276602179	3045.403	223.192	1420687.7
8.09561352350918	11.7264506188395	4035.378	325.526	1891160.12
12.1446802842558	15.7543073965541	5035.808	493.842	2161495.43
18.2080654335477	21.84676252259	6537.303	728.633	2416935.69
27.3111881510495	30.9470152423878	9057.437	1109.506	2806876.02
37.3093601525119	40.9503272397382	11861.951	1556.03	3230661.61
47.3140221487823	50.9397792481766	14485.642	1950.32	3676828.68
57.3150841479327	60.960011231991	18103.264	2324.177	4119482.37
67.3080761535391	70.9626032299174	19843.121	2828.6	4548605.46
77.3109381512495	80.9520552383558	22276.057	3198.792	4975778.67
87.3125801499359	90.9564472348422	27337.425	3948.693	5409027.58
97.1320522943582	99.6292002966398	28444.981	19607.951	5838553.32
