0.000949999240000608	0.0169199864640108	7.394	0.907	398.34
0.00213999828800137	0.0385199691840247	13.276	1.041	744.01
0.00297999761600191	0.0527399578080338	16.898	1.092	1166.05
0.00398999680800255	0.0714599428320457	22.695	1.147	1487.58
0.00537999569600344	0.0962999229600616	31.519	1.282	2556.75
0.00924999260000592	0.162179870256104	52.497	1.588	3292.29
0.0135799891360087	0.237959809632152	96.536	2.001	5494.93
0.0183999852800118	0.316439746848203	104.13	2.502	6933.89
0.0274699780240176	0.462059630352296	180.832	3.094	10422.77
0.0414999668000266	0.674099460720431	227.936	4.129	15708.39
0.0624099500720399	0.985139211888631	343.546	5.959	22593.87
0.0933199253440597	1.35557891553687	501.213	7.945	37647.44
0.141759886592091	1.86659850672119	646.606	11.41	61396.51
0.212929829656136	2.44781804174557	865.605	16.389	87418.3
0.316489746808203	3.00419759664192	953.964	21.429	126234.82
0.472759621792303	3.57929713656229	1055.409	28.668	185505.93
0.707339434128453	4.13495669203465	1123.697	38.373	285689.1
1.06343914924868	4.63265629387497	1219.504	54.471	396935.35
1.59714872228102	5.23313581349135	1331.03	85.657	571388.97
2.39671808262553	6.04637516289987	1302.64	110.82	785885.16
3.5974171220663	7.23671421062863	1505.589	165.106	1090382.8
5.39719568224345	9.03329277336578	1784.64	237.954	1455424.3
8.09266352586918	11.7293306165355	2101.439	351.07	1883932.41
12.1368602905118	15.7890473687621	2717.128	518.461	2151361.1
18.2068954344837	21.845502523598	3628.929	811.057	2418361.28
27.3134681492255	30.9507952393638	4666.503	1152.334	2807043.82
37.3112601509919	40.9458272433382	6515.623	1686.52	3259240.37
47.3096421522863	50.9476992418406	7121.927	2043.26	3676531.08
57.3087041530367	60.957851233719	8405.739	2445.591	4096446.34
67.3027661577871	70.9464032428774	15923.958	2930.451	4535808.71
77.3137081490335	80.9558352353318	12113.27	3399.575	4976944.4
87.3148801480959	90.9503272397382	12564.322	4008.665	5407480.4
97.0228923816861	99.3516405186876	12718.049	8012.365	5820607.4
