0.000949999240000608	0.0170999863200109	14.526	1.069	402.36
0.00207999833600133	0.037439970048024	17.351	1.201	788.22
0.00289999768000186	0.0514799588160329	36.707	1.33	1101.74
0.00385999691200247	0.0689399448480441	31.24	1.609	1676.5
0.00583999532800374	0.103859916912066	45.883	1.423	2428.13
0.00834999332000534	0.146339882928094	78.693	1.74	3794.71
0.0129399896480083	0.226619818704145	114.532	2.162	5703.94
0.0185999851200119	0.3126597498722	144.563	2.503	2331.66
0.018769984984012	0.323279741376207	149.119	2.514	7669.44
0.0429399656480275	0.695519443584445	333.159	4.167	15294.37
0.0645499483600413	1.00187919849664	481.818	5.764	24467
0.0940799247360602	1.36961890430488	685.274	7.692	37358
0.141639886688091	1.86281850974519	1296.981	10.813	54245.11
0.211419830864135	2.43143805484956	1103.193	14.657	80330.79
0.3121597502722	3.00887759289793	1358.557	22.105	124216.53
0.473719621024303	3.5875771299383	1545.584	26.847	189587.39
0.707519433984453	4.10165671867462	1732.838	38.242	227339.95
1.06253914996868	4.61771630582696	1797.257	52.688	358517.81
1.59806872154502	5.21315582947534	2049.714	74.054	565857.84
2.39824808140154	6.05411515670787	2273.734	111.618	810074.7
3.5961871230503	7.24373420501264	2520.615	153.106	1083694.3
5.39220568623545	9.04283276573379	3077.899	229.666	1455836.68
8.09111352710918	11.7246506202795	3723.177	343.986	1922317.91
12.1381902894478	15.7904873676101	4954.417	498.688	2154409.3
18.2075754339397	21.853242517406	6431.529	758.892	2416860.14
27.3125081499935	30.9531352374918	8722.008	1133.962	2808108.71
37.3143301485359	40.9483472413222	11710.218	1538.628	3235340.78
47.3056721554623	50.9343792524966	14517.188	1962.845	3679050.88
57.3105141515887	60.947411242071	17043.326	2365.695	4108463.32
67.3093461525231	70.9532432374054	19864.152	2827.498	4531288.66
77.3093581525135	80.9572752341798	22828.566	3223.988	4975309.19
87.3152801477759	90.9418672465062	25532.748	4055.394	5415434.37
97.2135422291662	99.8534801172159	28168.604	19812.978	5845924.22
