0.000939999248000602	0.0169199864640108	6.833	1.076	398.34
0.00213999828800137	0.0381599694720244	14.38	1.36	800.28
0.00287999769600184	0.0512999589600328	47.386	1.575	1286.63
0.00350999719200225	0.0626399498880401	25.696	1.669	1499.64
0.00583999532800374	0.104039916768067	35.479	2.071	2637.14
0.00885999291200567	0.154979876016099	52.823	2.68	3834.91
0.0128799896960082	0.223559821152143	75.283	3.508	4606.64
0.018699985040012	0.321479742816206	107.91	3.984	7359.95
0.0283899772880182	0.478439617248306	173.962	6.073	10836.77
0.0416699666640267	0.678959456832435	259.726	6.419	16986.61
0.0635199491840406	0.993059205552636	375.14	8.093	26356.19
0.09368992504806	1.36241891006487	498.158	10.367	36835.44
0.139429888456089	1.84319852544118	658.267	13.616	55193.8
0.211459830832135	2.42657805873755	804.009	20.678	80865.45
0.316599746720203	3.03821756942594	861.277	24.359	122600.28
0.472699621840303	3.61493710805031	1069.189	31.923	171287.45
0.708929432856454	4.10489671608263	1053.488	47.965	278529.71
1.06552914757668	4.60565631547495	1222.47	59.543	385850.98
1.60028871976902	5.22845581723535	1188.596	84.162	576384.8
2.39045808763353	6.01739518608385	1446.438	122.658	792927.46
3.5979771216183	7.25129419896464	1447.498	173.481	1124070.91
5.39771568182745	9.04103276717379	1748.453	249.554	1468119.65
8.09302352558118	11.7334706132235	2263.047	383.015	1890214.55
11.7667205866235	14.018748785001	2190.611	527.116	2122987.69
18.2049554360357	21.840822527342	3236.463	845.442	2405488.93
27.3121881502495	30.9561952350438	4606.101	1264.078	2805588.83
37.3088601529119	40.9535672371462	6053.495	1665.088	3252397.47
47.3117821505743	50.9536392370886	7042.488	2107.06	3663822.34
57.3094741524207	60.941651246679	8101.848	2514.708	4117151.06
67.3090461527631	70.9419032464774	9734.004	3034.512	4533007.7
77.3058581553135	80.9558352353318	11191.656	3475.647	4972013.41
87.3096901522479	90.9559072352742	12408.643	3836.546	5409836.81
97.0081623934701	99.3201405438876	13173.288	4371.027	5819211.26
