0.00104999916000067	0.0188999848800121	6.829	0.89	426.48
0.00222999821600143	0.0399599680320256	40.569	1.084	816.36
0.00289999768000186	0.0520199583840333	17.842	1.123	1218.3
0.00412999669600264	0.0736199411040471	23.476	1.194	1463.49
0.00568999544800364	0.101339918928065	35.955	1.357	2223.14
0.00902999277600578	0.159119872704102	56.079	1.611	3384.73
0.012459990032008	0.217799825760139	93.011	1.935	4847.8
0.0194299844560124	0.335159731872214	109.067	3.083	6933.89
0.0280099775920179	0.470699623440301	171.937	3.251	11282.94
0.0412099670320264	0.672839461728431	299.308	4.201	16303.27
0.0628099497520402	0.982619213904629	394.268	5.897	26653.65
0.092259926192059	1.34099892720086	466.055	8.058	40087.39
0.142699885840091	1.8682185054252	680.545	11.503	50249.4
0.210169831864135	2.42045806363355	1105.804	16.022	88986.17
0.3120397503682	3.00833759332993	976.584	21.719	124216.53
0.476839618528305	3.61079711136231	1073.057	30.01	176526.87
0.713439429248457	4.11965670427464	1131.061	38.525	278642.32
1.06322914941668	4.61753630597096	1226.12	57.163	385919.37
1.60118871904902	5.23043581565135	1257.823	79.462	535482.71
2.39618808304953	6.03539517168386	1429.342	113.07	746144.98
3.5948371241303	7.23059421552463	1547.572	174.669	1067885.56
5.39552568357945	9.03221277422978	1805.334	236.188	1457021.28
8.09094352724518	11.7125906299275	2086.821	350.383	1883709.24
12.1366202907038	15.7753673797061	2572.358	521.078	2150073.79
18.2081754334597	21.861882510494	3353.884	793.333	2414747.05
27.3083381533295	30.9407152474278	4561.26	1171.267	2800486.08
37.3129201496639	40.9546472362822	5956.676	1765.698	3236007.46
47.3110521511583	50.9340192527846	7225.451	2001.826	3674136.86
57.3069641544287	60.949571240343	8489.031	2465.033	4119578.72
67.3166461466831	70.9419032464774	9529.053	2906.86	4545192.34
77.3143981484815	80.9360352511718	10947.463	3377.286	4970214.6
86.9553504357197	89.2313286149371	11769.004	3787.87	5376951.85
97.1715922627262	99.7406202075038	14367.75	8159.626	5844146.71
