0.000989999208000634	0.0178199857440114	10.279	1.105	438.53
0.0042199966240027	0.0754199396640483	33.712	1.784	1604.15
0.0123299901360079	0.214199828640137	91.888	2.976	5153.28
0.0190899847280122	0.329219736624211	168.829	3.991	8023.15
0.0419999664000269	0.681479454816436	359.235	5.837	14104.62
0.0615799507360394	0.959399232480614	485.815	7.554	25331.2
0.0947399242080606	1.37951889638488	696.746	10.941	39785.92
0.14004988796009	1.84877852097718	973.685	12.927	51061.41
0.315279747776202	3.01517758785793	1415.243	22.58	121655.45
0.475269619784304	3.60485711611431	1484.919	31.782	180129.71
2.39574808340153	6.03773516981186	2196.728	113.478	795888.64
3.5963471229223	7.23077421538063	2453.22	161.755	1094170.93
5.39849568120346	9.03005277595778	3142.755	236.12	1443158.61
12.1374702900238	15.7885073691941	4818.178	520.735	2152044.52
18.1986254410996	21.7229226216619	6462.71	762.006	2419057.28
37.3130901495279	40.9438472449222	11689.399	1556.555	3252850.27
57.3042841565727	60.946691242647	18273.948	2511.2	4100312.29
97.2140322287742	99.8567201146239	27915.316	4075.149	5845915.8
