0.00100999919200065	0.0181799854560116	53.658	1.16	394.32
0.00184999852000118	0.0329399736480211	15.421	1.296	796.26
0.00306999754400196	0.0543599565120348	18.096	1.563	1294.67
0.00410999671200263	0.0737999409600472	24.723	1.716	1708.65
0.00603999516800387	0.107819913744069	37.834	2.179	2367.84
0.00888999288800569	0.1564198748641	51.066	2.68	3521.39
0.0126199899040081	0.220679823456141	74.803	3.145	4687.03
0.0418599665120268	0.681659454672436	229.105	6.282	17605.6
0.0646699482640414	0.99989920008064	347.873	8.004	25371.39
0.0924399260480592	1.34585892331286	559.603	10.18	37683.61
0.142119886304091	1.86713850628919	675.79	14.145	58546.4
0.208259833392133	2.39597808321753	824.976	19.6	82586.07
1.06525914779268	4.63625629099497	1091.254	58.321	400375.4
1.59792872165702	5.22251582198734	1214.539	82.56	537555.63
2.40448807640954	6.04295516563587	1349.989	117.883	775809.56
3.5971171223063	7.21385422891662	1557.917	170.616	1078813.2
7.89418368465305	10.3996716802627	1737.6	362.961	1813388.58
12.1276802978558	15.618767504986	2467.325	550.994	2159298.29
18.0472855621715	20.6629034696772	2985.929	811.61	2406197.68
27.3108081513535	30.9572752341798	4450.572	1249.671	2822259.74
37.3103101517519	40.9436672450662	5991.846	1665.339	3259164.88
47.3133921492863	50.9451792438566	7547.817	2180.271	3679558.42
57.3073141541487	60.936971250423	8290.524	2533.418	4101968.42
67.3156161475071	70.9431632454694	12407.513	3041.697	4537355.81
77.3059581552335	80.9497152402278	10760.082	3402.816	4971309.28
87.3131101495119	90.9465472427622	11971.355	3907.055	5409140.87
