0.000899999280000576	0.0161999870400104	8.516	1.07	410.4
0.00164999868000106	0.0295199763840189	13.859	1.129	816.36
0.00302999757600194	0.0539999568000346	37.436	1.326	1322.81
0.00369999704000237	0.0655199475840419	28.606	1.308	506.86
0.00459999632000294	0.0811799350560519	39.302	1.372	1419.27
0.00904999276000579	0.159839872128102	73.055	1.701	3658.05
0.0108399913280069	0.189539848368121	131.645	1.907	1085.66
0.0197399842080126	0.340559727552218	206.893	2.603	7472.49
0.0275599779520176	0.466739626608299	205.823	3.194	10885
0.0420699663440269	0.678239457408434	376.251	4.275	16946.4
0.0539199568640345	0.82871933702453	479.179	4.919	23369.66
0.09369992504006	1.36421890862487	673.017	7.648	35163.26
0.141869886504091	1.86101851118519	900.211	10.73	54003.93
0.213129829496136	2.44151804678556	1130.199	15.205	86445.44
0.316389746888202	3.03821756942594	1306.806	20.583	122600.28
0.471829622536302	3.5990971207223	1476.867	27.432	195168.81
0.709319432544454	4.11533670773063	1687.553	37.612	271237.71
1.06878914496868	4.64615628307497	1764.019	52.884	371910.57
1.59331872534502	5.22827581737935	1873.111	82.942	574698.06
2.39675808259353	6.04313516549187	2134.514	107.344	796650.14
3.5959471232423	7.22555421955662	2453.52	152.135	1119144.42
5.39402568477945	9.03959276832579	2967.593	227.632	1496437.6
8.08740353007718	11.7151106279115	3673.885	344.11	1874952.32
12.1350302919758	15.7766273786981	4849.87	495.249	2153432.33
18.2061454350837	21.841182527054	6516.592	751.131	2415011.07
27.3141381486895	30.9563752348998	8988.599	1135.933	2806146.32
37.3066401546879	40.9424072460742	11604.338	1572.597	3235281.97
47.3125921499263	50.9457192434246	14905.735	1933.745	3677155.79
57.3111441510847	60.954971236023	17034.285	2400.481	4108119.52
67.3130461495631	70.9541432366854	19632.104	2786.072	4539942.87
77.2268082185534	80.0923759260993	22274.291	3228.154	4963221
87.3162301470159	90.9497872401702	25249.101	4038.892	5407258.29
97.0386223691021	99.3842204926236	27460.436	19641.828	5828544.75
