0.00085999931200055	0.0154799876160099	6.169	0.882	398.34
0.00169999864000109	0.0305999755200196	10.869	0.948	860.57
0.0028199977440018	0.0505799595360324	19.441	1.078	1186.15
0.00404999676000259	0.0719999424000461	24.016	1.281	1588.07
0.0064099948720041	0.113939908848073	39.573	1.441	2428.13
0.00868999304800556	0.152999877600098	48.782	1.716	3846.97
0.0128599897120082	0.224099820720143	75.866	1.854	5551.2
0.0191499846800123	0.331919734464212	113.275	2.477	8167.85
0.0282699773840181	0.477179618256305	216.861	3.251	11009.6
0.0393899684880252	0.639179488656409	210.668	4.292	15611.93
0.0581299534960372	0.82853933716853	254.086	5.212	7798.06
0.0621499502800398	0.981179215056628	341.152	5.738	22593.87
0.141489886808091	1.86641850686519	643.727	11.403	55543.55
0.210329831736135	2.41037807169754	806.795	16.774	83631.32
0.317169746264203	3.02597757921794	908.162	22.036	129282.42
0.466179627056298	3.49739720208224	1008.527	31.572	178754.51
0.710379431696455	4.10237671809863	1098.19	39.573	276864.57
1.06396914882468	4.62815629747496	1168.201	55.267	411681.51
1.59957872033702	5.20757583393933	1227.967	75.021	556651.6
2.39502808397753	6.04025516779587	1332.245	114.499	771793.13
3.5962671229863	7.22555421955662	1455.024	172.761	1113899.29
5.39521568382745	9.02465278027778	1700.673	233.024	1463049.42
7.87491370006904	10.3472917221666	1712.502	330.078	1806645.17
12.1390002887998	15.7658273873381	2741.577	589.16	2145587.61
18.2063954348837	21.832902533678	3289.252	788.137	2417698.72
27.3119881504095	30.9700552239558	4513.194	1204.072	2796938.86
37.3040301567759	40.8747273002182	5896.783	1594.12	3238057.86
47.3130621495503	50.9428392457286	7094.56	2032.985	3681403.21
57.3116341506927	60.960191231847	8221.908	2496.12	4111813.43
67.3108361513311	70.9581032335174	9523.057	2973.785	4539582.25
77.3103381517295	80.9500752399398	11032.294	3393.461	4975799.71
87.3128601497119	90.9145072683942	12383.597	4066.695	5407497.18
97.0527023578381	99.4234604612316	12796.469	8282.942	5823580.37
