0.00104999916000067	0.0188999848800121	3.501	1.08	362.16
0.00205999835200132	0.0368999704800236	5.503	1.147	796.26
0.00273999780800175	0.0493199605440316	8.024	1.205	1286.63
0.0038999968800025	0.0696599442720446	17.351	1.272	1507.68
0.00620999503200397	0.10979991216007	12.788	1.513	2556.75
0.00829999336000531	0.143819884944092	16.511	1.674	1085.66
0.00866999306400555	0.152639877888098	16.749	1.632	3979.61
0.0197199842240126	0.336779730576216	86.376	2.594	7520.72
0.0278699777040178	0.471239623008302	74.74	2.84	10487.08
0.0404299676560259	0.662039470368424	70.475	3.735	16556.51
0.064109948712041	0.998639201088639	115.484	5.453	26167.3
0.09372992501606	1.37105890315288	148.947	7.528	34073.91
0.141849886520091	1.85633851492919	230.531	11.653	54385.81
0.213359829312137	2.46437802849758	245.65	14.132	87418.3
0.309599752320198	2.91815766547387	305.131	19.919	118873.27
0.475509619592304	3.61421710862631	323.912	27.179	179775.86
0.710819431344455	4.13531669174665	378.198	40.456	244311.27
1.06957914433668	4.64669628264297	421.949	51.625	406869.32
1.59779872176102	5.22287582169934	424.851	79.798	503722.02
2.39917808065754	6.04781516174787	529.107	107.261	773279.66
3.5980471215623	7.22933421653263	617.822	152.182	1099161.34
5.39874568100346	9.03887276890178	842.784	227.611	1443938.8
8.09442352446118	11.7352706117835	1043.51	347.912	1874684.52
12.1398702881038	15.7699673840261	1777.352	503.277	2162665.13
18.2097054322357	21.865842507326	2052.384	749.992	2419820.51
27.3076581538735	30.9516952386438	3012.227	1121.458	2810590.8
37.3108001513599	40.9575272339782	3766.627	1546.21	3251521.17
47.3147421482063	50.9476992418406	4716.269	1916.265	3675117.98
57.3105641515487	60.948311241351	6032.975	2402.637	4117557.8
67.3088661529071	70.9505432395654	6789.371	2795.051	4554932.48
77.1065483147614	79.617356306115	7549.679	3228.638	4941740.73
87.3118301505359	90.9479872416102	8685.384	3987.965	5407635.64
97.1102123118302	99.5710603431517	10691.374	8928.282	5835882.39
