0.00116999906400075	0.0208799832960134	3.951	1.304	446.57
0.00206999834400132	0.0368999704800236	6.865	1.506	679.7
0.00284999772000182	0.0511199591040327	6.96	1.662	1166.05
0.00435999651200279	0.0775799379360497	12.903	1.92	1760.9
0.00580999535200372	0.102959917632066	14.475	2.192	2428.13
0.00903999276800579	0.159479872416102	19.841	2.828	3766.58
0.0131699894640084	0.231119815104148	37.426	3.148	5430.62
0.0188899848880121	0.32777973777621	35.732	4.168	7476.51
0.0286199771040183	0.480779615376308	49.806	6.023	10913.14
0.0415699667440266	0.679679456256435	70.716	6.311	18473.82
0.0648199481440415	1.00979919216065	104.941	7.491	24467
0.0951599238720609	1.37627889897688	153.001	9.583	34073.91
0.139559888352089	1.83941852846518	249.191	12.844	61396.51
0.210749831400135	2.42891805686555	298.239	17.018	80684.58
0.317229746216203	3.02741757806594	297.591	23.889	124417.54
0.471799622560302	3.61025711179431	306.094	30.796	195100.46
0.709989432008454	4.11209671032263	345.346	40.811	279523.17
1.06855914515268	4.63877628897897	359.38	55.063	376557.31
1.59847872121702	5.22359582112334	419.14	81.049	554582.54
2.39857808113754	6.03899516880386	623.723	116.431	772594.78
3.5982771213783	7.25075419939664	712.963	169.382	1110473.94
5.39773568181145	9.03905276875778	881.534	258.646	1466655.96
8.09333352533318	11.7302306158155	1193.986	365.249	1891079.02
12.1409102872718	15.7895873683301	1456.282	539.484	2153730.12
18.2073454341237	21.7972625621899	2059.557	796.311	2421124.36
27.3115181507855	30.9621352302918	2902.464	1179.313	2804502.89
37.3101701518639	40.9461872430502	3837.022	1612.527	3231584.02
47.3092921525663	50.9469792424166	4755.902	2051.689	3677914.62
57.3102641517887	60.955511235591	5546.735	2430.332	4112031.62
67.3130161495871	70.9368632505094	6702.745	2885.03	4535322.21
77.3124681500255	80.9536752370598	8717.99	3314.947	4973237.81
87.3087401530079	90.9458272433382	8298.869	3769.455	5421824.27
97.2265222187822	99.9044200764639	10512.916	4115.875	5845592.96
