0.000869999304000557	0.0154799876160099	4.049	1.248	446.57
0.00231999814400148	0.0413999668800265	6.132	1.523	816.36
0.0029699976240019	0.0532799573760341	7.809	1.702	1129.87
0.00402999677600258	0.0716399426880459	9.512	1.807	1559.93
0.00628999496800403	0.111059911152071	16.916	2.32	2383.92
0.00860999311200551	0.152279878176097	22.347	2.798	3384.73
0.0188399849280121	0.323279741376207	34.704	3.717	8023.15
0.0190399847680122	0.318059745552204	33.73	3.799	2331.66
0.0417899665680267	0.686519450784439	76.463	5.857	17806.57
0.0848399321280543	1.21733902612878	153.24	9.257	34781.39
0.317439746048203	3.03353757316994	325.569	23.245	119247.18
0.471609622712302	3.58469713224229	325.979	38.593	191746.76
0.711509430792455	4.11839670528264	375.335	43.148	263507.47
1.06696914642468	4.62437630049896	373.775	56.084	394127.03
1.60405871675303	5.23475581219535	450.594	78.147	578067.51
3.5984171212663	7.24859420112464	642.807	162.689	1110732.16
5.39835568131546	9.04355276515779	758.695	237.062	1500971.07
8.09422352462118	11.7430106055915	1048.5	368.535	1878762.58
18.2048054361557	21.839742528206	2034.779	779.664	2414478.6
37.3082001534399	40.9359272512582	3915.797	1613.296	3258380.73
47.3074721540223	50.9433792452966	4696.484	2054.224	3681520.46
57.3092741525807	60.963611229111	5845.657	2484.479	4119541
67.3032061574351	70.9366832506534	6749.656	2886.96	4534223.68
77.3061281550975	80.9633952292838	7806.699	3323.66	4971325.88
87.1160603071518	89.6397482882014	8388.27	3753.299	5391325.05
97.1638922688862	99.7040802367358	10042.862	4097.456	5837785.95
