0.000969999224000621	0.0174599860320112	6.509	0.892	346.09
0.00195999843200125	0.0350999719200225	13.068	0.995	792.24
0.00292999765600188	0.0523799580960335	17.297	1.061	1186.15
0.00387999689600248	0.0691199447040442	21.865	1.205	1499.64
0.00626999498400401	0.111419910864071	35.414	1.319	2343.72
0.00909999272000582	0.160559871552103	51.128	1.693	3846.97
0.0130399895680083	0.228419817264146	74.652	1.952	5430.62
0.018759984992012	0.324359740512208	114.283	2.466	7926.68
0.0283799772960182	0.477719617824306	158.708	3.333	11146.26
0.0426399658880273	0.690119447904442	246.381	4.278	17870.88
0.0613499509200393	0.947519241984606	350.687	5.784	24780.54
0.0949999240000608	1.38059889552088	478.041	8.432	31437.03
0.139019888784089	1.83131853494517	658.34	10.995	55165.68
0.212129830296136	2.43521805182556	779.496	15.707	86409.24
0.320879743296205	3.04577756337795	945.529	21.681	121044.34
0.474669620264304	3.5972971221623	1121.266	31.558	180238.28
0.710429431656455	4.11587670729863	1020.839	39.224	274539.82
1.06629914696068	4.63553629157097	1201.873	53.832	402998.71
1.59880872095302	5.22431582054734	1241.09	77.696	557034.01
2.39814808148153	6.04349516520387	1413.144	111.608	801089.99
3.5982071214343	7.25453419637264	1524.96	158.825	1076655.03
5.39911568070746	9.03905276875778	2816.218	237.04	1448401.94
8.09214352628518	11.7313106149515	2048.59	352.854	1892284.33
12.1414802868158	15.7755473795621	2527.503	519.332	2152924.89
18.2075354339717	21.857922513662	3471.441	784.359	2409975.44
27.3202881437695	30.9698752240998	5210.693	1184.246	2806515.4
37.3097601521919	40.9463672429062	5546.845	1603.258	3254368.24
47.3090021527983	50.9502192398246	7309.48	2058.922	3677969.21
57.3093841524927	60.970991223207	8560.632	2565.79	4104853.3
67.3019761584191	70.8000633599493	9523.95	2950.792	4560211.34
77.3098181521455	80.9453952436838	10858.813	3394.6	4972277.54
87.1193503045198	89.6498282801374	11828.998	3807.682	5391643.85
96.9627024298381	99.2218606225115	13309.962	8177.355	5822188.21
