0.00103999916800067	0.0185399851680119	7.335	1.124	410.4
0.00197999841600127	0.0356399714880228	17.302	1.321	800.28
0.00300999759200193	0.0539999568000346	38.605	1.712	1202.22
0.00391999686400251	0.0698399441280447	29.189	1.751	1624.24
0.00641999486400411	0.113759908992073	43.681	2.237	2223.14
0.00926999258400593	0.163979868816105	72.607	2.777	3794.71
0.0133599893120086	0.233459813232149	83.92	3.456	5137.2
0.0191499846800123	0.326339738928209	114.053	4.067	7669.44
0.0277899777680178	0.4681796254563	148.706	4.922	11889.86
0.0415899667280266	0.682559453952437	264.927	6.351	18007.56
0.06248995000804	0.965339227728618	329.441	8.495	23518.36
0.0951699238640609	1.38077889537688	495.531	10.387	36722.89
0.138529889176089	1.79477856417715	605.023	13.771	51965.88
0.210329831736135	2.42009806392155	806.726	19.183	83836.33
0.315309747752202	3.01643758684993	889.395	25.132	103953.58
0.475449619640304	3.60701711438631	952.12	32.622	154150.4
0.712509429992456	4.12307670153864	1122.106	42.542	276844.46
0.932389254088597	3.52133718293025	792.41	56.246	289449.86
1.59533872372902	5.21927582457934	1295.335	85.998	565113.12
2.39057808753753	6.01595518723585	1352.775	119.963	792899.25
3.5972271222183	7.24301420558864	1499.949	181.958	1092403.93
5.39589568328345	9.03797276962178	1709.349	252.209	1486732.1
8.09189352648518	11.7248306201355	1973.39	371.255	1885941.2
12.1364802908158	15.7715873827301	2680.411	572.428	2147809.79
18.2096254322997	21.845322523742	3353.544	813.771	2413807.86
27.3085181531855	30.9498952400838	4656.997	1228.294	2810456.7
37.3096501522799	40.9492472406022	6107.354	1746.467	3228191.9
47.3114121508703	50.9480592415526	7101.404	2088.282	3676564.71
57.3134441492447	60.965051227959	8138.209	2571.234	4113943.64
67.178796256963	69.8849440920447	9265.541	3037.049	4532462.68
77.3077381538095	80.9407152474278	10773.235	3435.713	4979858.36
87.2372702101838	90.1459078832737	11816.681	3851.676	5407887.15
97.2153822276942	99.8743601005119	13014.428	4278.92	5845048.04
