0.000959999232000614	0.0170999863200109	3.638	1.093	450.59
0.00195999843200125	0.0352799717760226	5.046	1.242	679.7
0.00288999768800185	0.0514799588160329	6.907	1.203	1266.53
0.0038999968800025	0.0694799444160445	8.66	1.323	1760.9
0.00620999503200397	0.10979991216007	13.572	1.535	2026.19
0.00973999220800623	0.170999863200109	18.468	1.697	3384.73
0.0135099891920086	0.236879810496152	26.566	1.885	5076.91
0.0188899848880121	0.32777973777621	34.341	2.469	7476.51
0.0288299769360185	0.482579613936309	50.394	2.837	10487.08
0.0420699663440269	0.68759944992044	72.633	3.822	16230.92
0.0635199491840406	0.990899207280634	108.5	5.821	24294.15
0.0938799248960601	1.37555889955288	143.268	7.545	31437.03
0.14128988696809	1.85759851392119	207.504	10.422	46989.33
0.211339830928135	2.42765805787355	273.637	16.443	82051.4
0.3130597495522	3.01931758454593	342.306	21.065	121096.61
0.475049619960304	3.6005371195703	344.101	25.933	171066.33
0.711559430752455	4.12433670053064	356.671	37.823	251831.98
1.06493914804868	4.64687628249897	355.272	51.119	402741.2
1.60259871792103	5.23997580801935	435.882	77.859	577987.04
2.39803808156953	6.03305517355586	630.009	105.401	804135.88
3.5957671233863	7.23995420803663	611.564	160.891	1072443.72
5.39381568494745	9.03059277552578	785.104	222.974	1417640.06
8.09197352642118	11.7359906112075	1011.637	340.693	1896119.69
12.1428602857118	15.7868873704901	1415.372	497.997	2152811.89
18.2083354333317	21.855402515678	2178.943	743.777	2419120.07
27.3087781529775	30.9432352454118	2837.056	1098.31	2810653.85
37.3142201486239	40.9436672450662	3778.84	1566.817	3252418.51
47.2961221631023	50.7198194241445	4756.471	1989.617	3668824.5
57.3127541497967	60.952631237895	5672.657	2416.77	4116719.09
67.3166961466431	70.9375832499334	6739.75	2905.556	4537372.53
77.3073581541135	80.9426952458438	7003.079	3258.67	4979359.58
87.3087501529999	90.9425872459302	8512.95	4005.502	5421979.39
97.0561523550781	99.4236404610876	9119.24	8779.841	5830100.31
