0.0010899991280007	0.0196199843040126	3.819	1.273	346.09
0.00181999854400116	0.0323999740800207	5.065	1.462	752.05
0.00285999771200183	0.0512999589600328	6.767	1.628	1174.09
0.00395999683200253	0.0701999438400449	8.807	1.905	1447.41
0.00574999540000368	0.102419918064066	11.968	2.167	2584.89
0.00942999245600603	0.165419867664106	31.091	2.749	3509.33
0.0131799894560084	0.231839814528148	24.32	3.244	5040.74
0.0193999844800124	0.332279734176213	35.046	4.535	6933.89
0.0276899778480177	0.466739626608299	83.498	5.757	11069.89
0.0427199658240273	0.690299447760442	71.346	6.027	17629.72
0.0614299508560393	0.955979235216612	100.922	8.045	24467
0.0926799258560593	1.35935891251287	143.065	10.376	33627.73
0.14022988781609	1.84301852558518	190.196	12.895	52307.55
0.210139831888134	2.40803807356954	234.207	17.678	88330.87
0.3122397502082	3.00185759851392	307.818	23.103	120075.42
0.477929617656306	3.61007711193831	289.711	30.495	184818.31
0.710249431800455	4.11641670686663	360.75	42.612	268100.56
1.06394914884068	4.62365630107496	383.934	56.684	408458.63
1.55285875771299	4.67513625989099	402.235	79.914	541492.27
2.39674808260153	6.03485517211586	589.418	115.185	762761.41
3.60426711658631	7.24607420314064	615.379	162.902	1117546.68
5.33355573315541	8.35595331523735	758.419	235.34	1446554.39
8.09455352435718	11.7505705995435	1171.171	386.182	1902025.22
12.1400802879358	15.7924673660261	1512.711	521.315	2152300.31
18.2067454346037	21.84856252115	2114.491	803.55	2410700.84
27.3123881500895	30.9570952343238	2979.997	1183.128	2803617.98
37.3059101552719	40.9357472514022	3865.277	1603.15	3255143.89
47.0030523975581	49.3410205271836	4575.64	2027.727	3635440.62
57.3117041506367	60.954971236023	6006.97	2862.615	4120383.83
67.3112661509871	70.9586432330854	6696.334	2907.424	4539691.18
77.3112581509935	80.9471952422438	7740.245	3339.184	4972407.77
87.3122901501679	90.9575272339782	8681.618	3755.888	5407405.13
96.9793724165021	99.2560605951515	9294.89	4104.33	5823437.79
