0.000969999224000621	0.0174599860320112	3.653	1.082	362.16
0.00210999831200135	0.0379799696160243	18.082	1.386	816.36
0.00308999752800198	0.0556199555040356	7.545	1.538	1129.87
0.00419999664000269	0.075059939952048	9.379	1.676	1696.59
0.00583999532800374	0.103679917056066	12.117	2.009	2199.02
0.00848999320800543	0.150299879760096	17.161	2.344	3573.65
0.0128199897440082	0.223559821152143	28.413	3.24	5595.42
0.0194599844320125	0.336959730432216	36.812	3.834	7930.7
0.028169977464018	0.476459618832305	60.486	4.607	9417.89
0.042169966264027	0.68687945049644	74.42	6.646	16946.4
0.0628499497200402	0.982439214048629	105.065	7.929	24828.77
0.0951899238480609	1.38221889422488	172.061	10.713	38913.64
0.13997988801609	1.84175852659318	231.537	13.57	54003.93
0.209609832312134	2.42711805830555	264.089	17.609	82083.58
0.317599745920203	3.02903757676994	333.54	23.391	109159.93
0.474059620752303	3.60881711294631	471.854	29.491	193033.54
0.713559429152457	4.14521668382665	698.769	41.459	275372.36
1.06559914752068	4.62509629992296	762.404	58.334	408643.72
1.60198871840903	5.24285580571536	876.307	79.594	573530.63
2.39804808156153	6.04619516304387	1061.734	112.788	771281.5
3.5961771230583	7.24301420558864	1493.031	161.625	1085735.53
5.39728568217145	9.03311277350978	1895.029	236.466	1475316.83
8.09109352712518	11.7280706175435	2799.13	348.721	1895064.49
12.1345602923518	15.7676273858981	3704.902	524.783	2153751.04
18.2052454358037	21.848922520862	5448.657	783.067	2406252.12
27.3175481459615	30.9561952350438	7821.347	1162.527	2806268.09
37.3138601489119	40.9686872250502	10704.719	1611.387	3235026.24
47.3081621534703	50.9448192441446	13399.135	1982.427	3686040.69
57.3087541529967	60.947771241783	15750.939	2397.285	4095012.49
67.3080261535791	70.9638632289094	18756.779	2825.294	4547271.93
77.2737681809855	80.4655156275875	21529.153	3212.152	4966600.49
86.9977304018157	89.3233085413532	23818.649	3691.179	5380167.87
96.9942124046301	99.2836005731195	26385.688	4072.707	5824620.25
