0.00105999915200068	0.0188999848800121	3.779	1.366	394.32
0.00184999852000118	0.0331199735040212	5.048	1.405	888.71
0.00291999766400187	0.0523799580960335	7.363	2.014	1270.55
0.00364999708000234	0.0653399477280418	9.015	1.765	1772.96
0.0085999931200055	0.151919878464097	18.368	2.845	3650.01
0.0185299851760119	0.317519745984203	34.612	4.771	7018.29
0.028109977512018	0.476639618688305	50.643	4.647	11311.08
0.113549909160073	1.44089884728092	161.773	10.745	11676.85
0.317189746248203	3.03785756971394	264.45	22.966	113823.61
0.433049653560277	3.04001756798595	305.514	25.575	170061.07
0.712579429936456	4.12127670297864	353.604	40.136	252061.22
1.06846914522468	4.63985628811497	402.925	69.187	373572.11
2.39754808196153	6.04097516721987	589.222	115.213	779729.37
3.5964971228023	7.21925422459662	693.792	173.342	1087570.99
5.39383568493145	9.01871278502977	797.375	250.835	1458412.04
8.08860352911718	11.7282506173995	1100.899	361.607	1864293.32
12.1248003001598	15.575747539402	1416.086	526.191	2158891.74
27.3085281531775	30.9556552354758	3012.217	1199.936	2799865.41
37.3132301494159	40.9575272339782	4102.201	1585.798	3238368.03
47.3124321500543	50.9536392370886	4617.006	1993.866	3677202.02
57.3107741513807	60.959831232135	5641.956	2438.207	4112077.54
67.3092361526111	70.9498232401414	6776.208	2898.206	4532953.35
97.0746023403181	99.4702604237917	9456.934	4100.832	5825764.92
