0.00100999919200065	0.0181799854560116	3.432	0.925	402.36
0.00177999857600114	0.0316799746560203	6.392	1.008	848.51
0.00287999769600184	0.0518399585280332	6.842	1.067	1129.87
0.00379999696000243	0.0676799458560433	10.554	1.155	1563.95
0.00614999508000394	0.108359913312069	18.509	1.247	2653.22
0.00880999295200564	0.154979876016099	18.469	1.46	3549.53
0.0134699892240086	0.23435981251215	26.197	1.7	5076.91
0.0181599854720116	0.3119397504482	35.076	2.175	7995.01
0.0279299776560179	0.4692596245923	53.525	2.843	10752.36
0.042139966288027	0.689939448048442	96.646	3.833	17481
0.0632599493920405	0.987659209872632	133.386	5.802	24752.4
0.0932899253680597	1.36205891035287	179.817	7.527	33040.86
0.14006988794409	1.84625852299318	206.601	12.196	55543.55
0.212939829648136	2.44421804462556	265.612	16.164	80897.63
0.316809746552203	3.02381758094594	365.041	20.132	134501.14
0.474289620568304	3.62753709797032	490.252	28.891	188087.5
0.707879433696453	4.12001670398664	576.293	37.334	266395.24
1.06330914935268	4.63679629056297	720.177	50.258	410707.81
1.59799872160102	5.22593581925134	1143.086	72.022	537450.99
2.39835808131354	6.03701517038786	1197.053	119.652	780869.47
3.5977571217943	7.24319420544464	1499.481	150.857	1088636.02
5.39187568649945	9.04517276386179	2007.76	224.089	1453095.6
8.08874352900518	11.7275306179755	2642.143	360.988	1891850.07
12.1396102883118	15.7658273873381	3769.476	494.827	2155948.06
18.2066654346677	21.84856252115	5418.773	733.335	2415916.71
27.3109981512015	30.9570952343238	8085.391	1110.714	2799408.39
37.3097901521679	40.9370072503942	10694.953	1585.454	3255336.8
47.3093121525503	50.9741592206726	13110.287	1954.941	3677080.17
57.3135141491887	60.937331250135	16036.218	2314.716	4119302.15
67.3102861517711	70.9528832376934	18948.866	2768.762	4555360.15
77.3142381486095	80.9392752485798	21717.192	3190.17	4969585.72
87.3156101475119	90.9479872416102	25525.177	3947.59	5407467.74
97.1998022401582	99.8101001519199	27080.98	19406.515	5844066.8
