0.00102999917600066	0.0185399851680119	6.952	1.114	402.36
0.00184999852000118	0.0331199735040212	11.709	1.334	735.97
0.00292999765600188	0.0525599579520336	17.896	1.499	1101.74
0.00378999696800243	0.0678599457120434	21.629	1.735	1487.58
0.00614999508000394	0.10907991273607	34.825	2.13	2512.54
0.00847999321600543	0.149939880048096	51.224	2.649	3252.09
0.0128399897280082	0.225899819280145	77.052	3.156	4687.03
0.0197899841680127	0.340199727840218	150.774	4.364	8167.85
0.0270599783520173	0.457019634384292	160.28	5.006	11053.82
0.0417799665760267	0.681659454672436	217.425	6.694	16580.63
0.0637399490080408	0.989819208144634	390.892	7.908	21122.7
0.0933199253440597	1.35539891568087	495.139	10.45	37683.61
0.14110988711209	1.85849851320119	670.638	13.622	50908.65
0.214329828536137	2.44871804102557	786.579	18.195	82083.58
0.318349745320204	3.01949758440193	918.998	25.017	111073.64
0.472149622280302	3.57983713613029	1050.276	31.867	189587.39
0.707679433856453	4.10777671377863	1198.543	43.162	279008.33
1.06481914814468	4.60925631259495	1146.22	65.882	382491.56
1.59979872016102	5.21351582918734	1310.73	84.223	550774.58
2.40230807815354	6.04313516549187	1449.293	122.092	765275.13
3.5955571235543	7.22267422186062	1444.053	174.453	1110732.14
5.39240568607545	9.02591277926978	1781.797	255.784	1468018.55
8.09322352542118	11.7343706125035	2204.191	381.365	1893242.16
12.1356702914638	15.7782473774021	2610.59	555.393	2156874.67
18.2086554330757	21.831102535118	3316.289	822.602	2417665.12
27.3105481515615	30.9504352396518	4412.302	1217.29	2802339.17
37.3121001503199	40.9425872459302	5919.427	1683.132	3252653.44
47.3093921524863	50.9498592401126	7177.007	2116.232	3678573.08
57.3039541568367	60.940931247255	8293.238	2590.828	4101674.91
67.2683061853551	70.3992036806371	9359.356	2989.83	4539896.66
77.3130281495775	80.9441352446918	10814.587	3498.361	4971585.86
87.3056201555039	90.9515872387302	11919.628	3956.974	5421094.85
97.1385222891822	99.6281202975038	14326.139	5004.505	5833492.31
