0.00106999914400068	0.0192599845920123	3.911	1.132	378.24
0.00213999828800137	0.0383399693280245	5.612	1.159	840.48
0.00310999751200199	0.0554399556480355	7.539	1.219	1218.3
0.00429999656000275	0.0763199389440488	9.818	1.419	1563.95
0.00585999531200375	0.104759916192067	17.495	1.384	2399.99
0.00837999329600536	0.148139881488095	24.195	1.74	3493.26
0.0125999899200081	0.21941982446414	25.549	1.955	5137.2
0.0198299841360127	0.339659728272217	37.634	2.397	7995.01
0.0285899771280183	0.483299613360309	53.656	3.101	11809.47
0.0410599671520263	0.673919460864431	73.413	4.099	17806.57
0.0623199501440399	0.971819222544622	118.22	5.301	25371.39
0.0947799241760607	1.36871890502488	154.85	7.598	39649.23
0.14129988696009	1.86425850859319	235.98	10.872	61022.66
0.210299831760135	2.41631806694555	243.314	15.176	83631.32
0.243969804824156	2.1817782545774	192.699	14.662	26082.87
0.473159621472303	3.5945971243223	353.466	27.199	180395.12
0.710969431224455	4.13639669088265	338.477	37.172	275336.17
1.06850914519268	4.64939628048298	362.833	53.27	372127.82
1.59760872191302	5.22413582069134	434.961	72.543	566679.06
2.39851808118553	6.03917516865986	517.208	112.694	809788.64
3.5963471229223	7.20557423554061	609.352	160.184	1080894.67
5.38644569084345	8.9008128793497	821.537	224.096	1445369.9
8.08836352930918	11.7129506296395	1043.003	337.573	1874574.95
12.1376502898798	15.7697873841701	1396.233	498.089	2150195.65
18.2085054331957	21.850002519998	2062.674	747.007	2417073.99
27.3105681515455	30.9417952465638	2816.511	1113.756	2809161.07
37.3151201479039	40.9551872358502	4095.608	1633.629	3236510.62
47.3127221498223	50.9350992519206	4937.698	1930.928	3669562.45
57.3089541528367	60.947231242215	5701.714	2359.554	4118786.21
67.3106961514431	70.9471232423014	6689.311	2828.693	4537431.26
77.3144281484575	80.9396352482918	7476.444	3234.431	4969577.36
87.1814902548078	89.8856280914975	8460.697	3663.023	5411916.48
97.0606023515181	99.4393004485596	12324.053	9033.651	5824297.31
