0.00104999916000067	0.0188999848800121	7.379	1.104	426.48
0.00220999823200141	0.0397799681760255	14.303	1.077	848.51
0.00287999769600184	0.0516599586720331	18.65	1.096	1190.17
0.00386999690400248	0.0691199447040442	22.557	1.195	1708.65
0.00645999483200413	0.115019907984074	34.801	1.403	2399.99
0.00902999277600578	0.158399873280101	54.74	1.611	3879.12
0.0126699898640081	0.21923982460814	72.386	1.919	5551.2
0.0183499853200117	0.3131997494402	99.095	2.525	7508.66
0.0272399782080174	0.462959629632296	222.263	3.12	10334.32
0.0413599669120265	0.67247946201643	216.357	4.712	14828.12
0.06243995004804	0.971819222544622	340.927	5.907	24402.69
0.0946299242960606	1.36547890761687	536.277	9.576	36931.92
0.14120988703209	1.8761384990892	688.827	11.527	58546.4
0.208729833016134	2.40047807961754	800.677	17.288	83711.71
0.314909748072202	3.03461757230594	990.626	20.975	124401.46
0.474449620440304	3.5999971200023	1001.127	29.122	176526.87
0.711619430704455	4.11641670686663	1000.573	39.036	272520.73
1.06576914738468	4.64471628422697	1147.06	55.711	401501.98
1.60036871970502	5.22791581766735	1301.542	78.892	538260.05
2.39963808028954	6.03683517053186	1368.898	111.559	770842.41
3.6004171196663	7.24697420242064	1522.64	169.356	1069406.29
5.39515568387545	9.02951277638978	1728.611	236.714	1466732.81
8.09243352605318	11.7331106135115	2186.505	362.825	1874156.97
12.1364502908398	15.7613273909381	2567.261	544.732	2153801.41
18.2077554337957	21.847122522302	3228.02	809.544	2416327.74
27.3136881490495	30.9592552325958	4537.406	1157.655	2806926.29
37.3097101522319	40.9357472514022	5697.019	1655.598	3258016.09
47.3078121537503	50.9464392428486	7077.812	2002.064	3676526.78
57.3119541504367	60.947771241783	8178.872	2455.431	4116798.88
67.3102061518351	70.9345232523814	9466.418	2925.57	4554605.38
77.1293482965214	79.712936229651	10858.017	3369.769	4977736.81
87.3138601489119	90.9425872459302	12122.398	4030.005	5414859.96
97.0924123260701	99.5186803850557	13329.335	8117.362	5827953.46
