0.00101999918400065	0.0181799854560116	3.599	1.05	398.34
0.00226999818400145	0.0408599673120262	5.774	1.169	784.2
0.00292999765600188	0.0521999582400334	7.039	1.257	1121.84
0.00380999695200244	0.0678599457120434	8.768	1.307	1692.57
0.00584999532000374	0.104039916768067	12.616	1.467	2584.89
0.00848999320800543	0.147599881920094	38.709	1.611	3360.62
0.0133099893520085	0.232379814096149	25.545	2.002	5430.62
0.0194199844640124	0.334259732592214	36.555	2.256	7926.68
0.0273799780960175	0.460799631360295	60.88	2.978	11311.08
0.042189966248027	0.68723945020844	73.284	4.245	16484.16
0.0644799484160413	0.995939203248637	126.695	5.458	26167.3
0.0936599250720599	1.36367890905687	140.31	7.526	38913.64
0.143189885448092	1.8714585028332	226.35	10.405	58144.39
0.211729830616136	2.43647805081756	287.475	15.665	83836.33
0.315329747736202	3.02255758195393	294.984	20.276	119247.18
0.4693996244803	3.56309714952228	336.528	25.756	179964.86
0.712229430216456	4.13081669534664	403.173	36.111	269942.62
1.06868914504868	4.62923629661096	431.202	50.669	397736.01
1.60641871486503	5.23691581046735	406.154	76.813	577938.72
2.39762808189753	6.04133516693187	568.798	107.743	781731.59
3.5959071232743	7.22735421811663	623.496	155.139	1108872.2
5.39448568441145	9.01529278776577	823.297	232.658	1462810.91
7.77157378274097	10.0852119318305	854.528	319.312	1774815.72
12.1373502901198	15.7879673696261	1403.157	501.861	2152409.37
18.2100654319477	21.857382514094	2059.137	761.926	2409673.58
27.3120981503215	30.9414352468518	2893.274	1128.418	2806725.11
37.3112001510399	40.9424072460742	3832.282	1539.651	3235877.56
47.3131221495023	50.9552592357926	4775.071	1928.839	3671503.89
57.3130741495407	60.940751247399	5741.502	2391.718	4119356.49
67.3080861535311	70.9464032428774	6919.299	2804.374	4532852.46
77.3135681491455	80.9608752312998	8367.532	3207.424	4971967.36
87.3136501490799	90.9478072417542	8600.548	3986.321	5417249.88
97.2290622167502	99.9112600709919	9347.714	8619.471	5845400.32
