0.000909999272000582	0.0163799868960105	3.549	1.106	438.53
0.00221999822400142	0.0397799681760255	5.881	1.441	816.36
0.0032799973760021	0.0590399527680378	7.793	1.653	1101.74
0.00397999681600255	0.0714599428320457	31.203	1.77	1728.75
0.00620999503200397	0.110339911728071	21.011	2.238	2026.19
0.00900999279200577	0.159299872560102	18.771	2.578	3794.71
0.0131499894800084	0.229679816256147	25.631	3.254	5430.62
0.0193899844880124	0.335339731728215	35.542	3.793	7685.52
0.0285699771440183	0.482219614224309	54.503	5.763	11664.79
0.0427999657600274	0.697859441712447	75.742	6.439	15093.4
0.06247995001604	0.972179222256622	127.747	7.428	23518.36
0.0956099235120612	1.39229888616089	154.773	9.901	36019.45
0.141819886544091	1.8674985060012	207.888	13.397	56604.79
0.212089830328136	2.43251805398556	421.492	16.934	84905.69
0.315159747872202	3.02687757849794	360.978	23.967	127324.4
0.474379620496304	3.6016171187063	429.845	32.869	190801.79
0.706029435176452	4.11335670931463	572.645	40.654	270191.98
0.854689316248547	3.21947742441806	538.195	42.96	210051.65
1.59969872024102	5.22647581881934	939.098	77.83	554642.91
2.39996808002554	6.06563514749188	1214.903	111.283	794659.88
3.6004171196663	7.24697420242064	1503.531	167.378	1069406.29
5.40003567997146	9.03671277062978	1973.036	241.497	1422963.34
8.09190352647718	11.7415706067435	2706.636	397.916	1905170.85
12.1416202867038	15.7834673732261	3718.247	532.677	2155197.55
18.2069854344117	21.835782531374	5486.924	789.786	2414713.41
27.3081581534735	30.9358552513158	7998.229	1161.974	2808360.16
37.3113801508959	40.9488872408902	10824.43	1578.267	3255252.95
47.3115121507903	50.9458992432806	14372.914	2014.2	3673348.61
57.3101641518687	60.936791250567	16124.838	2410.589	4121272.7
67.3075561539551	70.9519832384134	18977.832	2813.368	4557741.79
77.3139581488335	80.9410752471398	21297.229	3249.548	4969527.12
87.2024502380398	89.9590680327456	25497.128	3700.167	5403082.18
96.930502455598	99.1678606657115	26800.333	4058.654	5812687.34
