0.000829999336000531	0.0149399880480096	6.312	1.051	426.48
0.00114999908000074	0.0206999834400132	11.801	1.529	173.25
0.00305999755200196	0.054719956224035	19.229	1.89	1186.15
0.0040599967520026	0.0725399419680464	23.589	1.818	1760.9
0.00597999521600383	0.106559914752068	32.605	2.12	2026.19
0.00901999278400577	0.159119872704102	75.675	2.882	3252.09
0.0132699893840085	0.230939815248148	71.679	3.622	5153.28
0.0190599847520122	0.325979739216209	111.445	4.02	7669.44
0.0273299781360175	0.460799631360295	187.981	5.176	9896.22
0.042129966296027	0.693539445168444	254.427	7.294	16946.4
0.0586799530560376	0.911699270640584	331.494	8.363	23369.66
0.092139926288059	1.34765892187286	513.36	10.391	37683.61
0.14115988707209	1.85957851233719	653.351	14.174	57666.04
0.193649845080124	2.16467826825739	698.934	16.647	77323.76
0.313549749160201	3.00581759534592	953.533	23.738	120075.42
0.471899622480302	3.57155714275429	987.61	33.556	176756.04
0.705229435816451	4.11965670427464	1038.888	46.11	265051.91
1.06133915092868	4.63391629286697	1218.474	58.901	414425.62
1.60114871908102	5.22287582169934	1344.14	82.751	539016.79
2.40280807775354	6.03035517571586	1368.289	123.947	786686.87
3.5989571208343	7.25201419838864	1491.219	173.33	1112822.05
5.39438568449145	9.04283276573379	1700.259	251.962	1450455.65
8.09183352653318	11.7289706168235	2314.558	378.42	1879996.21
12.1318902944878	15.7699673840261	2775.636	557.201	2147797.15
18.2041054367157	21.853602517118	3342.295	825.01	2406700.89
27.3096381522895	30.9471952422438	4524.497	1215.519	2807798.43
37.1503302797358	39.7515281987774	5493.907	1704.486	3223621.49
47.3152621477903	50.9520192383846	6993.348	2107.156	3668832.88
57.3078141537487	60.952811237751	8077.488	2597.503	4104622.77
67.3140561487551	70.9339832528134	9542.14	3034.98	4546152.49
77.3089781528175	80.9385552491558	10906.469	3436.693	4973623.53
87.1703202637438	89.8460281231775	12154.976	3929.688	5410235.32
97.2145022283982	99.8653601077119	13131.34	4385.915	5845014.53
