0.00105999915200068	0.0190799847360122	3.594	1.33	394.32
0.00173999860800111	0.0309599752320198	4.871	1.474	868.61
0.0020299983760013	0.0365399707680234	5.483	1.526	257.66
0.00419999664000269	0.0745199403840477	9.417	1.956	1487.58
0.00589999528000378	0.105299915760067	12.842	2.297	2432.15
0.00934999252000598	0.165959867232106	20.567	2.828	3766.58
0.0133099893520085	0.23399981280015	25.06	3.369	4377.55
0.0190999847200122	0.329399736480211	35.319	3.758	7524.74
0.0276099779120177	0.4694396244483	70.864	4.725	10913.14
0.0415999667200266	0.683279453376437	74.48	6.116	18003.55
0.0635399491680407	0.990539207568634	106.233	7.57	24402.69
0.0936099251120599	1.36295890963287	139.925	9.725	38913.64
0.141689886648091	1.86353850916919	191.823	12.762	54003.93
0.214129828696137	2.43773804980956	271.034	17.988	73476.59
0.317529745976203	3.03821756942594	276.464	25.861	116633.89
0.474139620688303	3.61619710704231	396.817	29.586	173925.24
0.709319432544454	4.11245671003463	347.323	45.457	281695.1
1.06375914899268	4.62851629718696	417.967	57.681	391008.89
1.60199871840103	5.23277581377935	467.151	82.671	527686.11
2.40168807864954	6.04475516419587	483.216	119.649	765512.78
3.5942171246263	7.22123422301262	639.539	162.028	1093198.68
5.39955568035546	9.02771277782978	828.67	241.402	1447920.8
8.09433352453318	11.7368906104875	1001.567	353.579	1867027.95
12.1410502871598	15.7816673746661	1353.44	523.821	2152539.4
18.2064554348357	21.836682530654	2068.809	789.169	2405354.76
27.3106681514655	30.9488152409478	2869.854	1168.141	2805026.75
37.3091401526879	40.9487072410342	3756.744	1583.763	3240628.12
47.3124721500223	50.9539992368006	4577.366	2049.636	3667910.29
57.3081241535007	60.927251258199	5468.346	2450.731	4099570.3
67.3108961512831	70.9543232365414	6403.758	2855.853	4530429.12
77.3118181505455	80.9491752406598	7383.26	3312.68	4974273.63
87.3117801505759	90.9229672616262	8442.982	3681.355	5407442.67
97.1911122471102	99.7993001605599	9792.672	4185.97	5844741.94
