0.00117999905600076	0.0212399830080136	3.903	1.089	410.4
0.00205999835200132	0.0370799703360237	5.658	1.169	735.97
0.00284999772000182	0.0509399592480326	6.867	1.259	1085.66
0.00426999658400273	0.0759599392320486	9.409	1.302	1604.15
0.00518999584800332	0.0916199267040586	20.974	1.368	2243.24
0.00855999315200548	0.151919878464097	23.144	1.648	3039.06
0.0132599893920085	0.232019814384148	24.669	1.944	5277.88
0.0189299848560121	0.325619739504208	35.466	2.295	7235.34
0.0259299792560166	0.431099655120276	65.983	2.677	10422.77
0.0413599669120265	0.674819460144432	114.653	4.541	16556.51
0.0635199491840406	0.975959219232625	103.532	5.281	22199.95
0.0951399238880609	1.38851888918489	144.452	7.878	39203.06
0.133389893288085	1.47959881632095	143.153	9.312	17452.86
0.141519886784091	1.8674985060012	209.311	10.294	55149.6
0.3117597505922	2.9660376271699	280.442	18.68	121599.16
0.473879620896303	3.60287711769831	338.914	27.562	184516.75
0.710489431608455	4.11623670701063	331.087	36.603	291750.55
1.06598914720868	4.62941629646696	409.237	54.198	354370.14
1.59705872235302	5.22071582342734	424.495	71.923	572648.97
2.40029807976154	6.03359517312386	528.15	109.923	777372.64
3.5965671227463	7.20593423525261	594.64	156.669	1081052.03
5.39434568452345	9.03491277206978	776.527	242.712	1459151.9
8.08749353000518	11.7370706103435	1060.697	341.503	1861291.03
12.1360902911278	15.7724873820101	1479.5	499.982	2154078.14
18.2071554342757	21.85306251755	2103.513	752.776	2414696.75
27.3144781484175	30.9740152207878	2749.183	1130.468	2796129.65
37.3072701541839	40.9521272382982	3663.869	1540.178	3239345.15
47.3148121481503	50.9478792416966	4818.028	1962.102	3674480.74
57.3149841480127	60.941831246535	5233.149	2432.109	4098215.78
67.3095461523631	70.9642232286214	6519.747	2817.691	4540617.75
77.2288882168894	80.1080359135713	7109.187	3270.622	4963388.82
87.1802302558158	89.8663681069055	7995.851	3662.601	5399652.28
97.2202222238222	99.8774200980639	10523.897	8945.384	5845806.87
