0.00110999911200071	0.0199799840160128	3.983	1.338	398.34
0.00211999830400136	0.0377999697600242	6.298	1.489	788.22
0.00304999756000195	0.0543599565120348	7.389	1.768	1218.3
0.00403999676800259	0.0723599421120463	17.525	1.937	1708.65
0.00618999504800396	0.10961991230407	13.034	2.25	2512.54
0.00844999324000541	0.149039880768095	17.181	2.672	3360.62
0.0130099895920083	0.228959816832147	25.052	3.149	5113.09
0.0196399842880126	0.337319730144216	39.614	3.849	6724.88
0.0273999780800175	0.461879630496296	49.236	4.525	10073.08
0.0417099666320267	0.676619458704433	115.208	7.169	16906.2
0.0616699506640395	0.959039232768614	98.94	7.97	25307.08
0.0943199245440604	1.37321890142488	169.434	9.634	33627.73
0.14068988744809	1.85417851665719	206.427	12.472	50908.65
0.208899832880134	2.42117806305755	270.384	16.475	81589.09
0.315979747216202	3.02147758281793	289.478	23.567	134501.14
0.472569621944302	3.5926171259063	354.123	29.674	177294.88
0.697639441888447	3.96683682653054	332.351	40.986	261456.31
1.06584914732068	4.64597628321897	405.638	59.034	372489.88
1.59792872165702	5.23709581032335	417.5	81.964	576976.56
2.38107809513752	5.77151538278769	454.472	121.743	778681.92
3.5958471233223	7.24805420155664	703.712	172.669	1076320.25
5.39528568377145	9.03437277250178	759.698	243.086	1452529.62
8.09300352559718	11.7318506145195	1055.115	350.186	1887734.91
12.1389202888638	15.7706873834501	1382.669	528.624	2161377.99
18.2135154291877	21.863142509486	1908.676	775.299	2415371.67
27.3099281520575	30.9387352490118	2821.881	1156.227	2808196.6
37.3090201527839	40.9510472391622	3737.602	1574.189	3251806.3
47.3127221498223	50.9493192405446	4412.638	2040.704	3672178.69
57.3079741536207	60.932831253735	5368.381	2433.282	4099964.33
67.3128461497231	70.9401032479174	6655.135	2887.857	4536106.44
77.3099181520655	80.9475552419558	7491.827	3443.525	4980441.35
87.3152001478399	90.9312472550022	8402.207	3796.179	5407295.96
97.2269822184142	99.9087400730079	8946.305	4096.208	5845320.49
