0.000839999328000538	0.0151199879040097	34.549	0.927	374.22
0.00172999861600111	0.0309599752320198	12.276	0.999	257.66
0.00216999826400139	0.0386999690400248	13.847	0.993	888.71
0.00391999686400251	0.0700199439840448	24.703	1.193	1716.69
0.00574999540000368	0.102419918064066	46.663	1.346	2379.9
0.0084399932480054	0.149039880768095	58.335	1.638	3650.01
0.0128999896800083	0.225359819712144	74.274	2.144	5430.62
0.0189799848160121	0.326339738928209	104.715	2.351	7669.44
0.0283499773200181	0.475739619408304	152.099	3.427	11041.76
0.042139966288027	0.681839454528436	239.388	4.465	16922.28
0.0638499489200409	0.995579203536637	343.819	6.012	26464.74
0.0940699247440602	1.37069890344088	474.027	7.99	37647.44
0.141629886696091	1.85507851593719	660.417	11.364	51515.64
0.209449832440134	1.89935848051322	598.477	13.316	26082.87
0.211439830848135	2.42027806377755	952.81	15.456	83631.32
0.475309619752304	3.60575711539431	1054.425	28.878	154150.4
0.710429431656455	4.11587670729863	1239.261	40.905	274539.82
1.06576914738468	4.64327628537897	1164.183	61.731	391266.39
1.59630872295302	5.21873582501134	1273.076	79.489	552928.11
2.40169807864154	6.03719517024386	1397.352	112.049	777485.47
3.5974771220183	7.21295422963662	1561.402	165.38	1091342.92
5.39475568419545	9.04535276371779	1951.532	235.207	1453912.27
8.08965352827718	11.7115106307915	1990.774	343.878	1882122.5
12.1379602896318	15.7859873712101	2531.197	534.148	2151545.51
18.2047754361797	21.845502523598	3413.517	785.76	2415828.8
27.3130181495855	30.9538552369158	4543.963	1161.124	2820494.64
37.3149801480159	40.9496072403142	5665.611	1612.284	3252359.63
47.3154421476463	50.9520192383846	7038.276	2018.66	3672966.95
57.3097441522047	60.952811237751	8632.022	2540.15	4095201.13
67.3073561541151	70.9411832470534	9564.09	2944.161	4555599.26
77.3113881508895	80.9525952379238	10900.474	3612.774	4978525.15
87.3096401522879	90.8975872819302	12177.752	4049.346	5407560.17
96.914482468414	99.1361806910554	12692.431	8122.702	5811450.13
