0.0021799982560014	0.039059968752025	13.069	1.368	784.2
0.0092199926240059	0.161999870400104	57.285	2.621	3646
0.0127799897760082	0.224099820720143	87.837	3.385	5595.42
0.0192399846080123	0.331379734896212	122.864	4.235	7995.01
0.0277699777840178	0.470879623296301	156.589	4.92	10487.08
0.042139966288027	0.686519450784439	222.436	6.347	15294.37
0.0627199498240401	0.98441921246463	351.657	8.067	24993.55
0.14123988700809	1.86497850801719	621.558	13.807	48263.6
0.211769830584136	2.41685806651355	811.802	18.246	82638.34
0.314389748488201	3.01067759145793	969.263	25.32	120988.07
0.472229622216302	3.5951371238903	986.661	32.796	195369.88
0.712339430128456	4.12037670369864	1103.826	45.825	252576.01
1.06471914822468	4.64489628408297	1174.941	60.381	375418.75
1.59983872012902	5.23997580801935	1266.624	81.458	574891.26
2.39368808504953	6.03251517398786	1335.943	119.418	802874.8
5.39198568641145	8.99207280634175	1753.113	270.109	1446198.64
37.3118201505439	40.9614872308102	5712.847	1677.776	3236175.18
47.3128521497183	50.9388792488966	7068.776	2109.151	3666589.7
67.3109461512431	70.9383032493574	9428.616	2970.255	4545351.58
77.3041381566895	80.9578152337478	11026.754	3477.353	4971409.85
87.2516801986558	90.3007077594338	11786.955	3832.01	5414893.42
97.1747022602382	99.7503401997278	12820.46	4293.615	5844607.91
