0.000459999632000294	0.00809999352000518	3.954	0.89	92.86
0.00206999834400132	0.0372599701920238	14.194	1.003	756.07
0.00323999740800207	0.0581399534880372	19.702	1.149	1121.84
0.00391999686400251	0.0698399441280447	22.251	1.179	1463.49
0.00653999476800419	0.115919907264074	36.144	1.382	2383.92
0.00902999277600578	0.157679873856101	53.872	1.913	3252.09
0.0122999901600079	0.214199828640137	73.356	1.995	5474.83
0.0180399855680115	0.315179747856202	100.033	2.908	6395.28
0.021839982528014	0.367919705664235	172.841	2.763	2331.66
0.0429899656080275	0.701279438976449	224.568	4.203	17320.22
0.0639099488720409	0.995039203968637	357.034	6.137	23518.36
0.0955199235840611	1.37951889638488	469.262	7.946	38913.64
0.14076988738409	1.86317850945719	686.854	11.382	56230.95
0.209979832016134	2.43449805240156	863.175	15.809	85641.39
0.317179746256203	3.03641757086594	868.585	21.145	127999.85
0.471649622680302	3.61565710747431	1097.195	31.923	195100.46
0.712149430280456	4.11911670470664	1073.778	39.847	265168.54
1.06473914820868	4.63571629142697	1161.392	57.525	385790.65
1.59601872318502	5.23043581565135	1249.627	76.856	569191
2.39783808172953	6.03539517168386	1377.064	109.247	771281.5
3.6000571199543	7.22555421955662	1547.104	159.053	1082286.42
5.39181568654745	9.04337276530179	1719.488	236.159	1477581.24
8.09507352394118	11.7307706153835	2074.93	354.997	1875423
12.0345203723837	14.8393681285055	2315.726	512.564	2152409.39
18.2093454325237	21.852522517982	3262.293	781.296	2414973.26
27.3140781487375	30.9338752528998	4524.494	1187.969	2805924.27
37.2327102138318	40.1635478691617	5933.663	1617.539	3236011.62
47.3079621536303	50.9462592429926	7137.657	2053.221	3681755.51
57.3092341526127	60.933191253447	10308.082	2558.972	4098702.26
67.3089861528111	70.9428032457574	10008.807	3209.428	4538643.02
77.3082181534255	80.9435952451238	11896.715	3372.532	4979376.29
87.3158301473359	90.9384472492422	13904.534	4017.817	5407337.9
97.0893023285581	99.5116603906717	13046.193	8342.449	5827576.12
