0.00103999916800067	0.018719985024012	3.583	1.012	450.59
0.00199999840000128	0.035999971200023	5.392	1.055	852.53
0.00344999724000221	0.0611999510400392	9.461	1.126	1190.17
0.0040599967520026	0.0727199418240465	9.994	1.17	1588.07
0.00590999527200378	0.105119915904067	21.86	1.292	2367.84
0.00893999284800572	0.157139874288101	19.601	1.767	3846.97
0.0128699897040082	0.226799818560145	25.262	1.695	5740.12
0.0191999846400123	0.331919734464212	37.036	2.151	7520.72
0.0277899777680178	0.466379626896298	56.294	2.936	10913.14
0.0433099653520277	0.700919439264449	128.05	4.145	16588.67
0.0591999526400379	0.918179265456588	96.771	5.703	23369.66
0.0927299258160593	1.34495892403286	210.259	7.195	36722.89
0.141839886528091	1.85075851939318	227.594	10.365	55165.68
0.211939830448136	2.43017805585756	322.365	14.701	86634.35
0.317619745904203	3.03461757230594	324.661	23.32	120075.42
0.472189622248302	3.58217713425829	500.814	28.037	189527.07
0.710429431656455	4.12037670369864	581.781	37.007	268900.93
1.06516914786468	4.64435628451497	727.167	59.236	400733.49
1.59942872045702	5.23871580902735	910.582	72.056	575036.2
2.40018807984954	6.04187516649987	1109.9	106.05	760336.35
3.5963571229143	7.23455421235663	1409.311	152.484	1100161.84
5.28483577213138	8.05589355528516	3084.02	212.666	1431544.76
8.09261352590918	11.7388706089035	2788.79	348.127	1870322.62
12.1356302914958	15.7737473810021	3751.516	494.869	2153403.06
18.2074354340517	21.837402530078	5331.582	737.432	2414541.55
27.3103281517375	30.9518752384998	7895.116	1100.533	2808871.78
37.3092601525919	40.9490672407462	10616.868	1516.501	3256334.55
47.3109621512303	50.9563392349286	13294.411	1943.911	3681587.79
57.3082841533727	60.966491226807	15947.955	2396.215	4094471.67
67.3112361510111	70.9374032500774	18494.347	2733.434	4540001.5
77.3063881548895	80.9531352374918	21642.158	3136.975	4971342.65
87.3126701498639	90.9492472406022	24597.873	3911.179	5417635.71
97.1130223095821	99.5786203371037	26634.452	19111.048	5836188.4
