0.00110999911200071	0.0199799840160128	4.042	0.974	410.4
0.00211999830400136	0.0381599694720244	8.383	1.033	792.24
0.00278999776800179	0.050039959968032	6.819	1.091	1178.11
0.00416999666400267	0.0736199411040471	9.357	1.175	1563.95
0.00648999480800415	0.114659908272073	13.402	1.706	2428.13
0.00801999358400513	0.141659886672091	17.686	1.42	3360.62
0.0128099897520082	0.222659821872143	26.087	1.727	5117.11
0.0191899846480123	0.329939736048211	36.454	2.632	8171.87
0.0260699791440167	0.42173966260827	66.281	2.762	3493.26
0.0278099777520178	0.467279626176299	50.965	2.718	12026.54
0.0631999494400405	0.991079207136634	112.753	5.249	23168.67
0.0930799255360596	1.35629891496087	157.007	7.408	40103.47
0.142629885896091	1.8743385005292	228.082	11.757	56371.65
0.211639830688135	2.42351806118555	305.822	14.074	87156.99
0.317999745600203	3.02975757619394	397.204	19.358	135301.27
0.475689619448304	3.61817710545832	434.811	27.657	199958.11
0.710089431928454	4.12883669693064	591.128	37.311	260824.86
1.05797915361668	4.63517629185897	798.579	50.714	396641.65
1.59817872145702	5.21333582933134	875.122	78.239	575837.28
2.39441808446553	6.03107517513986	1153.833	106.189	791883.99
3.60169711864231	7.25327419738064	1481.553	154.927	1116356.41
5.39395568483545	9.03563277149378	1962.794	223.72	1474330.23
8.08692353046118	11.7268106185515	2621.951	330.411	1863879.52
12.1387702889838	15.7802273758181	3903.49	500.976	2163629.7
18.2073654341077	21.838842528926	5421.18	734.486	2416516.24
27.3135881491295	30.9563752348998	7967.673	1124.174	2814012.34
37.3122201502239	40.9499672400262	10614.939	1516.169	3237898.52
47.3084121532703	50.9588592329126	13404.156	1899.429	3667696.55
57.3084441532447	60.933731253015	16113.794	2351.007	4099662.47
67.3111461510831	70.9410032471974	18796.757	2778.646	4533204.8
77.3044681564255	80.9317152546278	21567.493	3192.22	4979527.32
87.3086701530639	90.9533872372902	27233.379	4011.05	5409732.04
97.2081222335022	99.8342201326239	26578.61	19514.24	5845995.71
