0.00220999823200141	0.0395999683200253	5.747	1.565	816.36
0.00309999752000198	0.0550799559360352	8.65	1.862	1286.63
0.00393999684800252	0.0698399441280447	8.935	1.867	1588.07
0.00583999532800374	0.104399916480067	12.147	2.424	2026.19
0.00891999286400571	0.157499874000101	20.218	2.58	3565.61
0.018739985008012	0.321839742528206	37.736	3.837	7018.29
0.0280399775680179	0.474479620416304	65.889	5.484	11053.82
0.042269966184027	0.691739446608443	78.408	6.214	15475.27
0.317219746224203	3.04469756424195	363.753	23.646	119247.18
0.476079619136305	3.60251711798631	337.964	31.071	190986.77
0.708469433224453	4.11965670427464	341.345	39.775	286465.37
1.59876872098502	5.21747582601934	444.1	81.478	545215.65
3.34775732179414	5.7776353778917	476.002	151.539	951859.91
8.09200352639718	11.7316706146635	1025.413	350.022	1865161.58
12.1398702881038	15.7840073727941	1337.24	524.957	2163994.32
18.2089054328757	21.848382521294	1943.155	783.712	2409254.25
47.3126821498543	50.9329392536486	4651.753	2028.924	3669260.55
77.3038781568975	80.8514353188517	7175.739	3280.453	4984248.39
96.9922024062381	99.2884605692315	8931.949	4128.858	5817852.84
