0.000869999304000557	0.0154799876160099	3.397	1.259	378.24
0.0017199986240011	0.0305999755200196	4.828	1.429	868.61
0.00293999764800188	0.0523799580960335	8.973	1.689	1294.67
0.00410999671200263	0.0736199411040471	10.186	1.843	1592.09
0.00599999520000384	0.106919914464068	12.482	2.168	2512.54
0.00887999289600568	0.1562398750081	17.355	3.267	3658.05
0.0129599896320083	0.226259818992145	26.431	3.561	5265.82
0.0192299846160123	0.329579736336211	34.913	4.128	7669.44
0.0285999771200183	0.48419961264031	54.179	5.153	10487.08
0.0418299665360268	0.683819452944438	79.798	6.028	16556.51
0.0620499503600397	0.971099223120621	105.046	7.525	24680.03
0.0721099423120461	1.02419918064066	105.596	7.92	7798.06
0.14093988724809	1.86209851032119	186.984	12.877	52283.45
0.210239831808135	2.41379806896154	252.438	16.52	86409.24
0.317529745976203	3.02489758008194	283.028	23.372	109159.93
0.474669620264304	3.5949571240343	330.647	30.616	184516.75
0.707549433960453	4.13603669117065	344.449	40.044	286465.37
1.06507914793668	4.62275630179496	361.842	55.48	386144.68
1.60604871516103	5.24411580470736	444.754	78.89	577987.04
2.37019810384152	5.66495546803563	498.104	108.916	776305.07
3.60162711869831	7.24337420530064	571.224	164.919	1077239.93
5.39308568553145	9.00899279280577	783.703	241.393	1481143.62
8.08980352815718	11.7417506065995	1134.645	362.892	1897414.37
12.1364102908718	15.7742873805701	1425.968	527.456	2153910.42
18.2099754320197	21.83416253267	1929.618	775.871	2407791.1
27.2719581824335	30.4710956231235	2727.868	1180.559	2806746.03
37.3109701512239	40.9460072431942	3801.236	1582.097	3254691.04
47.3154621476303	50.9563392349286	4541.161	2025.267	3671268.85
57.3086841530527	60.938411249271	5505.328	2439.442	4118886.84
67.260566191547	70.339983728013	6448.93	2870.702	4539888.4
77.3116481506815	80.9354952516038	7312.238	3270.948	4972374.11
87.3111401510879	90.9622072302342	8433.358	3743.785	5409254.09
97.2276622178702	99.9110800711359	9306.445	4221.683	5845358.35
