0.00099999920000064	0.0178199857440114	3.504	1.11	394.32
0.00209999832000134	0.0377999697600242	5.749	1.362	752.05
0.00275999779200177	0.0491399606880314	6.727	1.523	338.05
0.00297999761600191	0.0529199576640339	7.297	1.564	1218.3
0.00623999500800399	0.110699911440071	13.414	2.23	2223.14
0.00953999236800611	0.166679866656107	18.746	2.622	3509.33
0.0123799900960079	0.216179827056138	26.059	3.044	5149.26
0.0190199847840122	0.330119735904211	38.512	3.779	7018.29
0.0260099791920166	0.442079646336283	60.827	4.372	11069.89
0.0419799664160269	0.684899452080438	81.398	5.816	16484.16
0.0629599496320403	0.977579217936626	108.331	7.516	24993.55
0.0938999248800601	1.35935891251287	150.363	9.486	36835.44
0.141539886768091	1.85921851262519	198.922	13.08	58622.77
0.211299830960135	2.42927805657755	277.348	16.645	84053.42
0.317059746352203	3.04505756395395	309.45	22.902	115508.17
0.472759621792303	3.61313710949031	435.311	30.869	186708.24
0.711929430456456	4.10975671219463	607.638	41.553	271237.71
1.06559914752068	4.62563629949096	706.321	56.953	381079.4
1.59405872475302	5.23313581349135	897.149	80.767	561232.53
2.39082808733753	6.01631518694785	1097.027	110.562	793374.66
3.60157711873831	7.24283420573264	1509.976	163.419	1076570.32
5.39946568042746	9.05417275666179	1960.573	236.396	1416160.77
8.08881352894918	11.7282506173995	2675.841	350.992	1922374.76
12.1404402876478	15.7764473788421	3804.774	519.536	2154644.33
18.2081454334837	21.861702510638	5392.311	789.935	2414449.28
27.3059381552495	30.9374752500198	7724.271	1157.751	2809702.09
37.3105501515599	40.9539272368582	10572.773	1580.981	3238447.58
47.3107821513743	50.9613792308966	13550.153	1987.175	3681042.63
57.3078941536847	60.954431236455	16080.399	2448.979	4117096.59
67.3050061559951	70.9413632469094	18775.085	2867.5	4538005.72
77.3015581587535	80.9551152359078	21331.846	3242.51	4971694.89
87.3115001507999	90.9467272426182	24166.096	3652.119	5409648.05
97.2249022200782	99.8984800812159	26453.143	4108.172	5845672.79
