0.00106999914400068	0.0192599845920123	4.24	1.1	402.36
0.00181999854400116	0.0325799739360208	5.142	1.151	816.36
0.00276999778400177	0.0494999604000317	6.954	1.22	1121.84
0.0042199966240027	0.0752399398080481	9.075	1.324	1624.24
0.00607999513600389	0.107099914320069	13.503	1.471	2166.87
0.00817999345600524	0.144539884368093	16.296	1.546	3360.62
0.0127899897680082	0.223379821296143	51.542	2.001	5137.2
0.0184599852320118	0.319679744256205	35.546	2.318	8107.56
0.0269699784240173	0.454139636688291	47.252	3.044	10422.77
0.0427699657840274	0.697319442144446	107.325	4.106	16230.92
0.0633999492800406	0.986939210448632	102.691	6.008	25431.7
0.0943899244880604	1.37771889782488	144.098	8.175	39251.31
0.14006988794409	1.85381851694519	210.321	11.074	58116.26
0.209689832248134	2.41001807198554	257.826	14.662	87546.94
0.319649744280205	3.05189755848195	296.029	21.778	119247.18
0.450389639688288	3.23117741505807	294.804	24.725	170061.07
0.707649433880453	4.12541669966664	370.489	39.494	282374.85
1.06258914992868	4.62383630093096	391.573	51.533	413435.82
1.60047871961702	5.23241581406735	418.76	74.797	562762.24
2.40404807676154	6.04439516448387	535.27	112.916	779000.19
3.5959671232263	7.23599421120463	646.143	163.712	1121944.55
5.39267568585945	9.01889278488577	765.579	229.463	1428436.32
8.09272352582118	11.7167306266155	1021.757	332.088	1881221.66
12.1339202928638	15.7762673789861	1388.332	498.746	2158338.02
18.2083954332837	21.833442533246	1974.301	742.903	2413203.89
27.3086081531135	30.9380152495878	3008.734	1139.494	2810523.95
37.3148401481279	40.9537472370022	3666.271	1514.711	3235198.32
47.3096421522863	50.9469792424166	6689.768	1978.643	3673948.14
57.3096141523087	60.942011246391	5801.678	2421.153	4110949.91
67.3128961496831	70.9491032407174	6555.354	2799.623	4548278.3
77.3089381528495	80.9396352482918	7641.769	3217.788	4971661.32
87.3047201562239	90.9469072424742	8475.994	4022.707	5420604.15
97.2273522181182	99.9080200735839	8735.288	8239.975	5845559.64
