0.000760010640148962	0.0136799890560088	6.042	1.217	394.36
0.00207002898040573	0.0372599701920238	13.763	1.827	864.69
0.00328004592064289	0.0590399527680378	19.624	1.789	1282.76
0.00390005460076441	0.0701999438400449	22.685	1.929	1564.13
0.00624008736122306	0.112319910144072	42.598	2.427	2428.41
0.00867012138169934	0.1556998754401	56.916	2.881	3405.22
0.0127101779424912	0.228599817120146	71.282	3.534	4796.1
0.019270269783777	0.346319722944222	121.519	4.368	7167.83
0.0296204146858056	0.532079574336341	178.686	5.685	11899.25
0.0420905892682498	0.755639395488484	258.02	6.772	18061.88
0.0638108933525069	1.14029908776073	388.989	9.169	24558.23
0.0934413081783145	1.66985866411307	588.484	13.36	37462.78
0.142261991667883	2.52827797737762	869.949	16.162	54580.99
0.208932925060951	3.69035704771436	1372.993	22.897	84871.16
0.311794365121112	5.4642556285955	2130.893	34.091	123209.36
0.474396641552982	8.20907343274125	2904.4	49.603	177343.22
0.707269901778625	12.0020303983757	4256.936	71.943	266031.38
1.06577492084889	17.5165059867952	6347.533	104.391	418090.47
1.60147242061389	25.2039398368481	9178.707	157.914	594049.04
2.40136361909067	35.4263116589507	12342.629	230.576	814184.17
3.5948803283246	48.2190814247349	17010.961	345.749	1112750.38
5.3943855213973	63.1338694929044	21311.644	492.321	1473914.32
8.08388317436444	78.087357530114	23875.851	719.144	1879310.36
12.1306698293776	90.1849678520257	24252.715	1046.824	2147175.77
18.188534639485	97.2757021794383	25087.145	1538.94	2409839.93
27.2871320198483	99.6783402573278	25920.27	2229.919	2825257.38
37.3127423783933	99.980920015264	27365.007	2971.884	3242922.48
47.270271783805	99.998740001008	27839.054	3771.655	3675691.73
57.2949121287698	100.0	28751.427	4613.356	4129046.07
67.3013722192111	100.0	30204.426	5248.581	4549755.32
77.3041822585516	100.0	29870.471	6116.26	4986579.65
87.2929221009094	100.0	31154.204	6853.258	5415872.78
97.311202356833	100.0	31768.207	7680.933	5850843.69
