0.000940013160184243	0.0169199864640108	6.958	1.07	434.56
0.00183002562035869	0.0329399736480211	12.526	1.293	812.43
0.00273003822053509	0.0489599608320313	36.853	1.526	1214.42
0.00405005670079381	0.0728999416800467	24.495	2.142	1757.08
0.00599008386117406	0.107639913888069	39.859	2.103	2420.37
0.00897012558175814	0.161279870976103	62.181	2.581	3405.22
0.0128801803225245	0.231659814672148	76.427	3.614	4888.55
0.0191202676837476	0.34325972539222	116.551	5.158	7212.05
0.0278503899054587	0.49985960011232	190.362	5.391	11183.71
0.0428806003284046	0.769679384256493	274.027	6.8	17157.38
0.0624508743122404	1.11905910475272	455.423	8.924	23673.81
0.0922512915180813	1.64753868196905	578.228	11.099	37221.57
0.142992001888026	2.54357796513763	852.018	18.569	54255.34
0.210022940321165	3.71069703144238	1553.564	22.264	78880.49
0.314814407401704	5.51951558438753	1991.442	31.951	123498.87
0.472586616212627	8.17379346096523	3159.788	50.414	183379.53
0.711879966319528	12.0679103456717	5523.374	71.144	283416.68
1.06847495864942	17.5784259372593	6164.972	101.969	383520.9
1.60261243657411	25.2222998221601	8874.304	156.175	587421.73
2.40303364247099	35.4083116733507	12166.883	223.622	801543.59
3.60040040560568	48.359121312703	16955.42	347.851	1114098.09
5.3933455068371	63.1362094910324	20649.171	518.301	1477739.92
8.08254315560418	78.041277566978	26780.007	752.424	1882824.92
12.1268397757569	90.2035078371937	24194.173	1115.976	2167618.29
18.1839345750841	97.2920821663343	27036.353	1635.377	2424231.33
27.3042522595316	99.6670002663998	25956.783	2473.34	2810387.97
37.2772618816663	99.975340019728	27600.566	3384.643	3240033.19
47.2893320506487	99.999280000576	28290.822	4268.264	3674471.58
57.2859620034681	100.0	29233.818	5204.28	4105727
67.2996421949907	100.0	29988.268	6161.186	4553726.57
77.2983221765105	100.0	31214.808	6985.67	4984860.45
87.311142355993	100.0	31764.061	7924.285	5413230.98
97.3126623772733	100.0	32428.544	9112.036	5852047.08
