0.000870012180170522	0.01565998747201	6.508	1.08	398.38
0.00199002786039005	0.0358199713440229	17.532	1.444	856.65
0.00287004018056253	0.0516599586720331	18.115	1.517	1282.76
0.00405005670079381	0.0728999416800467	24.896	1.805	1515.89
0.00589008246115446	0.106019915184068	39.907	2.259	2271.63
0.00927012978181694	0.166679866656107	71.184	3.091	3533.85
0.0131501841025774	0.236339810928151	78.584	3.388	4796.1
0.0188102633436868	0.338219729424216	108.559	4.009	7593.94
0.0281803945255234	0.505439595648324	165.369	5.442	11248.05
0.0428105993483909	0.766979386416491	258.964	7.457	15738.32
0.0616808635320895	1.10339911728071	382.007	9.023	27364.23
0.0936213106983498	1.67003866396907	659.562	11.307	34403.45
0.140971973607631	2.5068579945136	932.442	16.167	52920.57
0.210452946341249	3.72329702136238	1328.16	23.004	80086.65
0.314244399421592	5.50529559576352	2080.239	31.676	119799.59
0.474696645753041	8.21159343072526	2782.94	49.563	177459.86
0.71439000146002	12.1094903124078	4153.574	70.628	250396.57
1.06101485420796	17.4603460317232	6345.232	99.871	375759.24
1.60139241949387	25.2048398361281	13264.814	151.952	575798.12
2.3902834639685	35.3211917430466	12875.255	225.343	827744.18
3.59932039048547	48.2874813700149	16698.687	339.387	1084410.1
5.40114561603862	63.1995694403444	20746.585	488.601	1470663.07
8.09321330498627	78.07133754293	23101.878	697.456	1927207.1
12.1252397533565	90.1948678441057	24344.232	1039.02	2148672.95
18.193864714106	97.2805621755503	25283.319	1547.775	2408565.06
27.2852419933879	99.6743802604958	25795.53	2238.779	2814975.31
37.3098623380727	99.981280014976	27330.245	3005.052	3242478
47.2798419177868	99.998920000864	27566.496	3707.336	3681868.45
57.2778318896465	100.0	28307.408	4467.207	4109140.34
67.2823019522273	100.0	30173.901	5224.16	4547545.61
77.2898320576488	100.0	30504.227	6032.399	4984290.09
87.3116623632731	100.0	30902.952	6878.518	5410652.12
97.3101923426928	100.0	32772.407	7721.479	5849363.41
