0.00109001526021364	0.0196199843040126	8.404	0.963	398.38
0.00196002744038417	0.0352799717760226	17.372	1.08	904.89
0.00287004018056253	0.0516599586720331	18.324	1.138	1174.22
0.00384005376075265	0.0691199447040442	22.145	1.19	1560.11
0.0062300872212211	0.111779910576072	40.881	1.4	2432.43
0.0087801229217209	0.158039873568101	49.607	1.607	3513.75
0.0130501827025578	0.23489981208015	78.146	1.928	5202.11
0.0189202648837084	0.340019727984218	103.969	2.481	8534.61
0.0276803875254254	0.497339602128318	242.212	3.621	10954.58
0.0409705735880302	0.73421941262447	239.185	4.363	15895.12
0.0625108751522521	1.11779910576072	410.44	6.45	24562.25
0.0938713141983988	1.67741865806507	598.624	9.611	38817.58
0.141091975287654	2.51225799019361	821.876	13.338	59236.53
0.210962953481349	3.72761701790639	1339.356	20.043	86206
0.314944409221729	5.53139557488354	2048.782	28.753	137801.72
0.471366599132388	8.16587346730123	2797.75	41.407	178863.36
0.714290000060001	12.1044503164397	4306.141	67.307	262045.17
1.06945497236961	17.6014659188273	6061.944	96.08	373445.66
1.59988239835358	25.2140198287841	8801.738	148.314	563784.4
2.39904358661021	35.3969716824227	13043.631	215.926	758662.13
3.58779022906321	48.2126014299189	18007.034	319.386	1069277.33
5.3938555139772	63.1644694684244	20798.702	467.754	1483446.1
8.08465318514459	78.0301175759059	23086.181	684.359	1878863.97
12.1494400921613	90.2530077975938	24096.51	993.484	2158602.6
18.1950247303462	97.3066621546703	24857.814	2113.919	2426483.08
27.3156824195539	99.6576402738878	26268.974	3168.111	2803234.28
37.2901520621289	99.980380015696	28724.407	4249.544	3244692.1
47.2762318672461	99.998560001152	28412.205	5434.239	3676811.28
57.2785018990266	100.0	29788.386	6619.68	4111123.91
67.3032522455314	100.0	30819.286	7865.218	4561412.77
77.29574214039	100.0	31615.785	9011.867	4981002.62
87.2990021860306	100.0	33008.914	10155.893	5416485
97.3121623702732	100.0	36090.805	11612.655	5851049.13
