0.00116001624022736	0.0208799832960134	8.782	1.131	414.46
0.00221003094043317	0.0397799681760255	25.748	1.338	784.29
0.00308004312060369	0.0554399556480355	23.585	1.55	1170.2
0.00387005418075853	0.0696599442720446	26.414	1.787	1560.11
0.00591008274115838	0.106379914896068	83.41	2.277	2147.01
0.00876012264171698	0.157499874000101	58.971	2.829	3622.29
0.013020182282552	0.23435981251215	102.866	3.464	5523.7
0.0195902742638397	0.352619717904226	113.566	4.067	7766.79
0.0283103963455488	0.509219592624326	163.859	4.988	12060.07
0.0422005908082713	0.756539394768484	319.537	6.505	16904.11
0.0634508883124364	1.13633909092873	362.8	10.285	25181.33
0.094561323858534	1.68893864884908	591.271	11.145	33269.76
0.141551981727744	2.51765798587361	871.28	15.181	60772.33
0.20964293500109	3.70817703345837	1363.914	22.492	83222.7
0.318984465782521	5.60087551929958	1919.66	33.584	123772.3
0.473996635952903	8.20979343216525	2933.733	49.082	178388.81
0.709109927538985	12.0338903728877	4204.666	70.383	261735.44
1.05931483040763	17.4542260366192	6205.187	105.519	369466.34
1.59935239093347	25.1868398505281	9156.207	163.808	577831.3
2.3892734498283	35.2848317721346	12533.414	225.129	775450.45
3.5994803927255	48.2981013615189	16459.532	346.731	1098418.35
5.38819543473609	63.0712295430164	20847.313	513.939	1416660.27
8.08310316344429	78.085197531842	25836.162	738.075	1878794.98
12.1425099951399	90.1999078400737	26719.797	1126.718	2150073.44
18.2078949105287	97.3154821476143	25610.627	1682.794	2420331.58
27.3150724110138	99.6580002735998	26783.145	2545.829	2803158.74
37.2734418281856	99.976240019008	26505.186	3426.709	3247493.16
47.2885220393086	99.99820000144	29253.444	4383.011	3683688.34
57.2835919702876	100.0	29054.78	5166.614	4106217.65
67.3030022420314	100.0	30501.86	6181.631	4561400.27
77.2892020488287	100.0	31249.16	6984.704	4983648.46
87.2868920164882	100.0	32566.703	7862.167	5414568.59
97.3102223431128	100.0	32690.685	8754.737	5849254.37
