0.0010500147002058	0.0188999848800121	16.979	0.98	394.36
0.00211002954041357	0.0379799696160243	13.911	1.024	824.49
0.00313004382061349	0.0563399549280361	19.221	1.15	1138.04
0.00426005964083497	0.0766799386560491	25.071	1.202	1724.93
0.00587008218115054	0.105479915616068	52.204	1.392	2432.43
0.00847011858166014	0.152099878320097	63.445	1.579	3570.03
0.0125901762624677	0.226439818848145	70.179	2.377	5097.59
0.0199402791639083	0.35891971286423	114.942	2.656	8064.26
0.0275903862654077	0.495359603712317	171.194	3.281	10886.24
0.0422205910882752	0.757799393760485	273.647	4.58	16248.85
0.0632608856523991	1.13039909568072	446.635	6.431	22355.23
0.0954213358987026	1.70351863718509	582.965	9.291	37639.67
0.139551953727352	2.48651801078559	851.457	14.677	53133.67
0.210602948441278	3.72653701877038	1368.989	19.898	80705.84
0.316464430502027	5.54957556033955	1916.059	29.462	123498.87
0.473406627692788	8.17775345779723	2699.821	42.737	179108.67
0.716920036880516	12.1426102859118	4225.589	65.083	270753.74
1.07070498986986	17.6259458992433	6327.887	96.209	379444.91
1.59853237945331	25.1724398620481	8954.89	142.56	552817.9
2.38853343946815	35.2796117763106	12372.87	211.941	832854.08
3.58821023494329	48.2325814139349	16393.213	315.644	1061794.06
5.41283577970092	63.2956893634485	21448.048	465.398	1468329.82
8.08403317646447	78.0311975750419	24305.941	686.228	1870674.66
12.1266197726768	90.2371678102657	24486.935	1001.808	2149859.64
18.1945947243261	97.3084621532303	25074.083	2132.243	2426122.45
27.2898220575088	99.6783402573278	26290.431	3163.87	2815315
37.2896720554088	99.980920015264	28558.034	4226.107	3243991.74
47.2951021314298	99.99910000072	29583.777	5458.945	3697199.04
57.2780218923065	100.0	29747.902	6487.347	4110977.06
67.301272217811	100.0	31312.794	7661.011	4560079.36
77.2972721618103	100.0	32023.186	8960.33	4985808.27
87.3005222073109	100.0	32990.07	10259.033	5416174.67
97.311232357253	100.0	34379.495	11519.684	5850755.63
