0.000920012880180323	0.0165599867520106	7.332	1.076	398.38
0.00201002814039397	0.0361799710560232	20.607	1.338	764.19
0.00277003878054293	0.0498599601120319	16.249	1.521	1254.62
0.00421005894082517	0.0755999395200484	30.963	1.816	1624.43
0.00621008694121718	0.111779910576072	239.357	2.208	2420.37
0.00893012502175031	0.160739871408103	55.783	2.808	3867.5
0.0133301866226127	0.239939808048154	114.683	3.395	5097.59
0.0192302692237691	0.345959723232221	106.645	4.164	8293.4
0.0279703915854822	0.503099597520322	168.924	5.149	10954.58
0.0412205770880792	0.740519407584474	254.031	8.084	17434.75
0.0616108625520757	1.10303911756871	360.041	9.407	24417.53
0.0942413193784713	1.68209865432108	668.815	11.336	37712.03
0.141051974727646	2.50847799321761	895.794	17.21	62553.34
0.208512919180869	3.68909704872236	1320.355	21.895	91127.26
0.319684475582658	5.60285551771559	1911.652	33.077	123736.1
0.469506573092023	8.13581349134921	2904.805	47.246	172179.65
0.711919966879536	12.0853703317037	4123.08	68.398	259128.96
1.06809495332935	17.5586259530992	6095.471	105.381	354201.25
1.59189228649201	25.056519954784	8588.883	154.598	533293.31
2.40807371303198	35.4887716089827	12147.562	223.114	814462.22
3.60820051480721	48.414201268639	16668.778	333.153	1093879.28
5.39618554659765	63.1281094975124	20998.899	501.796	1514711.04
8.08259315630419	78.0407375674099	22639.492	736.859	1869408.63
12.132489854858	90.2425678059458	24454.433	1119.203	2148387.88
18.1928046992658	97.2780421775663	25470.947	1649.406	2412058.06
27.2863320086481	99.6785202571838	27223.988	2494.685	2824091.71
37.2860820051481	99.975520019584	27713.242	3446.245	3241907.79
47.2966021524301	99.999460000432	27940.874	4320.954	3678342.09
57.2759418631861	100.0	28734.265	5225.546	4109404.69
67.3048122673717	100.0	30144.234	6089.976	4563253.72
77.301082215151	100.0	30598.657	7050.455	4986730.69
87.2988621840706	100.0	31834.898	7890.031	5411717.06
97.3118823663531	100.0	32916.186	8726.421	5851669.65
