0.00106001484020776	0.0190799847360122	7.273	1.119	382.3
0.00184002576036065	0.0331199735040212	35.757	1.432	780.27
0.00311004354060957	0.0559799552160358	18.163	1.617	1355.12
0.00403005642078989	0.0725399419680464	23.624	1.877	1568.15
0.00615008610120542	0.110699911440071	41.278	2.234	2420.37
0.00877012278171894	0.157679873856101	130.61	2.884	3533.85
0.0126101765424716	0.226979818416145	84.366	3.37	4888.55
0.0194802727238181	0.349919720064224	137.293	4.341	7171.85
0.0272303812253372	0.489059608752313	170.738	5.324	11637.98
0.042270591788285	0.757619393904485	256.97	6.538	14986.58
0.0639808957325403	1.14695908243273	370.964	9.095	25591.38
0.0928012992181891	1.65743867404906	599.551	12.011	34403.45
0.139671955407376	2.48201801438559	920.354	15.787	51408.96
0.210782950961313	3.72851701718639	1598.488	23.808	88204.24
0.316254427561986	5.54039556768355	1936.294	31.903	110294.21
0.47173660431246	8.16047347162122	4151.423	47.963	182148.95
0.708549919698876	12.0209303832557	4112.948	68.565	260737.91
1.06935497096959	17.6007459194033	5916.22	105.481	397873.84
1.60792251091515	25.3238197409442	8992.153	155.027	579695.41
2.39060346844856	35.2927517657986	12740.476	231.316	771828.37
3.60013040182563	48.3202413438069	16637.785	326.426	1093487.93
5.39480552727738	63.1509694792244	20424.644	504.307	1442108.61
8.09627334782687	78.076197539042	23867.019	702.418	1874797.65
12.127699787797	90.2332078134338	24384.096	1028.687	2161458.25
18.2079549113688	97.3001821598543	32438.687	1520.768	2416440.36
27.2849219889078	99.6776202579038	29988.621	2359.776	2821940.36
37.2821419499873	99.975160019872	27016.609	3020.813	3243262.18
47.291012074169	99.998740001008	27733.133	3726.896	3687558.79
57.3005122071709	100.0	28611.374	4483.734	4128551.18
67.29571213997	100.0	29057.967	5289.936	4553613.35
77.2983821773505	100.0	30347.441	6126.144	4986919.44
87.3039822557516	100.0	33530.925	6851.124	5412774.03
97.3092523295326	100.0	31281.624	7572.697	5850571.08
