0.000940013160184243	0.0169199864640108	7.039	1.374	430.54
0.00201002814039397	0.0361799710560232	15.79	1.456	784.29
0.00312004368061153	0.0561599550720359	18.836	1.594	1174.22
0.00376005264073697	0.0676799458560433	21.711	1.689	1624.43
0.00581008134113878	0.104399916480067	60.189	2.112	2271.63
0.00874012236171306	0.1567798745761	85.766	3.038	3425.32
0.0130901832625657	0.235619811504151	78.596	3.461	5415.16
0.0196202746838456	0.352619717904226	112.24	4.335	7212.05
0.0281003934055077	0.505079595936323	203.402	5.207	10886.24
0.0424205938883144	0.761039391168487	238.204	7.754	15806.66
0.0626908776722874	1.12157910273672	367.627	8.691	25350.17
0.0946613252585536	1.69073864740908	645.332	13.483	36317.03
0.142081989147848	2.52071798342561	940.447	16.884	55300.61
0.211352958941425	3.73967700825839	1252.498	23.002	92960.68
0.318344456822396	5.57693553845157	2056.952	35.15	119003.44
0.475656659193229	8.23373341301327	2887.28	47.097	183146.3
0.71208996925957	12.0612503509997	4303.032	75.035	240799.58
1.06390489466853	17.5053459957232	6419.658	105.509	370098.02
1.59572234011276	25.1465198827841	9273.907	151.669	550543.32
2.40300364205099	35.4273916580867	12671.731	235.413	783915.51
3.59782036948517	48.2466214027029	16976.653	347.235	1102989.8
5.40002560035841	63.2044294364565	20875.118	503.111	1460553.92
8.08225315154412	78.0385775691379	24510.149	774.338	1869372.08
12.132909860738	90.2004478396417	24182.438	1129.668	2152354.7
18.2068848963885	97.2994621604303	25191.907	1669.56	2416331.1
27.2985321794505	99.6760002591998	26573.798	2502.834	2808500.88
37.2770318784463	99.977500018	27008.686	3466.053	3253862.85
47.2742518395258	99.999640000288	27908.235	4296.876	3680866.31
57.2787319022466	100.0	28959.549	5169.706	4109865.98
67.2897820569488	100.0	30195.359	6110.31	4555357.73
77.2965621518701	100.0	31290.836	7103.007	4985497.92
87.3075123051723	100.0	31622.777	7877.183	5411100.67
97.3134723886134	100.0	33169.819	8777.076	5851942.29
