0.000960013440188163	0.0172799861760111	8.002	1.311	422.5
0.00185002590036261	0.0332999733600213	11.934	1.481	796.35
0.00302004228059193	0.0543599565120348	20.958	1.784	1254.62
0.00376005264073697	0.0676799458560433	23.009	1.895	1527.95
0.00627008778122894	0.112859909712072	58.639	2.644	2219.37
0.00882012348172874	0.158759872992102	49.447	2.813	4040.36
0.0128001792025088	0.230039815968147	72.702	3.457	4655.4
0.0194502723038123	0.349379720496224	108.41	4.342	7441.18
0.0278803903254646	0.500939599248321	168.172	5.306	10311.38
0.0426705973883634	0.76589938728049	247.293	6.748	17354.36
0.0643709011926167	1.15325907739274	378.218	9.199	23673.81
0.0935813101383419	1.66949866440107	591.856	11.934	37020.55
0.140371965207513	2.4956980034416	921.844	16.502	52920.57
0.211712963981496	3.7447170042264	1470.263	21.956	79760.98
0.315414415801821	5.52725557819554	2100.276	36.35	137801.72
0.475656659193229	8.22653341877326	3140.481	49.046	192697.62
0.718410057740808	12.1717702625838	4017.304	71.101	272547.75
1.06954497362963	17.5829259336593	7087.403	109.363	360353.08
1.59311230357225	25.1330198935841	9207.034	159.814	572210.84
2.39137347922871	35.3247917401666	12426.398	222.741	809320.49
3.58856023984336	48.2073814340949	16206.357	326.656	1120974.01
5.38829543613611	63.0741095407124	20575.985	501.632	1447441.4
8.09626334768687	78.185277451778	23590.818	736.52	1902547.2
12.1430500027	90.2774877780098	28151.712	1046.682	2155637.99
18.1929947019258	97.3136821490543	25379.75	1520.262	2428705.65
27.2817319442472	99.6747402602078	25877.401	2179.649	2809947.6
37.2741018374257	99.975880019296	27640.251	3099.428	3246092.59
47.2685417595846	99.998380001296	28102.519	3783.986	3681164.14
57.2783318966466	100.0	28183.218	4523.42	4110775.8
67.3068022952321	100.0	29171.492	5321.329	4559986.92
77.2985821801505	100.0	30337.153	6091.724	4984252.43
87.2915920822892	100.0	31303.567	6919.454	5415432.43
97.3105823481529	100.0	31735.222	7712.009	5852017.78
