0.00108001512021168	0.0194399844480124	8.407	1.193	394.36
0.00206002884040377	0.0370799703360237	14.371	1.279	756.15
0.00278003892054489	0.050039959968032	16.611	1.258	1174.22
0.00385005390075461	0.0692999445600443	65.283	1.398	1560.11
0.0060800851211917	0.10925991259207	37.665	1.512	2380.17
0.00898012572176011	0.161639870688103	59.793	1.805	3686.61
0.0129301810225343	0.232559813952149	73.432	2.225	5097.59
0.0195702739838358	0.351899718480225	110.678	2.706	7336.66
0.0276603872454214	0.496979602416318	183.382	3.558	9965.69
0.0428005992083889	0.766979386416491	243.648	5.125	18061.88
0.0631508841123776	1.13111909510472	402.819	6.714	26873.78
0.0952813339386751	1.70153863876909	593.157	9.708	35219.52
0.140901972627617	2.5043379965296	982.665	13.655	55955.93
0.210602948441278	3.71843702525038	1404.1	19.784	82012.52
0.313154384161378	5.47865561707551	1987.046	28.984	114238.67
0.47331662643277	8.17181346254923	2874.233	42.601	180097.96
0.710729950219303	12.0484703612237	4135.002	62.662	287865.69
1.06717494044917	17.5296459762832	5983.096	97.594	418726.29
1.59602234431282	25.1492198806241	9090.523	142.33	572907.34
2.39501353018942	35.3307317354146	12042.258	215.359	764133.21
3.60072041008574	48.2599413920469	17217.013	318.338	1090494.21
5.41690583668171	63.3738093009526	21271.588	468.071	1467901.19
8.08279315910423	78.0259775792179	32562.822	681.834	1871944.86
12.1309398331577	90.2524677980258	26151.538	1020.482	2154954.38
18.1934247079459	97.2832621733903	25350.986	2133.408	2412070.8
27.285651999128	99.6785202571838	26254.766	3171.698	2826687.21
37.2724818147454	99.976060019152	27627.143	4334.594	3245241.33
47.2902120629689	99.999280000576	28756.769	5557.664	3692313.94
57.2813419387871	100.0	31056.541	6791.165	4109194.92
67.2849619894678	100.0	30750.233	7980.688	4537343.41
77.3013122183711	100.0	32044.2	9222.145	4989489.82
87.2873320226483	100.0	33714.422	10285.018	5414606.35
97.311192356693	100.0	34350.72	11603.055	5850210.61
