0.00107001498020972	0.0192599845920123	7.89	0.959	434.56
0.00167002338032732	0.0300599759520192	12.398	0.992	868.71
0.00324004536063505	0.0583199533440373	18.672	1.188	1174.22
0.00385005390075461	0.0692999445600443	26.143	1.186	1483.73
0.00577008078113094	0.103859916912066	33.439	1.33	2460.56
0.00899012586176206	0.161819870544104	69.569	1.709	3497.67
0.0132001848025872	0.237419810064152	115.174	2.487	5680.47
0.0185302594236319	0.333179733456213	117.901	2.623	7171.85
0.027530385425396	0.494459604432316	180.344	3.536	10616.91
0.0419605874482243	0.752039398368481	302.283	4.916	18753.32
0.0618108653521149	1.10825911339271	389.893	6.235	25181.33
0.0952313332386653	1.69883864092909	589.832	9.124	37020.55
0.139991959887438	2.48993800804959	838.118	13.378	62553.34
0.209492932901061	3.70007703993837	1432.793	19.754	82245.71
0.316464430502027	5.54921556062755	2026.897	30.31	130624.08
0.471056594792327	8.15561347550922	2766.639	44.159	171387.41
0.708659921238897	11.9948304041357	4072.915	64.063	249399.04
1.05923482928761	17.4437860449712	6167.844	95.832	369566.91
1.60435246093445	25.2723397821282	8857.577	145.762	569899.89
2.40290364065097	35.4459316432547	13048.769	209.664	775099.9
3.59066026924377	48.2093614325109	16591.768	315.97	1107399.95
5.39960559447832	63.2038894368885	20666.739	465.598	1439306.85
8.08427317982452	78.083397533282	23189.335	675.318	1883738.18
12.1561901866626	90.3599277120578	24514.674	988.775	2157105.55
18.193794713126	97.3154821476143	24853.082	2100.046	2429120.58
27.306232287252	99.6695202643838	26059.589	3140.707	2809230.62
37.2884520383285	99.979480016416	27598.825	4212.573	3256810.64
47.29566213927	99.999280000576	28563.391	5607.007	3690770.86
57.2931521041295	100.0	29549.804	6520.664	4121938.52
67.2893120503687	100.0	31148.328	7831.789	4553936.14
77.2983621770705	100.0	33989.817	9065.729	4976687.56
87.2921220897093	100.0	33098.176	10188.908	5410815.7
97.3109423531929	100.0	33709.002	11193.903	5850898.05
