0.00104001456020384	0.018719985024012	7.081	0.922	434.56
0.00183002562035869	0.0329399736480211	11.104	0.996	796.35
0.00271003794053117	0.0487799609760312	16.862	1.056	1290.8
0.00422005908082713	0.0757799393760485	24.276	1.172	1483.73
0.0058800823211525	0.105839915328068	32.968	1.351	2553.02
0.00925012950181303	0.166139867088106	56.557	1.736	3686.61
0.0132101849425892	0.237599809920152	95.631	2.152	5025.23
0.0188402637636927	0.337859729712216	141.318	2.425	7630.12
0.0276303868254156	0.496799602560318	162.279	3.163	10801.82
0.0425905962683478	0.764819388144489	310.176	4.751	16305.13
0.0630908832723658	1.12805909755272	423.631	6.629	28071.75
0.0938913144784027	1.67867865705707	600.196	9.452	41893.03
0.141691983687772	2.52287798169761	897.733	13.424	53837.21
0.211522961321459	3.73517701185839	1324.526	19.554	83612.71
0.314424401941627	5.51663558669153	1850.249	28.701	137652.94
0.475646659053227	8.22347342122126	2927.731	42.953	190912.01
0.709869938179134	12.0342503725997	5674.438	67.805	266103.78
1.0632748858484	17.4927460058032	6072.992	92.893	409217.36
1.59755236573312	25.1456198835041	8819.577	139.984	553296.98
2.40247363463088	35.4637516289987	12244.007	212.392	776711.49
3.60706049884698	48.416361266911	18984.773	325.396	1089832.55
5.3964055496777	63.1763494589204	20636.484	478.401	1482228.79
8.1004934069077	78.2324374140501	23847.737	731.712	1909367.19
12.1438800143202	90.2342878125697	24254.048	1088.34	2151448.83
18.1834045676639	97.2809221752623	24654.431	2244.253	2430089.21
27.3005922082909	99.6725802619358	26250.943	3389.756	2808412.86
37.2971721604102	99.97840001728	29226.348	4668.63	3245530.8
47.29612214571	99.99910000072	28601.056	5939.077	3697153.13
57.3043622610717	100.0	29949.894	7191.751	4127469.49
67.3053722752119	100.0	31211.963	8491.505	4559085.5
77.2979321710504	100.0	32293.92	9656.986	4988319.91
87.3103623450728	100.0	33961.896	11154.549	5412832.63
97.3107223501129	100.0	35399.736	12290.701	5849761.74
