0.00102001428019992	0.0183599853120118	6.729	1.002	418.48
0.00198002772038809	0.0356399714880228	12.97	1.022	760.17
0.00301004214058997	0.0541799566560347	33.51	1.126	1146.08
0.00358005012070169	0.0644399484480412	22.513	1.15	1608.35
0.0062300872212211	0.112139910288072	63.352	1.469	2343.99
0.00971013594190319	0.174779860176112	57.326	1.673	3831.33
0.0133201864826108	0.239399808480153	73.701	2.05	5045.33
0.0183102563435888	0.329039736768211	105.692	2.813	6793.98
0.0278103893454508	0.498599601120319	179.767	3.294	11280.21
0.0412405773680832	0.739619408304473	263.554	4.665	17157.38
0.0629808817323443	1.12787909769672	395.389	6.553	27364.23
0.0939413151784125	1.67957865633707	602.858	10.454	41893.03
0.141671983407768	2.52107798313761	916.687	13.123	49893.3
0.211542961601462	3.7434570052344	1502.433	22.284	80086.65
0.314124397741568	5.50619559504352	1944.658	29.375	129683.17
0.471766604732466	8.16659346672523	2896.655	42.533	177315.08
0.711999967999552	12.0709703432237	4381.968	65.618	263686.33
1.06089485252794	17.4684460252432	6043.101	98.898	419655.86
1.59623234725286	25.1769398584481	8970.843	139.093	571111.73
2.38593340306764	35.2140918287265	13034.81	207.841	766965.51
3.59070026980378	48.2401414078869	16345.229	313.978	1112036.14
5.41387579426112	63.3442893245685	23370.565	470.858	1467500.88
8.0954033356467	78.077997537602	23356.9	683.482	1874951.84
12.1501101015414	90.3050277559778	24375.849	990.594	2154434.54
18.188574640045	97.2728221817423	25712.672	2133.159	2430831.74
27.3153524149338	99.6581802734558	28161.515	3168.745	2803603.19
37.2733318266456	99.975340019728	28627.791	4279.519	3252139.37
47.2895820541488	99.999280000576	28425.226	5374.407	3692121.14
57.2911720764091	100.0	30812.476	6659.926	4121397.53
67.2890620468687	100.0	30746.754	7684.241	4556850.51
77.2980621728704	100.0	32100.323	9131.409	4985917.25
87.3120023680331	100.0	33090.589	10289.227	5411490.92
97.3074623044723	100.0	33887.739	11516.401	5849166.17
