0.000840011760164642	0.0151199879040097	6.36	0.919	386.32
0.00201002814039397	0.0361799710560232	13.347	1.025	864.69
0.00327004578064093	0.0588599529120377	19.59	1.147	1174.22
0.00396005544077617	0.0712799429760456	30.081	1.134	1704.83
0.00617008638120934	0.111059911152071	37.429	1.359	2271.63
0.00894012516175226	0.160919871264103	65.377	1.639	3891.62
0.0130401825625559	0.23417981265615	87.144	2.171	5065.43
0.0191902686637613	0.344699724240221	114.157	2.446	7368.82
0.0281403939655155	0.505799595360324	162.8	3.133	11231.95
0.0422105909482733	0.757799393760485	263.3	4.472	17784.48
0.0634408881724344	1.13615909107273	427.041	6.341	26873.78
0.0930113021582302	1.66337866929706	578.691	8.936	33386.36
0.141251977527685	2.51405798875361	1013.315	13.998	54062.34
0.209962939481153	3.71573702741038	1356.007	19.12	78309.57
0.314324400541608	5.50529559576352	1955.251	27.879	118939.1
0.473956635392896	8.18981344814924	2841.322	42.82	202908.73
0.708459918438858	12.0223703821037	4187.563	66.98	268678.14
1.06384489382851	17.5307259754192	7679.771	100.632	374467.65
1.60080241123376	25.1868398505281	8715.93	142.836	576265.13
2.39139347950871	35.3512517189986	12158.797	213.254	823831.25
3.59403031642443	48.2162014270389	16352.018	315.752	1108804.12
5.41392579496113	63.3158493473205	20940.166	483.049	1467610.06
8.09055326774575	78.125157499874	23781.607	739.768	1917681.77
12.127369783177	90.2081878334497	24218.872	1088.31	2163894.71
18.2019348270876	97.2928021657583	25666.815	2263.797	2404183.08
27.2905320674489	99.6697002642398	25717.408	3380.75	2825945.09
37.2903720652089	99.980920015264	27515.831	4562.13	3244142.58
47.2797919170868	99.998380001296	29968.435	5974.22	3678379.61
57.3090023260326	100.0	29873.536	7307.172	4124429.16
67.2894520523287	100.0	32128.557	8542.334	4540224.05
77.2968621560702	100.0	33797.978	9689.225	4982998.56
87.3029222409114	100.0	33256.433	11098.719	5414958.66
97.3093323306526	100.0	35922.252	12369.905	5850290.13
