0.000940013160184243	0.0169199864640108	7.486	1.096	362.2
0.00200002800039201	0.035999971200023	12.806	1.311	784.29
0.00327004578064093	0.0588599529120377	21.819	1.663	1214.42
0.00444006216087025	0.0799199360640512	29.674	2.003	1704.83
0.00644009016126226	0.115919907264074	44.798	2.299	2356.05
0.00927012978181694	0.166859866512107	58.786	2.678	3835.34
0.0127901790625069	0.229679816256147	114.984	4.087	5849.31
0.0192902700637809	0.346319722944222	110.813	4.242	7682.37
0.0270003780052921	0.48419961264031	160.165	5.286	12208.8
0.0419505873082223	0.752399398080482	291.945	6.92	17784.48
0.0635008890124462	1.13759908992073	468.332	9.207	25237.61
0.0958613420587888	1.71071863142509	961.234	11.586	33269.76
0.139461952467335	2.48201801438559	854.601	16.251	62553.34
0.211212956981398	3.73535701171439	1487.802	23.091	83222.7
0.315394415521817	5.53427557257954	1907.916	35.627	123205.34
0.4704065856922	8.11601350718919	2761.758	47.686	174315.05
0.711329958619421	12.0486503610797	4524.333	77.224	265673.37
1.06144486022804	17.4797860161712	6199.458	103.434	385218.93
1.59534233479269	25.1232999013601	9208.817	162.175	548176.15
2.39892358493019	35.3868916904866	12321.547	224.017	820369.71
3.59353030942433	48.2468014025589	17968.9	346.937	1098829.88
5.3918454858368	63.0904895276084	21010.384	526.84	1466057.24
8.08176314468403	78.0092375926099	23422.471	772.641	1869956.42
12.1349698895785	90.2418478065218	24578.856	1124.676	2153868.43
18.183824573544	97.2962221630223	25466.984	1723.687	2424537.27
27.2914420801891	99.6758202593438	26181.748	2494.857	2826695.57
37.2860220043081	99.976960018432	27915.311	3364.76	3254865
47.2790619068667	99.998920000864	28429.366	4287.838	3678799.06
57.280571928007	100.0	29055.731	5188.866	4111958.47
67.3002822039509	100.0	30017.479	6276.328	4553957.14
77.2931821045495	100.0	31059.229	6944.876	4979912.31
87.3116423629931	100.0	35333.621	8155.673	5411780.15
97.3122723718132	100.0	32846.934	8748.469	5850160.19
