0.000840011760164642	0.0149399880480096	7.341	0.902	422.5
0.00197002758038613	0.0354599716320227	22.256	1.029	784.29
0.00271003794053117	0.0487799609760312	21.851	1.078	1146.08
0.00407005698079773	0.0732599413920469	35.651	1.17	1560.11
0.00609008526119366	0.10961991230407	45.263	1.266	2432.43
0.0088801243217405	0.159839872128102	72.284	1.615	3935.84
0.0133501869026166	0.239939808048154	100.839	1.888	4796.1
0.0196802755238573	0.353879716896226	181.204	2.474	8064.26
0.0276903876654273	0.497699601840319	262.083	3.1	12060.07
0.0419305870282184	0.751679398656481	371.213	4.303	16936.27
0.0621908706721894	1.11365910907271	539.772	5.804	28168.25
0.0934513083183165	1.66985866411307	842.938	8.661	37462.78
0.142361993067903	2.53223797420962	1239.317	12.071	54580.99
0.21372299212189	3.77909697672242	1764.724	19.213	73987.51
0.316984437782129	5.55605555515556	2713.115	26.904	125059
0.472996621952707	8.17469346024523	4053.665	38.982	172179.65
0.710929953019342	12.0362303710157	5832.899	60.307	264945.33
1.06381489340851	17.5287459770032	8490.037	85.366	425929.58
1.60244243419408	25.2537997969602	12360.675	130.475	558695.65
2.40026360369045	35.4257716593827	17124.392	191.843	791683.81
3.59664035296494	48.2514813988149	23414.645	288.422	1150667.59
5.39160548247675	63.1041695166644	29184.618	432.388	1498830.97
8.09524333340667	78.072957541634	34806.941	634.173	1933683.81
12.1404499662995	90.2816277746978	36006.459	955.834	2168041.66
18.2060348844884	97.3034221572623	38525.2	4292.851	2422411.42
27.2846519851278	99.6796002563198	40912.976	7018.936	2823965.81
37.2769818777463	99.974980020016	43460.425	9755.027	3243597.69
47.2744718426058	99.999460000432	47890.919	13301.107	3677687.76
57.2763118683662	100.0	49447.806	16187.916	4109467.53
67.2849219889078	100.0	52182.847	19307.556	4552011.53
77.3064522903321	100.0	54623.395	22419.865	4985229.36
87.3131623842734	100.0	59454.554	25855.555	5415583.53
97.3122223711132	100.0	62297.705	29246.532	5851074.19
