0.000960013440188163	0.0172799861760111	9.648	1.158	434.56
0.00197002758038613	0.0354599716320227	39.623	1.376	812.43
0.00301004214058997	0.0541799566560347	25.558	1.559	1194.32
0.00407005698079773	0.0732599413920469	32.789	1.79	1515.89
0.00562007868110154	0.100979919216065	97.33	2.295	2343.99
0.00905012670177383	0.162539869968104	76.696	2.762	3513.75
0.0135701899826598	0.243899804880156	119.175	3.305	4639.32
0.018750262503675	0.336779730576216	170.301	4.185	7630.12
0.0276903876654273	0.497159602272318	249.527	4.88	11231.95
0.0429706015884222	0.770759383392493	383.132	7.386	17776.44
0.0635908902724638	1.13921908862473	526.182	8.609	25659.72
0.0930213022982322	1.66121867102506	818.252	10.336	38214.54
0.140521967307542	2.5028979976816	1173.97	15.048	59236.53
0.213822993521909	3.78827696937842	1876.082	20.793	83407.66
0.315874422241911	5.53157557473954	2711.919	30.545	119880.01
0.476076665073311	8.22275342179726	3919.703	43.062	183592.68
0.711239957359403	12.0713303429357	6068.682	65.062	260886.75
1.06902496634953	17.5982259214193	8703.757	94.247	387210.67
1.60265243713412	25.2347198122241	12285.787	141.392	531127.58
2.40711369959179	35.5001115999107	17682.69	207.527	794818.58
3.59179028506399	48.1825414539668	22887.622	304.21	1090022.19
5.39649555093771	63.1077695137844	29581.662	454.005	1507397.75
8.08260315644419	78.0295775763379	33497.967	686.145	1875028.96
12.1564301900227	90.3689277048578	36452.649	984.294	2162959.33
18.2029348410878	97.2928021657583	38501.236	1457.763	2407151.87
27.2794519123268	99.6707802633758	40621.404	2140.573	2813612.52
37.2873420227883	99.977680017856	40301.107	2950.449	3243526.21
47.2969721576102	99.999280000576	40717.001	3724.215	3677721.52
57.2789919058867	100.0	42022.412	4475.695	4111010.72
67.2768218755063	100.0	42662.937	5248.65	4548749.08
77.3043222605117	100.0	44514.429	6033.062	4988470.91
87.2874720246083	100.0	44371.23	6707.835	5414627.33
97.2994121917707	100.0	44715.13	7646.248	5848566.75
