0.000990013860194043	0.0178199857440114	8.932	1.229	442.6
0.00190002660037241	0.0341999726400219	18.069	1.486	784.29
0.00282003948055273	0.0502199598240321	25.865	1.747	1214.42
0.00385005390075461	0.0692999445600443	30.008	2.266	1576.19
0.00652009128127794	0.117179906256075	60.958	2.631	2283.69
0.00861012054168758	0.154619876304099	91.072	3.01	3228.34
0.0125401755624579	0.225539819568144	131.823	3.733	5612.13
0.0191602682437554	0.34397972481622	153.102	4.169	8068.28
0.0271803805253274	0.487079610336312	283.657	5.471	12208.8
0.0426105965483517	0.764819388144489	378.987	6.486	17776.44
0.0621508701121816	1.11401910878471	571.028	8.297	24321.04
0.0940813171384399	1.68281865374508	840.13	10.995	37591.41
0.141231977247681	2.50757799393761	1312.224	15.107	51408.96
0.20954293360107	3.70655703475437	1913.747	22.235	78257.31
0.315834421681904	5.53427557257954	2752.282	30.27	109908.2
0.471606602492435	8.15363347709322	4005.348	44.737	188346.21
0.705609878538299	11.9624304300557	6101.878	63.953	267318.56
1.06677493484909	17.5429659656272	8566.847	94.846	405636
1.59701235817301	25.1333798932961	12437.789	139.79	553079.57
2.40391365479117	35.4453916436867	17289.285	205.689	770712.36
3.59884038376537	48.3198813440949	25110.091	310.921	1108130.27
5.39240549367691	63.1176695058644	30321.579	461.003	1477893.53
8.08423317926451	78.0207575833939	33803.577	676.552	1869546.63
12.1345298834184	90.2249278200577	36916.671	980.328	2151675.28
18.1915246813455	97.3016221587023	38907.921	1470.889	2424889.56
27.301162216271	99.6691602646718	39354.797	2161.468	2810203.48
37.2840119761677	99.978220017424	40819.166	2937.32	3242767.31
47.2767018738262	99.998560001152	40913.301	3756.289	3674513.54
57.3091423279926	100.0	43382.622	4506.952	4125708.21
67.2881120335685	100.0	42696.603	5236.758	4556888.19
77.2984821787505	100.0	44377.506	6000.454	4976507.45
87.300852211931	100.0	44081.241	6813.285	5416635.94
97.3103223445128	100.0	45069.179	7534.39	5849233.37
