0.0011000154002156	0.0197999841600127	7.705	1.129	386.32
0.00197002758038613	0.0354599716320227	30.173	1.305	812.43
0.00265003710051941	0.0476999618400305	15.537	1.467	1174.22
0.00423005922082909	0.0761399390880487	24.791	1.76	1708.85
0.00684009576134066	0.122939901648079	48.886	2.819	2464.58
0.00877012278171894	0.157859873712101	54.686	3.16	3324.82
0.0132001848025872	0.237239810208152	81.684	3.447	5636.25
0.0186502611036555	0.335339731728215	165.721	4.609	7396.96
0.0287904030656429	0.516779586576331	173.298	5.78	10954.58
0.0418005852081929	0.74987940009648	264.807	6.464	14930.31
0.0629008806123286	1.12751909798472	377.2	8.114	23657.74
0.0964113497588966	1.7229586216331	642.572	12.126	38817.58
0.142531995447936	2.53421797262562	965.878	17.346	60350.18
0.214052996741954	3.78773696981042	1289.436	23.246	87902.71
0.317094439322151	5.56271554982756	2062.934	36.156	129031.77
0.475276653873154	8.21285342971726	2873.481	46.999	183592.68
0.709059926838976	12.0182303854157	5041.83	71.258	265456.2
1.06160486246807	17.5001259998992	6033.858	106.528	369422.08
1.59585234193279	25.1391398886881	9014.554	152.071	563051.68
2.40434366081125	35.4981316014947	12454.188	232.894	783262.79
3.60364045096631	48.3450813239349	17021.573	338.025	1074731.62
5.39698555779781	63.1477294818164	21880.282	506.718	1452074.97
8.09090327264582	78.0376775698579	23109.083	740.427	1875528.11
12.132519855278	90.2171878262497	23935.15	1142.911	2152258.09
18.2052248731482	97.2971221623023	25031.718	1704.789	2424965.26
27.2911320758491	99.6605202715838	26106.421	2512.641	2804504.79
37.2790719070067	99.977500018	27455.845	3334.267	3249636.07
47.2733618270656	99.999640000288	28006.58	4341.198	3680941.79
57.2801319218469	100.0	31392.619	5227.459	4106859.27
67.2887720428086	100.0	29560.296	6124.111	4553449.77
77.2965921522901	100.0	31815.457	7055.584	4985397.04
87.3029322410514	100.0	32372.263	8061.876	5415684.08
97.3005522077309	100.0	33305.734	8982.182	5848700.82
