0.00106001484020776	0.0190799847360122	10.153	0.939	410.44
0.00193002702037829	0.0347399722080222	15.488	0.985	784.29
0.00260003640050961	0.04679996256003	27.395	1.074	1290.8
0.00413005782080949	0.0743399405280476	37.409	1.2	1576.19
0.0058800823211525	0.105839915328068	67.383	1.39	2147.01
0.00865012110169542	0.1556998754401	99.324	1.789	3646.41
0.012770178782503	0.229679816256147	135.74	1.911	4655.4
0.0191802685237593	0.344879724096221	178.675	2.35	7392.94
0.0277503885054391	0.498599601120319	243.876	3.219	10846.04
0.0409705735880302	0.73403941276847	375.264	3.979	17434.75
0.0630708829923619	1.12985909611272	548.101	5.797	27034.58
0.0941813185384595	1.68425865259308	866.296	8.416	36542.15
0.142001988027832	2.52881797694562	1268.675	12.673	53837.21
0.209442932201051	3.70403703677037	1915.997	18.108	78257.31
0.314804407261702	5.51609558712353	2704.454	25.402	137327.23
0.476316668433358	8.23589341128527	3957.126	38.845	193815.65
0.709959939439152	12.0353303717357	5827.3	57.278	259406.51
1.05822481514741	17.4328060537552	8600.785	85.75	369558.87
1.59352230931233	25.0919799264161	12218.07	125.416	542435.49
2.40429366011124	35.4585316331747	17465.796	191.413	766594.84
3.59802037228521	48.2885613691509	23521.932	288.491	1090550.69
5.39176548471679	63.1270294983764	29699.202	436.178	1479219.97
8.09613334586684	78.123177501458	36395.264	650.523	1896576.11
12.1287298022172	90.2233078213537	36760.303	958.868	2149859.6
18.2237751328519	97.3396021283183	39545.036	4296.854	2418931.12
27.2850019900279	99.6653802676958	40705.789	7043.95	2809444.44
37.2920120881692	99.977680017856	44165.778	9616.246	3258219.63
47.2761618662661	99.998560001152	46800.029	13160.055	3676865.9
57.2930321024494	100.0	49997.27	16240.295	4127444.29
67.2875720260084	100.0	52016.902	19295.34	4544979.21
77.2953121343699	100.0	55448.234	22523.022	4982277.39
87.2949721296098	100.0	59415.085	25943.663	5416099.27
97.311392359493	100.0	61638.876	29223.782	5852005.17
