0.0010500147002058	0.0188999848800121	8.277	0.92	366.22
0.00221003094043317	0.0397799681760255	13.487	1.056	864.69
0.00286004004056057	0.0514799588160329	18.142	1.095	1182.26
0.00437006118085653	0.0786599370720503	42.925	1.23	1708.85
0.00609008526119366	0.10943991244807	51.109	1.362	2705.78
0.00897012558175814	0.161459870832103	51.378	1.656	3324.82
0.0126801775224853	0.228059817552146	83.904	1.937	5045.33
0.018770262783679	0.337499730000216	107.55	2.458	7171.85
0.0278803903254646	0.500759599392321	162.672	3.379	11067.14
0.0426005964083497	0.763199389440488	266.117	4.651	15895.12
0.0610808551319718	1.0952991237607	410.895	6.592	27034.58
0.0952813339386751	1.70045863963309	542.313	9.14	33386.36
0.140801971227597	2.5037979969616	908.122	13.225	54291.52
0.210582948161274	3.72725701819439	1352.631	19.423	87882.61
0.314454402361633	5.50547559561952	1877.983	28.525	121818.1
0.475676659473233	8.22581341934927	2934.949	43.178	192697.62
0.709019926278968	12.0203903836877	4344.949	62.978	263444.97
1.06741494380921	17.5750059399952	6145.904	93.083	400956.16
1.60059240829372	25.1652398678081	8588.789	139.931	574558.08
2.40063360887052	35.4203716637027	13448.819	209.305	757211.81
3.59168028352397	48.2045014363988	16614.772	324.276	1090409.48
5.39404551663723	63.1511494790804	20898.354	482.236	1471427.35
8.10880352324932	78.2565573947541	23099.661	724.298	1900781.43
12.1358899024586	90.2438278049378	25580.997	1078.056	2149398.37
18.2018248255476	97.2994621604303	25289.315	2267.365	2414096.01
27.2818119453672	99.6761802590558	26293.155	3378.297	2821500.11
37.2937121119696	99.979840016128	27335.339	4588.951	3245031.78
47.275471856606	99.999640000288	28796.449	5916.374	3679960.41
57.2769218769063	100.0	29599.14	7076.84	4110079.8
67.2870820191483	100.0	31131.118	8358.078	4537087.36
77.2964621504701	100.0	32531.042	9647.331	4986785.27
87.3088123233725	100.0	33902.68	11166.744	5411063.19
97.3129823817533	100.0	35671.341	12137.345	5851975.79
