0.00103001442020188	0.0185399851680119	11.805	1.282	402.4
0.00216003024042337	0.0388799688960249	16.941	1.33	808.41
0.00327004578064093	0.0588599529120377	27.984	1.611	1355.12
0.00404005656079185	0.0727199418240465	35.443	1.86	1616.39
0.00612008568119954	0.11015991187207	82.954	2.32	2460.56
0.00885012390173462	0.159119872704102	76.839	2.657	3622.29
0.0130501827025578	0.23489981208015	109.595	3.238	4912.67
0.0186502611036555	0.335159731872214	188.073	4.262	7396.96
0.0281803945255234	0.505259595792323	251.265	5.128	11304.33
0.0415805821281498	0.745739403408477	377.204	6.898	16622.72
0.0631308838323737	1.13111909510472	575.241	8.364	26616.49
0.094321320498487	1.68353865316908	907.573	12.148	37020.55
0.140341964787507	2.49155800675359	1246.747	15.157	52385.87
0.211512961181457	3.73823700941039	1766.964	23.078	83777.53
0.314774406841696	5.52599557920354	2695.882	30.037	123772.3
0.474216639032946	8.19827344138125	4092.84	44.491	201959.62
0.709709935939103	12.0322703741837	5722.86	63.993	274635.45
1.06244487422824	17.5172259862192	8564.051	91.22	421084.44
1.60198242775399	25.2451598038722	12235.74	137.632	554041.74
2.39726356168986	35.4090316727747	17292.771	201.05	795793.65
3.59453032342453	48.2752413798069	23321.737	299.619	1095061.46
5.39222549115688	63.0996695202644	29572.223	452.804	1453397.14
8.09686335608698	78.16583746733	33579.619	674.234	1895183.88
12.1313498388977	90.2224078220737	37033.496	1005.624	2154304.46
18.2124249739496	97.2832621733903	38736.572	1470.919	2416624.63
27.2892520495287	99.6833802532958	39626.139	2164.436	2816728.16
37.2769518773263	99.977320018144	40393.367	2981.894	3249094.9
47.2929721016094	99.998740001008	41488.773	3747.556	3687973.96
57.3047222661117	100.0	41596.158	4403.925	4133105.26
67.3046822655517	100.0	42358.427	5193.072	4561429.61
77.2975921662903	100.0	43693.312	6067.529	4986214.78
87.3005122071709	100.0	44272.102	6844.38	5412165.93
97.3078223095123	100.0	44744.57	7558.718	5849170.49
