0.0010500147002058	0.0188999848800121	9.389	1.062	410.44
0.00199002786039005	0.0358199713440229	15.968	1.173	744.09
0.00343004802067229	0.0617399506080395	26.495	1.296	1234.52
0.00383005362075069	0.0689399448480441	42.661	1.286	1732.97
0.00591008274115838	0.106379914896068	54.001	1.577	2420.37
0.00880012320172482	0.158399873280101	137.329	1.812	3686.61
0.0133201864826108	0.239759808192153	109.805	2.201	5825.19
0.0189702655837182	0.340919727264218	152.439	2.547	7441.18
0.0278003892054489	0.498779600976319	275.183	3.258	10001.87
0.0416005824081537	0.746819402544478	384.087	4.562	15814.7
0.0631408839723756	1.13291909366473	578.703	6.055	24558.23
0.0934213078983106	1.66895866483307	875.716	8.77	36843.66
0.139711955967384	2.47985801611359	1267.484	12.242	51408.96
0.209802937241121	3.70763703389037	2019.427	17.719	85341.56
0.317074439042147	5.56721554622756	2796.239	25.815	130322.51
0.473206624892749	8.17361346110923	3978.876	39.059	192782.08
0.706829895618539	11.9926704058637	6024.774	59.757	253377.06
1.06595492336893	17.5327059738352	9514.47	87.251	389387.57
1.59272229811217	25.066419946864	12252.87	127.859	533583.15
2.40481366739134	35.4601516318787	17332.56	194.36	775829.16
3.6076605072471	48.3524613180309	23240.721	289.943	1069039.3
5.39985559797837	63.1923694461044	29288.107	432.643	1461981.32
8.09362331072635	78.086457530834	33835.175	654.42	1932952.89
12.127529785417	90.2128678297057	38547.657	956.368	2167588.83
18.188614640605	97.2712021830383	38374.509	4301.704	2410972
27.280761930667	99.6758202593438	40966.386	7080.849	2811193.01
37.2853819953479	99.97930001656	43438.387	9681.247	3256097.82
47.2752418533859	99.998380001296	46257.685	13324.982	3674580.5
57.2815419415872	99.999820000144	49225.75	16282.036	4107333.2
67.2979421711904	100.0	53227.253	19582.081	4551302.68
77.2880920332885	100.0	55587.493	22446.101	4984185.33
87.2990921872906	100.0	58137.782	26099.42	5415310.99
97.3015722220111	100.0	61894.769	29290.231	5848788.98
