0.000920012880180323	0.0165599867520106	9.252	1.086	374.26
0.00186002604036457	0.0334799732160214	18.834	1.347	824.49
0.00264003696051745	0.0475199619840304	25.21	1.467	1278.74
0.00383005362075069	0.0689399448480441	33.864	1.698	1431.49
0.00610008540119562	0.10961991230407	77.934	2.204	2335.95
0.00887012418173854	0.159479872416102	76.342	2.678	3509.73
0.0126901776624873	0.228419817264146	115.517	3.412	4639.32
0.0191202676837476	0.34343972524822	172.943	4.134	6769.86
0.0280003920054881	0.502559597952322	249.845	5.117	10894.28
0.041540581568142	0.745559403552477	344.511	7.92	16405.62
0.0636208906924697	1.13723909020873	538.437	7.978	26093.89
0.0955813381387339	1.70621863502509	793.143	10.815	40699.03
0.138581940147162	2.46491802806558	1207.83	16.014	60048.65
0.211542961601462	3.7447170042264	2049.394	20.905	86945.78
0.3158144214019	5.53931556854755	2910.751	29.607	122067.41
0.47336662713278	8.19377344498124	3967.352	43.087	172103.25
0.704229859218029	11.9588304329357	5919.528	63.023	253433.38
1.06897496564952	17.5915659267473	8980.855	94.912	383295.6
1.59369231169236	25.1587598729921	12090.927	137.57	585424.71
2.39526353368947	35.3321717342626	17126.868	202.637	791333.26
3.5882702357833	48.2324014140789	23062.087	300.026	1061846.52
5.39697555765781	63.1720294623764	30928.681	457.107	1449026.34
8.09552333732672	78.171597462722	34212.178	667.27	1893174.7
12.1404499662995	90.2380678095458	36017.955	986.954	2153243.58
18.2014548203675	97.3253821396943	38276.841	1473.495	2418134.34
27.3080723130124	99.6567402746078	39481.944	2179.18	2804089.58
37.2983321766505	99.979480016416	39723.078	2917.51	3245543.36
47.2709917938851	99.999640000288	41436.176	3688.856	3681616.91
57.3049022686318	100.0	41934.57	4467.82	4127838.24
67.2913220785091	100.0	43645.525	5199.775	4555374.47
77.2945621238697	100.0	43530.066	6051.718	4986479.03
87.3117823649531	100.0	43964.738	6748.241	5415872.76
97.3076023064323	100.0	45056.938	7561.715	5849178.77
