0.00121001694023716	0.0217799825760139	11.134	1.142	402.4
0.00218003052042729	0.0392399686080251	17.158	1.338	800.37
0.00312004368061153	0.0561599550720359	28.637	1.575	1282.76
0.00432006048084673	0.0777599377920498	26.512	1.84	1435.51
0.00632008848123874	0.113759908992073	47.736	2.212	2705.78
0.0087301222217111	0.157139874288101	53.267	2.661	3606.21
0.0133501869026166	0.240119807904154	74.859	3.485	5161.91
0.0187002618036653	0.335519731584215	123.308	4.261	7167.83
0.027510385145392	0.493199605440316	181.912	4.935	10954.58
0.042530595428336	0.762659389872488	247.373	6.939	16904.11
0.0629208808923325	1.12715909827272	380.127	8.464	23657.74
0.0924212938981146	1.65383867692906	587.749	11.272	36313.01
0.140371965207513	2.5000179999856	846.531	15.268	51252.16
0.21015294214119	3.70601703518637	1371.169	22.094	80130.89
0.312004368061153	5.4673156261475	1971.514	33.498	123221.42
0.472026608372517	8.17019346384523	2836.713	49.224	191921.44
0.707759908638721	12.0059903952077	4232.617	76.394	261099.92
1.06519491272878	17.5386459690832	5994.048	101.191	375260.31
1.59741236377309	25.1517398786081	8717.669	152.665	549077.92
2.3923334926689	35.3726717018626	13679.245	223.62	816940.45
3.60108041512581	48.2565213947829	16493.203	345.601	1090861.36
5.3923354926969	63.0904895276084	21170.985	507.111	1437750.38
8.09871338198735	78.188157449474	24694.733	770.289	1893190.92
12.1404599664395	90.2868477705218	24202.939	1109.441	2168461.21
18.2118449658295	97.2884821692143	25754.565	1668.234	2415450.6
27.2911820765491	99.6785202571838	27150.899	2498.441	2816564.61
37.280441926187	99.975520019584	27597.377	3412.002	3248382.12
47.2924320940493	99.999280000576	29620.473	4347.726	3689559.1
57.2774318840464	100.0	29791.75	5202.674	4110926.8
67.2961821465501	100.0	30575.741	6191.366	4552564.92
77.2940821171496	100.0	31543.481	7025.58	4987585.95
87.2934121077695	100.0	32233.694	8049.757	5411121.75
97.3133923874934	100.0	33044.772	8854.9	5851946.63
