0.000890012460174442	0.0160199871840103	6.641	0.895	410.44
0.00203002842039789	0.0365399707680234	16.429	1.042	788.31
0.00263003682051549	0.0473399621280303	21.487	1.1	1170.2
0.00401005614078597	0.0721799422560462	23.222	1.211	1805.32
0.0059800837211721	0.107639913888069	50.192	1.358	2356.05
0.00896012544175618	0.161279870976103	51.655	1.587	3722.79
0.0126501771024794	0.227159818272145	118.257	1.992	5149.85
0.0196002744038417	0.351899718480225	158.537	2.606	8506.47
0.0283203964855508	0.508499593200325	201.419	3.998	11428.95
0.0425905962683478	0.763739389008489	248.798	4.698	15814.7
0.0623708731922247	1.11743910604872	361.034	6.144	24445.67
0.0945513237185321	1.68587865129708	611.478	9.043	37297.94
0.139461952467335	2.47751801798559	919.75	14.966	52920.57
0.211672963421488	3.73913700869039	1283.311	19.467	82901.05
0.317904450662309	5.56919554464356	1948.191	29.978	122067.41
0.470726590172262	8.13833348933321	2889.699	42.3	176760.1
0.71157996211947	12.0688103449517	4076.282	68.879	260343.74
1.06232487254822	17.4803260157392	6144.539	92.9	384144.6
1.59612234571284	25.1612798709761	8863.516	148.54	541896.07
2.39985359795037	35.4120916703267	12299.923	217.713	792344.59
3.60336044704626	48.3198813440949	16776.343	318.062	1088347.83
5.3821653503149	63.0611495510804	21961.563	488.784	1441570.93
8.09060326844576	78.078717537026	23467.103	723.247	1921453.64
12.1362399073587	90.2477878017698	26071.308	1090.283	2154694.61
18.2110349544894	97.3050421559663	25083.358	2242.627	2416083.76
27.2801719224069	99.6680802655358	27784.744	3400.96	2813348.52
37.3190724670145	99.979840016128	28089.646	4537.592	3244641.58
47.2731118235655	99.998740001008	28507.749	5922.313	3677411.17
57.2882620356685	100.0	31214.594	7127.456	4128207.35
67.2767818749463	100.0	31852.607	8416.431	4545943.59
77.2967821549502	100.0	32730.287	9982.677	4985363.82
87.3070222983122	100.0	33448.04	11081.606	5411889.01
97.3036922516915	100.0	34739.925	12442.799	5848897.98
