0.000910012740178362	0.0161999870400104	3.574	1.136	366.22
0.00201002814039397	0.0361799710560232	5.571	1.17	784.29
0.00304004256059585	0.054719956224035	7.21	1.29	1298.84
0.00401005614078597	0.0721799422560462	12.172	1.316	1624.43
0.00601008414117798	0.108179913456069	12.678	1.433	2581.16
0.00927012978181694	0.166859866512107	18.294	1.683	3694.65
0.0129701815825422	0.233459813232149	24.984	1.906	5149.85
0.0189002646037045	0.339659728272217	36.113	2.346	7212.05
0.0276503871054195	0.496079603136317	93.196	3.219	11991.71
0.0413905794681126	0.741599406720475	95.261	4.351	15895.12
0.0635108891524481	1.13759908992073	116.568	6.229	23806.47
0.0955913382787359	1.70747863401709	190.51	8.449	37961.26
0.141961987467825	2.52089798328161	268.332	12.787	59123.98
0.210162942281192	3.72023702381038	455.995	18.747	80086.65
0.316764434702086	5.54687556249955	685.513	27.395	137327.23
0.477106679493513	8.24741340206928	896.092	39.13	163441.12
0.70887992431894	12.0173303861357	1358.089	58.941	269506.78
1.06354488962845	17.5345059723952	2009.701	92.512	376897.92
1.59630234823288	25.1054799156161	3021.024	136.663	551171.32
2.40547367663147	35.4821116143107	3896.992	199.541	783351.45
3.58425017950251	48.1949614440308	5312.474	301.009	1059063.02
5.40811571361999	63.2740893807285	6595.081	441.579	1449802.64
8.08709321930507	78.051717558626	7798.915	669.149	1870191.77
12.1333698671781	90.2224078220737	8130.425	966.142	2150920.56
18.1861946067245	97.2697621841903	8866.046	2814.766	2429577.69
27.3173224425142	99.6553002757598	10380.734	4670.744	2802701.57
37.2884020376285	99.980020015984	11603.516	5962.498	3251636.22
47.2700517807249	99.99820000144	12970.339	7669.028	3681239.4
57.2771918806863	100.0	14215.207	7842.759	4114537.15
67.2894220519087	100.0	15579.677	9666.386	4556816.98
77.2874620244683	100.0	16985.847	10982.519	4982231.27
87.2967921550902	100.0	18481.976	12692.073	5414715.39
97.3123723732132	100.0	19800.606	13610.929	5851350.86
