0.000940013160184243	0.0169199864640108	3.546	1.09	410.44
0.00193002702037829	0.0347399722080222	5.083	1.368	723.99
0.00291004074057037	0.0523799580960335	6.819	1.558	1214.42
0.00394005516077225	0.0709199432640454	9.251	1.926	1648.55
0.00634008876124266	0.114119908704073	13.769	2.507	2416.35
0.00910012740178362	0.163439869248105	19.325	2.45	3389.14
0.0130501827025578	0.23471981222415	25.606	3.2	5045.33
0.0194502723038123	0.349559720352224	37.444	3.856	7396.96
0.0277503885054391	0.498959600832319	74.604	4.573	10886.24
0.0426405969683576	0.764639388288489	1354.695	6.202	16574.48
0.063540889572454	1.13849908920073	127.284	7.851	27034.58
0.0923812933381067	1.65239867808106	176.271	10.967	36313.01
0.141831985647799	2.52161798270561	301.944	14.408	56422.29
0.211192956701394	3.73607701113839	438.412	20.49	73987.51
0.318544459622435	5.58377553297957	630.762	30.013	124311.1
0.472206610892553	8.17181346254923	982.896	42.972	180942.48
0.712129969819577	12.0778103377517	1399.097	63.213	260886.75
1.06554491762885	17.5534059572752	1970.22	95.564	381621.71
1.59623234725286	25.1495798803361	3036.935	138.618	567266.86
2.40147362063069	35.4695116243907	4221.843	205.724	780188.6
3.60804051256718	48.453261237391	5818.884	309.883	1083829.16
5.40146562051869	63.2247694201845	7248.616	466.264	1467161.19
8.08450318304456	78.0401975678419	8575.079	667.113	1874152.42
12.1502501035014	90.3165477467618	12223.745	997.524	2153583.3
18.1959847437864	97.3059421552463	12360.951	1458.285	2426558.72
27.2867820149482	99.6790602567518	13905.202	2177.843	2815616.93
37.2761618662661	99.975520019584	14714.188	2909.474	3238737.66
47.2832619656675	99.999640000288	15436.107	3669.211	3672391.55
57.2796519151268	100.0	16125.827	4463.681	4109241.2
67.2950021300298	100.0	16906.16	5294.828	4552300.72
77.2979421711904	100.0	19313.323	6107.15	4976712.76
87.311452360333	100.0	30283.946	6745.866	5411658.66
97.3127523785333	100.0	19340.612	7601.647	5852059.7
