0.000700009800137202	0.0125999899200081	2.902	1.105	454.66
0.00185002590036261	0.0332999733600213	5.313	1.207	784.29
0.00320004480062721	0.0575999539200369	7.513	1.213	1182.26
0.00411005754080557	0.0739799408160473	9.324	1.281	1527.95
0.00597008358117014	0.107459914032069	13.224	1.468	2693.72
0.00890012460174442	0.160019871984102	19.591	1.716	4040.36
0.0133601870426186	0.239759808192153	26.554	1.926	5330.74
0.0186602612436574	0.335519731584215	37.697	2.474	7167.83
0.027020378285296	0.485279611776311	51.815	2.758	11067.14
0.0422605916482831	0.757799393760485	79.44	4.178	15802.64
0.0627508785122992	1.12337910129672	117.726	5.893	24405.47
0.0951713323986536	1.69937864049709	184.33	8.785	40699.03
0.139201948827284	2.47517801985758	281.397	12.121	55300.61
0.212132969861578	3.7520969983224	495.233	18.914	84871.16
0.315434416081825	5.52617557905954	700.712	27.189	119682.98
0.472286612012568	8.17793345765323	1146.352	38.617	178537.61
0.709659935239093	12.0232703813837	1309.439	57.954	284671.75
1.06423489928859	17.5089459928432	2035.377	86.598	370254.93
1.59836237707328	25.1693798644961	2898.954	131.587	546135.11
2.39531353438948	35.3651117079106	4117.575	195.44	798900.28
3.60947053258746	48.444981244015	5549.987	302.687	1093621.04
5.41654583164164	63.3736293010966	6689.33	442.336	1468252.98
8.08428317996452	78.0286775770579	7412.449	651.064	1878750.32
12.1398199574794	90.2596677922658	8198.347	964.722	2152694.32
18.193814713406	97.2928021657583	9234.989	2904.932	2431846.37
27.2839719756077	99.6670002663998	10463.499	4239.072	2809494.81
37.275321854506	99.975880019296	11397.294	5556.943	3252609.06
47.2782218951065	99.998740001008	12880.225	7400.83	3676425.63
57.2796419149868	100.0	14149.835	7963.171	4109819.64
67.3035422495915	100.0	15424.272	9798.398	4562704.36
77.2973521629303	100.0	16651.734	10915.556	4986626.01
87.2921420899893	100.0	18293.179	11728.444	5413851.65
97.3125823761533	100.0	19878.443	13598.682	5850067.79
