0.00101001414019796	0.0181799854560116	7.457	1.133	386.32
0.00199002786039005	0.0358199713440229	12.374	1.392	904.89
0.00277003878054293	0.0498599601120319	17.374	1.529	1109.9
0.00394005516077225	0.0709199432640454	23.99	1.699	1435.51
0.00631008834123678	0.113579909136073	43.926	2.341	2343.99
0.00931013034182479	0.167219866224107	54.998	2.707	3324.82
0.0126001764024696	0.226079819136145	74.71	3.254	4655.4
0.0189602654437162	0.341279726976218	134.545	3.967	7400.98
0.0281003934055077	0.504179596656323	239.664	5.156	12566.57
0.0430606028484399	0.772559381952494	278.909	6.573	16855.87
0.0641608982525755	1.14965908027274	464.906	8.386	24405.47
0.0943313206384889	1.68263865388908	556.639	11.545	39577.38
0.139571954007356	2.48183801452959	895.753	15.803	54255.34
0.212662977281682	3.75965699227441	1289.569	21.932	83777.53
0.317964451502321	5.57117554305957	2038.941	34.267	117198.05
0.473686631612843	8.18135345491724	2728.191	47.933	180656.95
0.714700005800081	12.1242503005998	4302.946	68.882	268380.47
1.06520491286878	17.5206459834832	6198.203	107.96	382631.66
1.6056024784347	25.2719797824162	9063.735	150.294	573084.5
2.4005036070505	35.4111916710467	12301.333	246.551	800169.57
3.60863052082729	48.363441309247	16419.106	343.598	1083696.03
5.38289536053505	63.0512495590004	20979.166	513.836	1430465.28
8.08236315308414	78.0128375897299	23323.813	758.975	1877196.04
12.1211596962357	90.2117878305697	24681.886	1111.758	2143926.22
18.2034848487879	97.2915421667663	25230.315	1680.863	2407340.73
27.2942521195297	99.6625002699998	26170.039	2479.107	2804026.78
37.2877220281084	99.97570001944	26907.769	3384.746	3242595.37
47.2789519053267	99.998740001008	28141.013	4376.224	3673561.62
57.2730718230055	100.0	29170.886	5244.084	4110205.6
67.2877020278284	100.0	30158.101	6192.34	4540966.25
77.2992121889706	100.0	31287.331	7175.844	4985904.53
87.3109323530529	100.0	31963.639	7941.646	5410874.34
97.3117723648131	100.0	33498.087	8779.322	5852000.87
