0.00103001442020188	0.0185399851680119	8.318	0.901	398.38
0.0018000252003528	0.0323999740800207	11.427	1.003	812.43
0.00318004452062329	0.0572399542080366	40.35	1.358	1254.62
0.00366005124071737	0.0658799472960422	22.651	1.134	1592.27
0.00587008218115054	0.105659915472068	34.04	1.31	2356.05
0.00944013216185027	0.169739864208109	54.294	1.653	3425.32
0.0129401811625363	0.232559813952149	72.33	1.877	5535.76
0.0189502653037143	0.340559727552218	101.657	2.564	7400.98
0.0274703845853842	0.494099604720316	176.039	3.269	10886.24
0.0416505831081635	0.747359402112478	256.273	5.22	16819.69
0.0621808705321875	1.11293910964871	378.819	6.089	26873.78
0.0950813311386359	1.69577864337709	618.949	9.103	37547.2
0.14061196856756	2.5018179985456	833.016	14.101	57073.58
0.211572962021468	3.73211701430639	1360.401	19.486	82245.71
0.314484402781639	5.50619559504352	1952.072	28.711	124077.89
0.473226625172752	8.18891344886924	2877.362	46.071	177315.08
0.709159928238995	12.0342503725997	4181.896	70.436	254744.64
1.05758480618729	17.4209260632591	5991.97	93.013	389681.28
1.59711235957303	25.1519198784641	8643.38	148.469	559621.58
2.39684355580978	35.3685317051746	12209.225	223.163	814385.66
3.59559033826474	48.2178214257429	16331.295	325.808	1126792.93
5.39087547225661	63.0787895369684	20464.53	486.1	1455992.92
8.09326330568628	78.155397475682	23274.435	728.842	1898548.83
12.1339598754383	90.2056678354657	24331.426	1112.541	2152203.63
18.1926546971658	97.3075621539503	24589.116	2216.764	2428512.61
27.2835819701476	99.6655602675518	26393.578	3355.29	2809406.72
37.2767918750863	99.976060019152	27113.285	4545.658	3244528.47
47.2733818273456	99.998740001008	28829.002	5905.776	3675393.96
57.2894320520487	100.0	29918.108	7124.944	4110922.58
67.2904220659089	100.0	30771.658	8297.456	4538458.71
77.3029022406314	100.0	34942.905	9894.448	4989406.04
87.3098823383527	100.0	34221.899	11121.355	5411096.59
97.3114923608931	100.0	35375.742	12332.743	5850726.1
