0.00113001582022148	0.020339983728013	3.926	1.175	438.58
0.00212002968041553	0.0381599694720244	5.462	1.321	856.65
0.00305004270059781	0.0548999560800351	7.193	1.551	1230.5
0.00390005460076441	0.0701999438400449	8.751	1.707	1576.19
0.00582008148114074	0.104759916192067	14.49	2	2625.38
0.00887012418173854	0.159299872560102	17.736	2.457	3638.37
0.0125301754224559	0.224819820144144	34.046	3.544	5680.47
0.0192902700637809	0.346499722800222	39.793	3.883	7368.82
0.0278903904654665	0.501119599104321	55.252	4.805	10556.61
0.0426405969683576	0.76535938771249	89.319	6.801	16405.62
0.06255087571226	1.12067910345672	122.492	7.7	24373.31
0.0936113105583478	1.67543865964907	205.21	11.36	39979.41
0.141191976687674	2.51045799163361	275.446	14.078	62553.34
0.209402931641043	3.69503704397036	469.103	21.211	82245.71
0.316104425461956	5.54471556422755	680.631	30.89	129228.8
0.476346668853364	8.23769340984527	913.633	43.246	194012.7
0.714310000340005	12.1170503063598	1498.389	64.055	277423.03
1.07174500443006	17.6254058996753	2246.146	93.138	394670.84
1.59929239009346	25.1907998473601	3215.041	141.915	524417.09
2.40742370393186	35.5008315993347	4225.85	206.46	794778.26
3.60615048610681	48.417981265615	5852.58	311.599	1069382.21
5.39418551859726	63.1455694835444	7340.666	455.268	1472709.24
8.08950325304554	77.9966376026899	8546.304	674.124	1879099.37
12.1240497366963	90.2207878233697	10806.149	980.9	2164435.6
18.204104857468	97.2994621604303	12457.189	1450.854	2413626.4
27.3024422341913	99.6716802626558	13568.797	2185.381	2809855.39
37.2896420549888	99.978040017568	14443.673	2958.392	3256399.83
47.2787519025266	99.99820000144	15951.075	3765.514	3680048.65
57.2784518983266	100.0	15985.433	4529.498	4110914.12
67.3039522553316	100.0	16915.132	5331.475	4557152.27
77.3076823075523	100.0	17712.625	6047.975	4985141.33
87.3026422369913	100.0	18689.436	6930.511	5410811.36
97.2998621980708	100.0	19380.379	7642.538	5848591.77
