0.00117001638022932	0.0210599831520135	4.383	1.376	386.32
0.00201002814039397	0.0361799710560232	6.97	1.467	868.71
0.00299004186058605	0.0538199569440344	6.988	1.741	1278.74
0.00416005824081537	0.0748799400960479	9.626	1.913	1552.07
0.00597008358117014	0.107459914032069	15.442	2.314	2416.35
0.00869012166170326	0.1564198748641	17.17	2.788	3228.34
0.0131201836825716	0.235799811360151	26.177	3.944	5065.43
0.0188002632036849	0.338039729568216	35.861	4.004	7396.96
0.0280603928454998	0.503819596944322	55.617	5.216	11280.21
0.0417105839481753	0.747539401968478	80.113	5.943	18821.65
0.0630208822923521	1.12805909755272	188.901	8.487	22431.63
0.0922712917980852	1.64843868124906	240.539	10.628	36912.01
0.139601954427362	2.48147801481759	292.227	14.887	57073.58
0.210342944801227	3.72383702093038	471.526	21.967	87902.71
0.316714434002076	5.55803555357156	711.609	29.983	128943.29
0.476066664933309	8.23013341589327	918.46	46.222	192697.62
0.708699921798905	12.0412703669837	1345.757	66.193	284663.69
1.06083485168792	17.4695260243792	1913.51	96.213	379094.84
1.60718250055501	25.3022197582242	2896.773	143.576	551775.21
2.38880344324821	35.2938317649346	4164.819	207.857	832398.69
3.59983039762557	48.2972013622389	5829.213	313.826	1109937.96
5.39586554211759	63.1554694756244	6621.562	461.536	1472029.88
8.09632334852688	78.077457538034	7524.508	662.097	1874805.77
12.1216797035158	90.2350078119938	8044.253	1008.902	2146295.27
18.1883946375249	97.2708421833263	9070.502	1473.214	2430819.04
27.300822211511	99.6763602589118	11460.223	2185.606	2808639.19
37.2849719896079	99.978220017424	11029.219	2993.737	3244809.44
47.2991521881306	99.999280000576	12130.323	3738.112	3679067.31
57.2766618732662	100.0	12594.073	4409.725	4103370.52
67.3072423013922	100.0	13304.997	5233.562	4564444.44
77.2975821661503	100.0	14113.632	6024.853	4984684.34
87.3029822417514	100.0	15021.591	6827.781	5412706.77
97.3101523421328	100.0	15752.693	7513.141	5849048.91
