0.00104001456020384	0.018719985024012	7.051	1.097	394.36
0.00232003248045473	0.0417599665920267	14.911	1.36	723.99
0.00294004116057625	0.0529199576640339	41.364	1.513	1174.22
0.00445006230087221	0.0800999359200513	39.324	2.024	1708.85
0.0061800865212113	0.111239911008071	48.88	2.299	2553.02
0.00906012684177578	0.163079869536104	57.957	2.739	3228.34
0.0130901832625657	0.235439811648151	79.314	4.184	5849.31
0.0191602682437554	0.34361972510422	119.139	5.402	7630.12
0.0280603928454998	0.503819596944322	188.014	5.855	11875.13
0.0423805933283066	0.759599392320486	299.116	7.497	14930.31
0.0634508883124364	1.13867908905673	434.228	8.698	24558.23
0.0926712973981636	1.65581867534506	539.834	11.557	35207.46
0.140631968847564	2.4982180014256	905.699	15.801	54516.65
0.209262929681016	3.69215704627436	1275.216	22.083	77324.53
0.315904422661917	5.53643557085154	1903.758	33.376	121375.81
0.473526629372811	8.19737344210125	2975.986	52.675	172115.31
0.70841991787885	11.9878104097517	4169.358	71.381	264945.33
1.06772494814927	17.5690659447472	6679.381	107.175	379698.38
1.60231243237405	25.2145598283521	8674.591	158.679	528257.4
2.40485366795135	35.4653716277027	12642.409	230.911	767356.32
3.59808037312522	48.2826213739029	16785.021	345.498	1095489.13
5.39280549927699	63.1390894887284	21100.182	508.197	1479074.46
8.09072327012578	78.095817523346	25270.731	748.277	1885958.16
12.1315198412778	90.2490478007618	24535.24	1106.48	2155474.41
18.2032348452878	97.3338421329263	25327.339	1694.828	2418670.92
27.2877720288084	99.6752802597758	27015.931	2516.823	2816657.07
37.2815519417272	99.975340019728	27115.865	3426.803	3243354.29
47.2919020866292	99.999640000288	28062.98	4301.837	3695836.3
57.3099323390528	100.0	29577.884	5225.438	4124898.85
67.2836719714076	100.0	30380.979	6087.15	4542442.21
77.2925920962894	100.0	30864.923	7087.427	4988022.16
87.3023122323712	100.0	31942.226	7879.812	5414409.33
97.3109023526329	100.0	33158.194	8923.847	5849485
