0.00116001624022736	0.0208799832960134	4.024	1.185	454.66
0.00200002800039201	0.035999971200023	5.199	1.16	824.49
0.00304004256059585	0.054719956224035	7.13	1.261	1182.26
0.00423005922082909	0.0761399390880487	9.127	1.328	1732.97
0.0055800781210937	0.100439919648064	12.347	1.378	2147.01
0.00907012698177775	0.163259869392104	17.699	1.599	3630.33
0.0135601898426578	0.243719805024156	27.701	2.122	5226.22
0.0192402693637711	0.346139723088222	38.917	2.432	7003.01
0.0280603928454998	0.503999596800323	52.985	3.128	11099.3
0.0417305842281792	0.748619401104479	82.524	4.442	16819.69
0.0623808733322267	1.11923910460872	125.308	6.048	24807.48
0.0960413445788241	1.7168386265291	217.267	8.469	38057.74
0.14122197710768	2.51117799105761	299.122	12.688	53837.21
0.210572948021272	3.72851701718639	425.072	18.61	84300.23
0.313254385561398	5.49035560771551	633.783	27.118	118927.04
0.473966635532897	8.18909344872524	1040.482	39.056	181963.97
0.714500003000042	12.1049903160077	1397.436	59.749	283163.25
1.06762494674925	17.5868859304913	2087.489	88.758	382394.27
1.60416245827442	25.2660397871682	2781.841	135.419	564400.39
2.39725356154986	35.4002116798307	4022.127	197.59	812330.56
3.58746022444314	48.1744414604468	5472.708	297.644	1063137.39
5.38669541373579	63.0368495705203	6699.109	438.99	1460157.71
8.09040326564572	78.081417534866	7890.459	662.975	1866543.75
12.1540601568422	90.3453477237218	8148.754	976.031	2154648.41
18.2006448090273	97.2956821634543	8892.55	2801.513	2403122.31
27.2809919338871	99.6765402587678	10297.972	3945.079	2818569.18
37.2905420675889	99.981280014976	11892.121	6621.649	3244084.14
47.2791819085467	99.998920000864	12926.543	9107.059	3681713.21
57.2764218699062	100.0	15347.979	7632.839	4117355.27
67.3018222255112	100.0	15548.17	9641.294	4553734.83
77.2941821185497	100.0	16876.08	10717.56	4978578.88
87.3017922250911	100.0	18724.963	12222.898	5410979.13
97.3091923286926	100.0	19413.995	13612.506	5850344.64
