0.00107001498020972	0.0192599845920123	3.479	0.903	386.32
0.00188002632036849	0.0338399729280217	5.332	1.024	788.31
0.00298004172058409	0.0536399570880343	7.132	1.083	1214.42
0.00383005362075069	0.0689399448480441	12.289	1.164	1805.32
0.0061300858212015	0.110339911728071	23.413	1.266	2460.56
0.00928012992181891	0.167039866368107	18.636	1.516	3835.34
0.0129901818625461	0.23381981294415	25.752	1.866	5097.59
0.0180702529835418	0.323999740800207	41.803	1.989	7212.05
0.0282003948055273	0.506699594640324	93.628	3.162	11099.3
0.0419505873082223	0.751499398800481	93.106	4.185	16855.87
0.0634908888724442	1.13723909020873	124.302	5.656	25301.93
0.094061316858436	1.68281865374508	192.218	8.334	36542.15
0.140271963807493	2.4987580009936	285.709	11.969	56952.96
0.210012940181163	3.71951702438638	434.715	19.422	80030.38
0.31561441860186	5.52347558121954	697.614	25.714	125658.15
0.470776590872272	8.14607348314121	1018.097	38.67	176422.31
0.707389903458648	12.0077903937677	1463.74	58.233	253433.38
1.06388489438852	17.5141659886672	2205.681	86.637	376419.1
1.59109227529185	25.0836999330401	2959.465	130.061	533092.02
2.39002346032844	35.2925717659426	4256.954	195.962	773931.49
3.59983039762557	48.2696613842709	5932.65	297.266	1063004.27
5.40190562667877	63.2040694367444	7469.25	446.524	1448254.1
8.09376331268638	78.078357537314	8614.746	656.437	1927804.05
12.1548301676223	90.2650677879458	11289.833	1021.07	2158724.25
18.1970747590466	97.2794821764143	13020.879	4318.021	2406959.1
27.2862320072481	99.6823002541598	15225.155	7103.674	2816485.09
37.2853619950679	99.97930001656	18150.938	9778.519	3256286.53
47.2868320156482	99.999460000432	21266.98	13235.088	3673381.28
57.2794519123268	100.0	24590.585	16361.214	4110994.02
67.2973921634903	100.0	27003.72	19340.037	4551755.65
77.2962921480901	100.0	30183.034	22498.456	4986772.73
87.2898220575088	100.0	33033.813	26015.41	5414405.11
97.3117623646731	100.0	36602.765	29437.779	5852034.6
