0.0011000154002156	0.0197999841600127	8.257	0.915	430.54
0.00231003234045277	0.0415799667360266	14.029	1.345	784.29
0.00270003780052921	0.0485999611200311	17.397	1.045	1134.02
0.00391005474076637	0.070379943696045	23.281	1.435	1564.13
0.00615008610120542	0.110699911440071	51.569	1.369	2388.21
0.00927012978181694	0.166859866512107	53.699	1.751	3754.95
0.0128801803225245	0.231659814672148	78.646	1.91	5226.22
0.0188302636236907	0.338399729280217	106.216	2.527	8080.34
0.0282103949455292	0.506879594496324	185.365	3.441	11899.25
0.0411705763880694	0.738359409312473	286.449	4.434	16409.64
0.0626008764122698	1.12247910201672	450.578	6.574	26604.43
0.0931813045382635	1.66229867016106	578.172	8.961	34403.45
0.14102197430764	2.5072179942256	857.744	12.957	54291.52
0.20964293500109	3.70835703331437	1316.95	19.498	83222.7
0.317034438482139	5.55893555285156	1950.573	28.561	116888.44
0.472836619712676	8.17991345606923	2966.904	43.353	195311.71
0.710469946579252	12.0320903743277	4090.713	65.289	283227.63
1.06702493834914	17.5748259401392	6317.628	100.064	371667.21
1.60302244231419	25.1978198417441	8962.259	142.682	530890.06
2.39149348090873	35.3215517427586	12474.634	208.677	802252.75
3.60463046482651	48.3225813419349	16461.464	326.694	1068579.41
5.39145548037673	63.1435894851284	20758.352	491.319	1478843.93
8.09104327460584	78.05063755949	25174.902	729.647	1874554.17
12.1340498766983	90.2393278085378	25110.443	1070.868	2153822.33
18.1927846989858	97.2775021779983	25439.418	2229.246	2407554.62
27.3067922950921	99.6706002635198	26219.059	3359.074	2811021.08
37.3138523939335	99.980560015552	28365.793	4626.359	3243752.79
47.2937621126696	99.99910000072	28647.214	5723.223	3697677.17
57.2920220883092	100.0	30851.306	7183.347	4121032.66
67.3007222101109	100.0	31279.541	8447.544	4553864.84
77.2947921270898	100.0	32798.048	9670.979	4985632.05
87.300802211231	100.0	33501.203	11071.112	5412061.01
97.3133623870734	100.0	35442.5	12342.692	5852059.68
