0.000890012460174442	0.0160199871840103	3.13	0.884	454.66
0.00187002618036653	0.0336599730720215	5.927	1.2	719.97
0.00314004396061545	0.0565199547840362	8.455	1.105	1077.74
0.00403005642078989	0.0723599421120463	11.835	1.18	1704.83
0.00617008638120934	0.111059911152071	13.255	1.3	2356.05
0.00872012208170914	0.1569598744321	17.537	1.507	3405.22
0.0129601814425402	0.232739813808149	26.288	1.663	4888.55
0.0191002674037437	0.342899725680219	38.351	2.121	7646.2
0.0277903890654469	0.498419601264319	73.426	2.9	10954.58
0.0419105867482145	0.752039398368481	80.742	3.864	16904.11
0.0635008890124462	1.13561909150473	128.46	5.614	24405.47
0.0939913158784223	1.67921865662507	176.772	8.026	33386.36
0.14015196212747	2.4926380058896	288.831	13.078	52920.57
0.209652935141092	3.70871703302637	433.237	17.2	80693.78
0.317334442682198	5.56379554896356	685.506	26.792	123498.87
0.471816605432476	8.15831347334922	875.01	40.018	180773.56
0.716770034780487	12.1408102873518	1435.088	58.506	271695
1.07212500975014	17.6363858908913	2019.027	87.411	408126.85
1.59067226941177	25.043919964864	2972.711	127.549	530411.04
2.39038346536852	35.3235317411746	4070.364	191.25	828227.77
3.60041040574568	48.3380613295509	5780.307	294.924	1102731.57
5.38950545307634	63.0796895362484	7359.476	438.465	1417573.82
8.09392331492641	78.136677490658	8668.879	646.232	1919123.09
12.1560701849826	90.3565077147938	10789.74	971.381	2158904.51
18.2177950491307	97.3262821389743	12828.056	4337.684	2415664.25
27.3002822039509	99.6589002728798	15170.214	7218.323	2803636.81
37.2735918302856	99.975520019584	18182.744	9827.396	3252445.4
47.2905320674489	99.99910000072	21024.885	13389.725	3676631.11
57.3013922194911	100.0	25030.964	16295.103	4128978.95
67.2996221947107	100.0	26885.77	19439.516	4545876.75
77.2954921368899	100.0	30200.538	22437.77	4987493.83
87.2912420773891	100.0	33094.045	26447.976	5415768.08
97.3044222619117	100.0	36459.353	29151.434	5849057.29
