0.00121001694023716	0.0217799825760139	8.688	0.936	366.22
0.00233003262045669	0.0419399664480268	14.044	1.062	784.29
0.00321004494062917	0.057779953776037	18.811	1.413	1182.26
0.00384005376075265	0.0689399448480441	24.236	1.225	1801.3
0.00571007994111918	0.102779917776066	57.517	1.325	2343.99
0.00915012810179342	0.164339868528105	55.723	1.555	3694.65
0.0131901846625853	0.237239810208152	80.325	2.092	4912.67
0.0184102577436084	0.331199735040212	118.946	2.45	8506.47
0.0282303952255332	0.507059594352325	171.363	3.342	11428.95
0.041790585068191	0.74969940024048	269.348	4.847	16574.48
0.063790893072503	1.14299908560073	395.338	6.403	25707.96
0.0933813073383027	1.66877866497707	539.663	8.968	35336.1
0.14020196282748	2.4922780061776	818.622	13.426	62553.34
0.213282985961803	3.77045698363441	1396.889	19.584	83777.53
0.316034424481943	5.54111556710755	1972.88	28.764	118259.58
0.477036678513499	8.24309340552528	4169.376	45.015	183934.51
0.70999993999916	12.0347903721677	4207.64	62.624	262604.3
1.06829495612939	17.5971459222833	6079.676	93.855	385045.91
1.59341230777231	25.077039938368	8674.949	143.34	539005.63
2.4010336144706	35.4239716608227	12069.949	216.11	819777.33
3.60420045880642	48.3112413510069	16671.339	329.637	1107480.67
5.38464538503539	63.0183095853523	20699.35	482.678	1454994.21
8.09914338800743	78.11363750909	23093.835	727.453	1901617.63
12.1245097431364	90.2004478396417	24324.375	1092.651	2164846.55
18.1918646861056	97.2787621769903	25256.341	2284.047	2412049.74
27.3014822207511	99.6716802626558	26359.743	3328.132	2812530.76
37.2746018444258	99.977140018288	28372.038	4568.236	3246063.25
47.2897720568088	99.99910000072	28915.827	5987.701	3676912.1
57.2776518871264	100.0	29702.539	7135.157	4103336.8
67.3038922544916	100.0	30901.668	8379.713	4547646.27
77.2931621042695	100.0	33318.494	9814.728	4983124.51
87.3024722346113	100.0	47190.263	11238.289	5415021.68
97.3102723438128	100.0	35134.127	12217.349	5849258.69
