0.000910012740178362	0.0163799868960105	3.469	1.062	442.6
0.00207002898040573	0.0372599701920238	5.555	1.169	784.29
0.00303004242059389	0.0545399563680349	7.389	1.18	1194.32
0.00416005824081537	0.0748799400960479	10.554	1.305	1648.55
0.0059300830211623	0.106739914608068	15.556	1.41	2343.99
0.00865012110169542	0.1556998754401	18.815	1.883	3630.33
0.0124701745824442	0.224279820576144	24.396	1.836	5415.16
0.0190802671237397	0.342719725824219	37.861	2.437	7003.01
0.0269803777252882	0.48455961235231	49.764	2.899	10556.61
0.04204058856824	0.754379396496483	88.517	4.208	17776.44
0.0638408937725128	1.14353908516873	122.205	6.288	23806.47
0.0931213036982518	1.66157867073706	205.928	8.697	37297.94
0.137561925866962	2.44889804088157	302.585	12.488	52635.14
0.210982953761353	3.72779701776239	426.734	18.257	80653.56
0.317464444502223	5.56379554896356	672.312	26.681	125923.52
0.47576666073325	8.24057340754127	880.234	41.045	171387.41
0.707949911298758	12.0144503884397	1416.228	58.752	250690.2
1.06464490502867	17.5163259869392	1968.794	88.139	386820.38
1.59937239121348	25.1783798572961	2781.7	130.173	589016.14
2.40534367481145	35.4673516261187	4191.81	199.491	766171.81
3.60264043696612	48.3348213321429	5207.05	295.277	1073105.78
5.39007546105645	63.0616895506484	6667.571	441.34	1440709.77
8.11148356076985	78.2585373931701	8337.039	663.225	1896084.98
12.1361699063787	90.2539077968738	8120.026	970.996	2166175.72
18.1942847199861	97.2856021715183	9113.005	2826.066	2431896.69
27.306292288092	99.6567402746078	10192.641	4807.677	2803976.32
37.2852719938079	99.978220017424	11639.386	6048.878	3244817.74
47.2901320618489	99.999460000432	12793.726	7445.106	3696092.09
57.2937121119696	100.0	15717.46	8393.765	4120911.12
67.2918220855092	100.0	15502.768	9852.7	4554024.16
77.2925520957293	100.0	17074.365	11091.737	4986843.77
87.2989321850506	100.0	18415.258	12461.482	5415164.18
97.3115923622931	100.0	19931.624	13484.775	5850717.78
