0.00109001526021364	0.0196199843040126	3.541	0.983	434.56
0.00211002954041357	0.0379799696160243	8.269	1.049	719.97
0.00294004116057625	0.0529199576640339	6.971	1.068	1174.22
0.00365005110071541	0.0656999474400421	8.501	1.188	1576.19
0.00617008638120934	0.111059911152071	13.208	1.287	2504.78
0.00896012544175618	0.161099871120103	23.955	1.544	3485.61
0.0128801803225245	0.231659814672148	37.898	1.754	4908.65
0.0186502611036555	0.335519731584215	35.636	2.327	8534.61
0.0281003934055077	0.503099597520322	62.056	3.044	10894.28
0.0419705875882262	0.752759397792482	100.789	4.248	14986.58
0.0633808873324227	1.13453909236873	158.108	5.811	23657.74
0.0945513237185321	1.68839864928108	237.923	8.548	37462.78
0.140391965487517	2.4960580031536	299.217	11.909	52920.57
0.209882938361137	3.70763703389037	427.759	18.301	76496.32
0.316724434142078	5.54507556393955	722.798	27.679	137327.23
0.469926578972106	8.13941348846921	980.579	39.345	171918.26
0.711129955819381	12.0392903685677	1386.438	62.157	290621.24
1.06962497474965	17.6007459194033	2204.373	89.083	389017.36
1.60323244525423	25.2464198028642	2917.918	128.966	548365.38
2.40138361937067	35.4587116330307	4273.22	196.734	758847.46
3.58670021380299	48.1953214437428	5733.214	291.63	1113198.25
5.39873558229815	63.1075895139284	7392.723	446.547	1454848.68
8.09880338324736	78.163677469058	8546.672	643.635	1875065.48
12.1336298708182	90.2197078242337	10828.761	964.337	2152253.91
18.1879146308048	97.2877621697903	12842.922	4359.874	2424499.75
27.2786619012666	99.6779802576158	15459.2	7175.226	2820514.72
37.2883420367885	99.979660016272	18091.841	9789.38	3257766.64
47.2854019956279	99.998740001008	20977.681	13358.207	3682321.49
57.2876620272684	100.0	25521.774	16452.146	4120919.48
67.2897720568088	100.0	27322.322	19361.721	4556577.9
77.3038622540716	100.0	29872.566	22736.804	4986609.11
87.2966221527101	100.0	33165.523	25969.946	5414690.35
97.3138123933735	100.0	36985.55	29185.676	5852055.56
