0.000890012460174442	0.0160199871840103	3.386	1.126	434.56
0.00198002772038809	0.0356399714880228	8.783	1.388	784.29
0.00289004046056645	0.0520199583840333	7.768	1.551	1210.4
0.00398005572078009	0.0716399426880459	9.064	1.662	1576.19
0.0060800851211917	0.10943991244807	13.107	2.337	2593.22
0.00884012376173266	0.159119872704102	18.205	2.774	3622.29
0.0129401811625363	0.232559813952149	25.924	3.143	5318.68
0.0178202494834928	0.320579743536205	36.161	3.922	8192.9
0.028020392285492	0.502739597808322	64.565	4.755	12208.8
0.0409405731680244	0.73403941276847	77.95	5.664	16405.62
0.0637108919524873	1.14137908689673	148.22	8.575	25229.57
0.0944913228785203	1.68587865129708	182.663	11.365	37639.67
0.138241935387095	2.46113803108957	284.117	15.057	55955.93
0.213052982741758	3.76775698579441	445.53	20.743	77935.68
0.313204384861388	5.49125560699551	627.463	31.232	116265.2
0.472526615372615	8.18873344901324	978.583	42.862	200668.63
0.704739866358129	11.9595504323597	1444.425	63.785	253280.53
1.0688549639695	17.5717659425872	2189.108	96.33	362722.89
1.59982239751357	25.2095198323841	2979.55	138.066	559001.62
2.40281363939095	35.4367516505987	4081.692	207.719	783895.37
3.60006040084561	48.2642613885909	6099.583	312.928	1064517.03
5.3836853715952	63.0588095529524	8422.793	454.406	1432430.05
8.0800931213037	78.0128375897299	8676.175	670.855	1875751.3
12.1358099013386	90.2359078112737	10724.167	1002.403	2153596.01
18.1983947775269	97.3005421595663	12349.599	1488.576	2411999.48
27.2822119509673	99.6783402573278	14034.301	2168.553	2824171.33
37.3074623044723	99.978760016992	14712.857	2984.062	3242557.63
47.2824519543274	99.998560001152	15374.289	3624.751	3679809.57
57.2778818903465	100.0	15861.379	4492.96	4117493.6
67.2986221807105	100.0	16944.134	5349.792	4547642.17
77.3003222045109	100.0	17907.806	5994.562	4977350.21
87.306012284172	100.0	18969.18	6684.824	5410719.2
97.3094623324726	100.0	19084.947	7423.967	5849124.31
