0.000760010640148962	0.0136799890560088	5.531	0.893	442.6
0.00191002674037437	0.034379972496022	12.585	1.003	856.65
0.00304004256059585	0.054719956224035	33.612	1.353	1290.8
0.00386005404075657	0.0694799444160445	22.367	1.165	1708.85
0.00639008946125246	0.115019907984074	58.052	1.398	2343.99
0.00912012768178755	0.164159868672105	53.217	1.598	3694.65
0.0128901804625265	0.231479814816148	81.834	1.97	5161.91
0.019510273143824	0.350999719200225	106.073	2.522	8080.34
0.0282003948055273	0.505259595792323	177.357	3.27	12208.8
0.0438806143286006	0.785699371440503	271.401	5.029	16936.27
0.0622608716522031	1.11455910835271	396.258	6.202	24883.84
0.0932213050982714	1.66607866713707	592.808	8.893	37543.18
0.142151990127862	2.52611797910562	880.247	12.917	57793.23
0.210792951101315	3.72869701704239	1376.243	19.808	85880.33
0.317594446322249	5.56829554536356	1925.357	30.367	123772.3
0.475186652613137	8.22347342122126	2947.465	42.725	178388.81
0.706819895478537	11.9980704015437	4557.655	61.994	266662.92
1.06316488430838	17.5082259934192	6643.388	99.634	380925.61
1.5938723142124	25.1306798954561	15999.512	150.43	598349.22
2.40844371821205	35.4932716053827	12328.508	217.028	812080.73
3.58473018622261	48.2003614397108	16735.668	318.935	1059151.8
5.39635554897769	63.1893094485524	21123.371	476.168	1484881.78
8.08493318906465	78.098697521042	25730.345	718.377	1926366.59
12.1343098803383	90.2474278020578	24302.371	1072.748	2154203.9
18.1952347332863	97.2962221630223	25486.699	2236.364	2410879.89
27.2994121917707	99.6580002735998	26618.336	3370.773	2803649.27
37.2850819911479	99.977320018144	27728.926	4536.07	3254604.95
47.2915720820091	99.999460000432	29014.498	5994.241	3690062.33
57.3041822585516	100.0	30099.062	7236.499	4129519.96
67.3052022728318	100.0	32061.894	8347.471	4563564.06
77.3000122001708	100.0	31918.157	9740.772	4985397.16
87.2874120237683	100.0	34130.83	11105.006	5414673.55
97.3029622414714	100.0	35343.046	12384.015	5848981.64
