0.000950013300186203	0.0170999863200109	3.565	1.238	382.3
0.00191002674037437	0.034379972496022	5.431	1.49	784.29
0.00293004102057429	0.0527399578080338	7.168	1.661	1174.22
0.00414005796081145	0.0745199403840477	9.379	1.896	1620.41
0.00597008358117014	0.107459914032069	12.655	2.227	2553.02
0.0090801271217797	0.163439869248105	30.408	2.977	3622.29
0.0131401839625755	0.236339810928151	60.35	3.375	4888.55
0.0190602668437358	0.342899725680219	36.365	4.391	7593.94
0.0276403869654175	0.496259602992318	62.757	4.862	11637.98
0.0411305758280616	0.738179409456472	98.48	7.215	15814.7
0.0637008918124854	1.14083908732873	147.326	8.041	22355.23
0.0945313234385281	1.68911864870508	198.575	11.192	33386.36
0.14020196282748	2.4938980048816	300.522	15.464	57813.33
0.209632934861088	3.70619703504237	443.058	21.08	77935.68
0.313784392981502	5.50079559936352	585.631	29.217	115722.39
0.477166680333525	8.25227339818128	928.866	44.471	178412.95
0.715900022600316	12.1276702978638	1399.692	64.558	272314.44
1.07178500499007	17.6124459100433	1972.154	97.805	395837.74
1.59839237749328	25.1715398627681	2924.058	141.183	575512.25
2.4071236997318	35.4637516289987	4509.209	211.557	817597.27
3.59664035296494	48.2860413711669	5627.372	316.082	1093709.82
5.40020560287844	63.1785094571924	6940.03	468.44	1476288.12
8.09803337246722	78.179697456242	7395.951	671.55	1907540.38
12.1342998801983	90.1702078638337	8383.574	1004.11	2148387.8
18.2112449574294	97.3180021455983	8910.62	1467.292	2415781.93
27.2845719840078	99.6747402602078	9977.839	2178.866	2823395.55
37.3178724502143	99.979840016128	10844.508	2978.802	3244209.81
47.2927120979694	99.999280000576	11743.769	3719.699	3690217.47
57.2769818777463	100.0	12354.582	4549.288	4109572.39
67.2922320912493	100.0	13285.724	5262.059	4547746.79
77.2986721814105	100.0	14047.16	6151.618	4985241.88
87.2919420871892	100.0	15164.12	6872.905	5415164.24
97.3122923720932	100.0	16321.987	7775.806	5852063.92
