0.00111001554021756	0.0199799840160128	19.789	1.354	410.44
0.00193002702037829	0.0347399722080222	12.704	1.407	784.29
0.00296004144058017	0.0532799573760341	18.944	1.756	1166.18
0.00385005390075461	0.0691199447040442	23.55	1.699	1805.32
0.0062300872212211	0.112139910288072	36.317	2.174	2553.02
0.00910012740178362	0.163619869104105	62.926	2.875	3216.28
0.0131201836825716	0.235979811216151	91.007	3.362	5065.43
0.019020266283728	0.342359726112219	120.106	4.206	7646.2
0.0286004004056057	0.512639589888328	195.805	5.376	11875.13
0.0418805863282086	0.75041939966448	248.886	6.945	16309.15
0.062050868712162	1.11167911065671	430.998	8.902	25683.84
0.0945113231585242	1.68659865072108	547.136	11.93	36345.17
0.14199198788783	2.52773797780962	866.937	16.22	53837.21
0.212932981061735	3.76469698824241	1362.456	22.344	74252.86
0.316444430222023	5.55209555832355	2003.442	33.088	131938.99
0.478686701613823	8.2823333741333	2842.05	48.399	184167.77
0.712059968839564	12.0657503473997	4329.896	69.765	249869.66
1.06822495514937	17.5838259329393	6049.863	101.441	377948.09
1.59857238001332	25.1659598672321	8838.545	156.502	590940.71
2.40875372255212	35.5125315899747	12343.27	233.388	803082.8
3.59901038614541	48.3116013507189	16880.79	340.963	1092818.17
5.38462538475539	63.0134495892403	20832.075	504.919	1456817.82
8.09486332808659	78.126057499154	23497.575	761.123	1887362.42
12.1256097585366	90.2155678275457	24448.973	1112.038	2164389.28
18.1934647085059	97.2757021794383	25240.365	1680.886	2407822.86
27.2811219357071	99.6770802583358	26361.42	2481.259	2820929.89
37.2900320604488	99.97570001944	27611.208	3439.329	3255016.02
47.2824419541874	99.998560001152	28106.051	4321.02	3682212.26
57.3090523267326	100.0	28524.795	5235.905	4125880.11
67.2784818987466	100.0	29970.443	6092.688	4548774.06
77.2983821773505	100.0	31778.515	7155.106	4988278.03
87.2931821045495	100.0	31795.784	7889.042	5410920.52
97.3026022364313	100.0	32762.594	8709.736	5848847.48
