0.00106001484020776	0.0190799847360122	3.713	1.076	398.38
0.00205002870040181	0.0368999704800236	5.337	1.198	868.71
0.00309004326060565	0.0556199555040356	7.167	1.242	1298.84
0.00411005754080557	0.0739799408160473	9.091	1.322	1624.43
0.0062300872212211	0.112139910288072	34.293	1.932	2155.05
0.00842011788165034	0.151199879040097	19.722	1.875	3835.34
0.0131301838225735	0.236159811072151	48.86	2.048	5161.91
0.0192802699237789	0.346859722512222	40.159	2.637	8144.66
0.0281103935455096	0.505259595792323	64.387	3.135	10886.24
0.0423305926282968	0.760319391744487	95.585	4.193	16574.48
0.0629308810323344	1.12373910100872	120.327	5.585	26604.43
0.0965913522789319	1.7224186220651	187.145	8.358	36546.17
0.139681955547378	2.48633801092959	298.679	12.634	55300.61
0.2096929357011	3.70637703489837	425.181	18.258	89261.69
0.313864394101517	5.49287560569952	595.659	26.77	116888.44
0.473656631192837	8.18549345160524	1037.288	39.171	187915.9
0.710329944619225	12.0443303645357	1340.244	59.618	259133
1.07368503159044	17.6475458819633	1985.862	91.448	389576.66
1.60060240843372	25.1643398685281	2780.459	132.49	575685.38
2.39046346648853	35.3328917336866	4011.194	196.74	824455.88
3.59957039398552	48.3141213487029	5587.398	291.77	1080549.17
5.39573554029756	63.1612294710164	6782.465	463.61	1472317.03
8.09451332318652	78.08843752925	7483.268	666.025	1933070.66
12.1233897274562	90.2558877952898	8158.228	958.069	2165827.71
18.1975947663267	97.2690421847662	9191.44	2869.347	2405084.68
27.2773918834864	99.6713202629438	10022.165	4692.171	2814648.31
37.3234225279154	99.977140018288	11645.032	7326.444	3249220.74
47.2973821633503	99.999280000576	12885.357	7334.049	3677713.12
57.2813719392071	100.0	14377.018	8498.885	4108947.7
67.2995621938707	100.0	15563.706	9428.534	4547977.4
77.3006722094109	100.0	16818.605	11190.25	4985195.92
87.3068322956521	100.0	18614.674	12276.601	5410882.92
97.3118723662131	100.0	19659.411	13363.618	5852009.25
