0.000930013020182283	0.0167399866080107	6.908	1.152	362.2
0.00207002898040573	0.0372599701920238	12.981	1.346	760.17
0.00293004102057429	0.0527399578080338	17.89	1.611	1290.8
0.00402005628078793	0.0723599421120463	41.572	1.741	1608.35
0.0062800879212309	0.113039909568072	39.104	2.259	2464.58
0.00881012334172678	0.158579873136102	56.082	2.663	3578.07
0.0134501883026362	0.241739806608155	79.214	3.267	4940.81
0.0190702669837378	0.342359726112219	114.969	4.055	7167.83
0.0286104005456076	0.513539589168329	170.064	5.393	10616.91
0.04153058142814	0.744839404128477	254.856	6.828	18753.32
0.0630008820123482	1.12697909841672	431.075	8.906	22431.63
0.0941913186784615	1.68281865374508	581.604	12.548	33386.36
0.142371993207905	2.53169797464162	897.987	16.439	60772.33
0.209872938221135	3.71159703072238	1520.414	22.939	81843.64
0.313424387941431	5.49557560353952	1962.129	33.61	116192.82
0.471566601932427	8.17001346398923	2919.592	50.316	172071.07
0.705769880778331	11.9651304278957	4339.781	68.002	267330.62
1.07009498132974	17.6084859132113	6323.447	102.96	373143.89
1.59485232793259	25.1425598859521	8734.952	151.629	538180.37
2.39601354418962	35.3597117122306	12116.417	223.551	774124.91
3.607120499687	48.445521243583	16522.338	340.819	1092749.55
5.397965571518	63.1083095133524	20292.321	496.037	1459175.1
8.08594320320485	78.0497375602099	23236.672	751.068	1869230.04
12.1348698881784	90.2650677879458	24545.357	1106.301	2154526.87
18.1884146378049	97.2778621777103	25262.984	1681.22	2411894.5
27.3169024366341	99.6664602668318	27358.053	2521.017	2804219.56
37.2720518087253	99.97570001944	27262.573	3413.982	3252164.53
47.2969421571902	99.999280000576	27779.509	4307.762	3677805.18
57.2765418715862	100.0	29714.079	5189.054	4110213.91
67.2993321906507	100.0	31962.254	6237.381	4548036.22
77.3017222241111	100.0	30756.414	6939.449	4977237.07
87.3068922964922	100.0	32583.111	8142.378	5411184.81
97.3000722010108	100.0	33370.033	8969.71	5848579.17
