0.00109001526021364	0.0196199843040126	3.947	1.136	362.2
0.00194002716038025	0.0349199720640224	5.367	1.291	816.45
0.00313004382061349	0.0563399549280361	7.535	1.578	1182.26
0.00369005166072325	0.0664199468640425	9.617	2.133	1568.15
0.00621008694121718	0.111599910720071	14.011	2.271	2464.58
0.00941013174184439	0.168839864928108	20.607	2.737	3606.21
0.013000182002548	0.23363981308815	26.919	3.234	4908.65
0.0185302594236319	0.332819733744213	36.851	3.816	6769.86
0.0286204006856096	0.514439588448329	59.424	5.07	11099.3
0.041780584928189	0.75023939980848	84.308	7.04	17121.2
0.0632408853723952	1.13417909265673	145.639	8.282	24405.47
0.0933013062182871	1.66679866656107	217.005	11.195	39577.38
0.141931987047819	2.52575797939362	343.429	15.277	59099.84
0.210262943681212	3.71897702481838	480.814	21.35	80762.11
0.317544445622239	5.56361554910756	706.877	30.719	130322.51
0.47591666283328	8.22005342395726	942.936	44.319	183592.68
0.711929967019538	12.0707903433677	1512.601	64.378	251152.77
1.06645493036903	17.5670859463312	2147.459	94.895	381839
1.60009240129362	25.1911598470721	3269.888	140.817	588512.84
2.40539367551146	35.4529516376387	4373.425	209.379	817383.7
3.59262029668415	48.2300614159509	5877.178	314.646	1084184.15
5.39614554603764	63.1034495172404	7331.104	458.77	1450506.16
8.08842323792533	78.088617529106	8318.485	677.99	1885893.2
12.1269797777169	90.2029678376257	10713.219	1015.104	2164074.73
18.1974247639467	97.2865021707983	12356.284	1466.234	2411680.77
27.29586214207	99.6619602704318	13731.893	2135.448	2803754.01
37.311402359633	99.980920015264	14485.812	2914.026	3242792.41
47.290802071229	99.99910000072	15353.292	3719.537	3676568.13
57.2846119845678	100.0	15873.698	4442.391	4108448.5
67.2998621980708	100.0	17867.486	5223.748	4545734.08
77.3001622022708	100.0	17621.228	5962.705	4985338.48
87.2898420577888	100.0	20369.608	7254.264	5416560.46
97.3039322550516	100.0	19211.092	7555.048	5849036.36
