0.000930013020182283	0.0167399866080107	6.226	0.907	438.58
0.00201002814039397	0.035999971200023	12.004	0.988	788.31
0.00312004368061153	0.0561599550720359	18.198	1.094	1214.42
0.00343004802067229	0.0615599507520394	27.314	1.394	1732.97
0.00576008064112898	0.103499917200066	32.404	1.318	2343.99
0.0084301180216523	0.151559878752097	46.526	1.614	3570.03
0.0129001806025284	0.232019814384148	69.709	1.934	5161.91
0.0188702641836986	0.339479728416217	110.799	2.453	7336.66
0.0275903862654077	0.495719603424317	160.429	3.258	11252.07
0.0413805793281106	0.741419406864474	230.338	4.35	16574.48
0.0643209004926069	1.15253907796874	423.431	6.939	25237.61
0.0951513321186497	1.69991864006509	629.541	9.254	39577.38
0.139941959187429	2.4926380058896	851.424	12.976	54251.3
0.208712921980908	3.69521704382636	1330.157	19.004	77935.68
0.317734448282276	5.56361554910756	2020.617	29.74	130322.51
0.476826675573458	8.24363340509328	2848.296	43.135	192404.05
0.713959995439936	12.0992303206157	4223.3	68.733	283006.37
1.06967497544966	17.5886859290513	6335.034	95.042	369812.35
1.60602248431478	25.2969997624002	8768.574	144.11	556743.08
2.40095361335059	35.4788716169027	12454.882	212.249	781981.52
3.58740022360313	48.1672414662068	17010.034	321.46	1054996.82
5.387745428436	63.0361295710963	22046.218	476.894	1419671.8
8.08732322252512	78.0050975959219	24828.58	737.153	1887963.1
12.1503801053215	90.2931477654818	24407.931	1106.643	2157994.59
18.1908546719654	97.2812821749743	25055.761	2243.112	2430433.11
27.3096923356927	99.6585402731678	26438.187	3317.636	2801137.63
37.2732618256656	99.975340019728	28114.545	4687.854	3247262.66
47.2674817447444	99.998380001296	29372.305	5837.362	3673276.45
57.2778918904865	100.0	29890.663	7210.776	4114164.08
67.3005522077309	100.0	31001.09	8506.936	4558951.29
77.3001422019908	100.0	32358.916	9629.065	4986751.71
87.3122223711132	100.0	34022.56	10951.442	5410731.86
97.3129423811933	100.0	35088.205	12252.465	5851803.87
