0.000940013160184243	0.0169199864640108	4.367	1.084	410.44
0.00213002982041749	0.0383399693280245	5.603	1.284	719.97
0.00306004284059977	0.0550799559360352	8.732	1.268	1351.1
0.00381005334074677	0.0683999452800438	8.949	1.333	1560.11
0.0059800837211721	0.107459914032069	15.164	1.428	2335.95
0.00866012124169738	0.1556998754401	16.922	1.676	3754.95
0.013510189142648	0.242999805600156	25.767	1.881	5825.19
0.019770276783875	0.355319715744227	44.516	2.56	8192.9
0.026760374645245	0.480239615808307	54.043	2.905	11183.71
0.0419205868882164	0.751319398944481	83.367	4.491	15440.85
0.0627608786523011	1.12517909985672	115.231	5.718	24883.84
0.0946613252585536	1.69019864784108	189.982	9.442	37547.2
0.141011974167638	2.50991799206561	304.81	11.995	52635.14
0.20862292072089	3.68747705001836	406.843	18.471	80705.84
0.31826445570238	5.57585553931557	684.453	28.105	119373.37
0.473206624892749	8.19845344123725	951.824	39.874	199598.82
0.709429932019048	12.0412703669837	1373.189	59.837	254712.46
1.06662493274906	17.5561059551152	2074.73	88.816	377779.1
1.6030824431542	25.2410198071842	2814.805	132.056	566204.01
2.40576368069153	35.4668116265507	4163.972	201.087	782521.43
3.60863052082729	48.436701250639	5492.11	289.216	1093633.14
5.39666555331775	63.1830094535924	6883.006	434.187	1445868.67
8.10947353262946	78.2434174052661	7459.102	659.808	1897521.86
12.1254297560166	90.2227678217857	8263.961	963.932	2167647.68
18.2183050562708	97.3261021391183	9351.377	2831.279	2415798.59
27.3124323740532	99.6545802763358	10189.843	4664.267	2802542.24
37.3192324692546	99.98020001584	11490.555	6041.135	3244230.79
47.2783418967866	99.998560001152	12692.261	6787.849	3680384.1
57.2900820611489	100.0	14510.278	8119.621	4122659.66
67.2770818791463	100.0	15510.94	9485.246	4543637.43
77.3000922012908	100.0	16949.846	10812.855	4977702.4
87.3108323516529	100.0	18532.152	12326.077	5414648.45
97.3003522049309	100.0	19719.021	13554.805	5848763.82
