0.000970013580190123	0.0174599860320112	7.877	1.305	458.68
0.00197002758038613	0.0354599716320227	12.1	1.29	808.41
0.00310004340060761	0.0557999553600357	19.053	1.563	1174.22
0.00390005460076441	0.0701999438400449	23.338	1.749	1435.51
0.00616008624120738	0.110879911296071	62.368	2.443	2416.35
0.00934013076183066	0.168119865504108	58.823	2.795	3509.73
0.0126601772424814	0.227699817840146	72.049	3.129	5680.47
0.018770262783679	0.337859729712216	126.369	4.097	7135.67
0.0265403715652019	0.476819618544305	199.774	4.982	10311.38
0.041030574428042	0.736919410464472	269.132	6.432	15738.32
0.0629508813123384	1.12607909913672	376.157	8.531	26668.75
0.092821299498193	1.65743867404906	573.348	11.349	37639.67
0.139941959187429	2.48993800804959	912.185	16.012	54062.34
0.210282943961215	3.71807702553838	1299.561	22.703	76628.97
0.317474444642225	5.55821555342756	2076.422	32.957	113599.35
0.475646659053227	8.23157341474127	3088.045	48.598	191752.53
0.709459932439054	12.0117503905997	4301.659	71.155	290621.24
1.06555491776885	17.5550259559792	6127.551	102.278	411080.51
1.60893252505535	25.3284997372002	8871.465	154.729	557906.55
2.39527353382947	35.3512517189986	13438.716	230.46	799835.12
3.59584034176478	48.2628213897429	17093.187	344.977	1150102.55
5.39420551887726	63.1254094996724	20795.522	518.952	1469882.62
8.08557319802477	78.0218375825299	32058.139	771.741	1864790.86
12.1391799485193	90.2490478007618	24958.797	1146.3	2167668.66
18.204014856208	97.2899221680623	25884.808	1669.962	2407453.77
27.2822019508273	99.6628602697118	26855.89	2505.33	2810258
37.2812419373871	99.977140018288	26999.545	3458.297	3243639.61
47.280481926747	99.998560001152	28246.814	4279.758	3674039.71
57.3039322550516	100.0	28609.825	5279.203	4132279.04
67.2983621770705	100.0	32805.448	6337.643	4554183.52
77.2942321192497	100.0	30787.165	6924.053	4985933.89
87.3031322438514	100.0	32021.015	8048.361	5413067.42
97.3066622932721	100.0	33460.771	8814.99	5849170.39
