0.00121001694023716	0.0217799825760139	4.442	0.948	398.38
0.00208002912040769	0.037439970048024	6.259	1.315	812.43
0.00282003948055273	0.0507599593920325	12.829	1.263	1174.22
0.00412005768080753	0.0741599406720475	9.361	1.265	1435.51
0.00586008204114858	0.105479915616068	12.592	1.282	2219.37
0.00896012544175618	0.161099871120103	19.376	1.505	3216.28
0.0133101863426088	0.239579808336153	25.969	1.725	5149.85
0.019020266283728	0.341639726688219	37.348	2.654	6769.86
0.0271603802453234	0.487619609904312	53.742	3.177	10846.04
0.0414705805881282	0.744839404128477	91.082	4.281	16248.85
0.06255087571226	1.11815910547272	139.779	5.442	23119.05
0.0950013300186203	1.69667864265709	193.472	8.637	37712.03
0.141971987607827	2.52845797723362	304.428	12.146	54593.05
0.209702935841102	3.71159703072238	434.831	18.279	87902.71
0.317954451362319	5.56541554766756	643.321	26.187	130322.51
0.474126637772929	8.20475343619725	951.315	39.187	182744.15
0.705199872798219	11.9735904211277	1387.232	58.377	253280.53
1.06317488444838	17.4925660059472	2075.304	85.439	405193.38
1.60536247507465	25.2579397936482	3003.558	132.718	574912.35
2.3969135567898	35.4041716766627	4062.912	192.715	795140.93
3.59771036794515	48.2718213825429	5623.254	298.002	1111668.99
5.3882454354361	63.0575495539604	7175.331	442.235	1419384.75
8.10844351820925	78.2448574041141	8571.491	652.635	1901991.1
12.1266597732368	90.1766878586497	10760.997	962.541	2148593.17
18.204304860268	97.3217821425743	12766.981	4314.712	2419308.21
27.3077423083923	99.6522402782078	15359.727	7134.946	2803225.86
37.2875420255884	99.976060019152	18084.222	9946.172	3255158.6
47.2898620580688	99.99910000072	21851.86	13312.087	3676735.99
57.2758318616461	100.0	23753.742	16409.82	4109392.07
67.2913920794891	100.0	27029.057	19455.47	4547847.51
77.3031522441314	100.0	31520.508	22619.249	4986038.74
87.2944121217697	100.0	33039.796	25976.211	5413742.71
97.3121923706932	100.0	37236.411	29420.208	5852038.62
