0.000950013300186203	0.0170999863200109	3.637	1.298	402.4
0.00187002618036653	0.0336599730720215	5.281	1.471	880.77
0.00291004074057037	0.0523799580960335	7.767	1.651	1194.32
0.00373005222073109	0.067139946288043	8.715	1.866	1644.53
0.00592008288116034	0.106559914752068	23.154	2.157	2356.05
0.00893012502175031	0.160199871840103	20.014	2.81	3533.85
0.0128801803225245	0.231839814528148	25.295	3.311	4908.65
0.0188202634836888	0.338399729280217	72.204	4.234	7593.94
0.0280703929855018	0.503639597088322	54.569	5.031	10886.24
0.0414005796081145	0.743039405568476	76.873	6.388	15802.64
0.0636208906924697	1.13993908804873	131.515	8.773	28168.25
0.0948713281985948	1.69217864625708	178.231	11.403	36035.62
0.14061196856756	2.4973180021456	276.962	14.524	51408.96
0.211942967201541	3.7486770010584	410.794	21.301	88751.05
0.316074425041951	5.53553557157154	652.6	29.609	123981.39
0.475076651073115	8.20853343317325	1048.552	43.33	163441.12
0.714059996839956	12.1008503193197	1440.215	65.428	240799.58
1.06703493848914	17.5516059587152	2067.775	95.291	382816.76
1.60246243447408	25.2158198273441	2909.266	143.038	528184.92
2.38996345948843	35.2810517751586	3899.937	206.282	771365.07
3.59768036752515	48.2689413848469	6039.558	305.363	1105600.37
5.39325550557708	63.0962495230004	6697.247	463.499	1484986.95
8.09442332192651	78.119577504338	7283.341	675.982	1889067.13
12.1490500867012	90.3178077457538	8212.959	990.44	2152987.95
18.1955747380463	97.2985621611503	8769.023	1468.845	2421534.9
27.2791219077067	99.6673602661118	9829.91	2140.621	2812677.56
37.2827419583874	99.97660001872	10741.264	2990.52	3245602.02
47.2730318224455	99.999280000576	11857.889	3740.745	3682535.21
57.2762418673861	100.0	12457.908	4488.936	4110310.35
67.3016022224311	100.0	13072.602	5225.953	4553692.83
77.2982821759505	100.0	13935.854	5935.546	4987376.51
87.3040222563116	100.0	14875.182	6911.374	5413570.65
97.3082523155324	100.0	15742.212	7652.738	5849212.51
