0.00085999931200055	0.0154799876160099	6.34	1.231	442.57
0.00166999866400107	0.0298799760960191	11.456	1.349	172.4
0.00285999771200183	0.0512999589600328	20.439	1.632	1183.25
0.00397999681600255	0.0714599428320457	23.884	1.985	1594.14
0.00591999526400379	0.105839915328068	36.655	2.675	2589.11
0.00935999251200599	0.165599867520106	52.666	3.099	3241.74
0.0128899896880083	0.224459820432144	84.233	3.615	4946.36
0.0188599849120121	0.322019742384206	105.815	4.795	7256.36
0.0276299778960177	0.464759628192297	184.315	5.652	10336.08
0.0414799668160265	0.672659461872431	223.244	8.046	16708.83
0.0639699488240409	0.992699205840635	322.183	9.391	22542.21
0.0947999241600607	1.36853890516888	339.186	13.85	37033.5
0.139559888352089	1.83545853163317	360.853	16.36	51649.57
0.211559830752135	2.42837805729755	471.686	22.207	71568.47
0.315439747648202	3.01697758641793	345.266	25.06	110754.89
0.475089619928304	3.60683711453031	344.814	30.835	145386.81
0.715939427248458	4.13513669189065	360.311	37.827	281740.34
1.06392914885668	4.62077630337896	387.738	44.953	374040.99
1.59896872082502	5.23115581507535	401.58	57.964	445743.25
2.24026820778543	4.88141609486712	331.749	60.672	528466.02
3.5998171201463	7.23923420861263	491.69	83.872	654636.59
5.39403568477145	9.04535276371779	633.78	110.513	716841.27
8.08800352959718	11.7277106178315	766.913	151.912	740911.91
12.1399902880078	15.7897673681861	1042.16	221.971	723831.86
18.2086354330917	21.832002534398	1482.931	321.794	736736.04
27.3173881460895	30.9599752320198	1884.306	457.618	756492.27
37.3116601506719	40.9485272411782	2430.586	597.469	779319.51
47.3119321504543	50.9507592393926	3013.386	754.438	800968.58
57.3114241508607	60.949031240775	3623.201	881.926	822088.82
67.3110161511871	70.9390232487814	4046.885	1041.861	845663.91
77.3077181538255	80.9435952451238	4585.233	1173.204	866911
87.3107701513839	90.9686872250502	5131.511	1330.544	889233.55
97.0978223217421	99.5284003772797	5384.053	1450.834	910594.33
