0.000919999264000589	0.0165599867520106	6.393	0.967	430.68
0.0018699985040012	0.0332999733600213	23.877	1.063	778.4
0.00310999751200199	0.0550799559360352	19.339	1.169	1167.57
0.00424999660000272	0.0763199389440488	24.253	1.361	1531.66
0.00611999510400392	0.107639913888069	60.76	1.538	2379.94
0.00926999258400593	0.163079869536104	99.575	1.822	3733.92
0.0127899897680082	0.224099820720143	77.363	2.286	5075.86
0.0193599845120124	0.332999733600213	134.304	3.034	7726.28
0.0282199774240181	0.475199619840304	200.691	4.065	9420.96
0.0417099666320267	0.684719452224438	181.135	5.443	16353.13
0.0630099495920403	0.985679211456631	270.773	7.386	22876.28
0.0932399254080597	1.35413891668887	323.191	10.237	34877.79
0.137699889840088	1.78613857108914	445.5	13.46	46150.11
0.209469832424134	2.41721806622555	435.054	17.885	75164.45
0.311719750624199	3.01427758857793	358.808	22.513	102630.64
0.473379621296303	3.61475710819431	424.062	28.476	134441.47
0.710159431872454	4.11137671089863	399.259	36.133	195413.43
1.07015914387268	4.64399628480297	482.247	42.604	355614.03
1.59938872048902	5.22305582155534	466.386	52.804	466288.76
2.39665808267353	6.03827516937986	450.762	63.591	573139.21
3.5985971211223	7.25615419507664	508.603	82.685	651898.88
5.39484568412345	9.04841276126979	654.732	109.813	720909.3
8.09506352394918	11.7547105962315	804.638	164.283	740829.13
12.1409902872078	15.7805873755301	1076.18	217.31	723322.1
18.2099554320357	21.845682523454	1336.868	312.849	736131.35
27.3095481523615	30.9441352446918	1855.129	450.259	756749.83
37.3077901537679	40.9499672400262	2458.758	587.834	779554.78
47.3143521485183	50.9446392442886	3076.183	742.331	800695.84
57.3132141494287	60.972431222055	3448.004	897.414	823121.35
67.3056161555071	70.9392032486374	4096.944	1020.127	844599.69
77.3093381525295	80.9448552441158	4688.18	1165.375	867024.76
87.3039801568159	90.9478072417542	5252.845	2978.256	889854.78
97.0919223264621	99.5255203795837	5268.326	3170.118	910868.35
