0.00103999916800067	0.018719985024012	7.078	1.138	395
0.00185999851200119	0.0332999733600213	11.666	1.349	727.15
0.00277999777600178	0.050039959968032	39.604	1.56	1198.94
0.00884999292000566	0.1569598744321	235.599	2.969	3860.55
0.0130099895920083	0.227519817984146	69.067	3.509	5094.89
0.0275199779840176	0.464039628768297	134.26	5.609	10362.06
0.0430299655760275	0.698579441136447	224.31	8.548	17251.84
0.0940599247520602	1.36997890401688	378.973	12.782	35399.53
0.139689888248089	1.84571852342518	375.94	15.989	44720.7
0.213389829288137	2.43431805254556	399.803	22.548	70508.66
0.471379622896302	3.5870371303703	317.72	30.781	140756.06
1.06537914769668	4.61969630424296	625.196	48.436	374968.87
2.39789808168153	6.03287517369986	517.021	68.878	556265.6
3.58244713404229	7.08641433086854	450.009	83.768	654753.02
5.39298568561145	9.03941276846979	621.734	116.616	720059.84
11.8149405480476	14.123148701481	805.391	200.909	721897.64
18.2062554349957	21.84946252043	1420.116	321.828	736720.57
27.3144481484415	30.9565552347558	1926.862	452.427	756958.09
47.3025921579263	50.9433792452966	3024.464	741.009	801043.77
57.3103341517327	60.941831246535	3526.162	878.507	822880.22
87.3039701568239	90.8138873488901	5273.461	1328.556	889709.98
97.2102422318062	99.8534801172159	5529.324	1457.327	911437.27
