0.00116999906400075	0.0210599831520135	7.867	1.051	406.9
0.00200999839200129	0.035999971200023	13.641	1.048	872.92
0.00215999827200138	0.0383399693280245	12.492	1.073	256.01
0.00411999670400264	0.0736199411040471	34.185	1.281	1562.91
0.00567999545600364	0.100619919504064	31.454	1.881	2279.1
0.00893999284800572	0.1569598744321	45.722	1.763	3164.69
0.0133399893280085	0.232199814240149	69.636	2.494	5277.52
0.0185799851360119	0.318419745264204	94.585	2.838	7196.14
0.028049977560018	0.474299620560304	134.606	3.84	9968.35
0.0419799664160269	0.678779456976434	197.439	5.385	13940.84
0.0634399492480406	0.991619206704635	303.201	7.369	24528.38
0.0951899238480609	1.38599889120089	358.257	10.126	31785.89
0.14012988789609	1.84589852328118	425.043	13.346	52681.3
0.209979832016134	2.42513805988955	428.811	18.792	66208.1
0.317459746032203	3.03065757547394	368.566	23.285	87439.97
0.472559621952302	3.60215711827431	399.877	28.238	133814.37
0.712529429976456	4.12199670240264	387.311	34.521	281408.97
1.06535914771268	4.61015631187495	346.429	41.388	364955.72
1.59903872076902	5.21927582457934	394.506	54.026	448650.9
2.40193807844954	6.02459518032386	460.776	64.774	559952.25
3.5930771255383	7.23041421566863	535.965	83.558	662639.53
5.39645568283545	9.02645277883778	656.332	105.947	720711.87
8.09211352630918	11.7365306107755	757.59	149.481	740890.06
12.1384702892238	15.7786073771141	1035.741	216.031	723339.05
18.2073054341557	21.84316252547	1310.385	314.179	736753.59
27.3113981508815	30.9363952508838	1810.739	447.619	756767.89
37.3152601477919	40.9542872365702	2457.624	586.95	778401.13
47.3030421575663	50.9457192434246	2990.114	741.428	801083.43
57.3142141486287	60.965411227671	3451.278	874.267	823168.14
67.3137461490031	70.9536032371174	4090.026	1021.353	844417.98
77.3112981509615	80.9473752420998	4628.697	1157.358	866955
87.3126601498719	90.9625672299462	5078.342	3009.707	889128.8
97.2183022253582	99.8698601041119	5285.482	3195.474	911480.24
