0.00101999918400065	0.0183599853120118	6.8	0.932	343.43
0.00183999852800118	0.032759973792021	16.345	1.286	853.24
0.00292999765600188	0.0521999582400334	21.221	1.229	1238.13
0.00351999718400225	0.06245995003204	20.896	1.234	501.97
0.00440999647200282	0.0786599370720503	25.976	1.327	1555.09
0.00924999260000592	0.161819870544104	51.04	1.834	3553.39
0.0129399896480083	0.223379821296143	71.21	2.247	4976.84
0.0191599846720123	0.331739734608212	104.916	3.18	7361.72
0.0270999783200173	0.457739633808293	130.924	3.629	11668.91
0.0418899664880268	0.677339458128434	207.813	5.302	15852.05
0.0631599494720404	0.98477921217663	265.724	7.079	24241.95
0.0934799252160598	1.35035891971286	349.132	10.348	35547.58
0.14024988780009	1.85021851982518	377.913	13.239	47841.62
0.211439830848135	2.43233805412956	438.824	16.958	64719.07
0.3119997504002	2.98493761204991	375.221	24.1	100694.5
0.474169620664303	3.5990971207223	395.556	27.737	142513.59
0.712629429896456	4.11677670657863	401.192	34.281	183474.1
1.06518914784868	4.64597628321897	408.363	42.696	349112.48
1.59956872034502	5.23169581464335	471.945	52.871	462894.21
2.40072807941754	6.03611517110786	475.658	65.516	556099.93
3.5911971270423	7.23473421221263	534.444	82.208	651938.69
5.39863568109145	9.03437277250178	676.668	110.059	718053.34
8.09316352546918	11.7269906184075	808.961	147.707	740935.03
12.1393002885598	15.7726673818661	1048.482	217.902	723654.42
18.2079054336757	21.86206251035	1407.827	309.895	736794.02
27.3088881528895	30.9437752449798	1849.816	449.361	756500.19
37.3090101527919	40.9452872437702	2367.052	587.163	778473.35
47.3097821521743	50.9491392406886	3059.895	726.452	800952.66
57.3054841556127	60.941111247111	3489.538	874.527	823218.79
67.3155661475471	70.9555832355334	3952.444	1021.8	845165.12
77.3074281540575	80.9498952400838	4663.045	1168.982	867348.1
87.3157101474319	90.9618472305222	5191.97	2989.351	889185.5
97.2267322186142	99.9098200721439	5272.166	3195.247	911464.17
