0.000929999256000595	0.0167399866080107	6.505	1.102	398.97
0.00321999742400206	0.0575999539200369	35.824	1.917	1069.47
0.00575999539200369	0.102959917632066	40.708	2.254	2376.06
0.0130499895600084	0.229139816688147	70.625	3.571	5497.95
0.0195199843840125	0.333719733024214	124.656	4.569	6834.14
0.0277699777840178	0.467099626320299	164.1	5.893	10491.91
0.042119966304027	0.688859448912441	202.185	7.898	15291.82
0.0931399254880596	1.36655890675287	390.787	13.337	33373.18
0.209529832376134	2.40965807227354	604.416	20.913	73932.6
0.314359748512201	3.01625758699393	381.926	26.587	107619.94
0.476809618552305	3.6010771191383	351.261	31.179	132674.01
1.06571914742468	4.63985628811497	419.947	46.921	378958.56
1.60127871897702	5.22593581925134	431.79	58.151	453855.82
2.31113815108948	5.19551584358732	341.872	61.588	556330.98
5.39891568086746	9.03365277307778	703.34	110.322	714953.05
12.1378902896878	15.7661873870501	1004.793	224.914	722839.49
18.2042454366036	21.840822527342	1320.852	317.581	736565.21
27.3128381497295	30.9556552354758	1795.723	443.732	756557.1
37.3124601500319	40.9557272354182	2510.66	594.433	778350.81
47.3133221493423	50.9446392442886	2996.651	734.387	800928.98
57.3134441492447	60.954791236167	3481.079	891.423	823234.9
67.3119061504751	70.9361432510854	4004.232	1013.071	844842.53
87.3053201557439	90.9427672457862	5236.654	1333.418	889726.23
