0.00104999916000067	0.0188999848800121	7.666	0.974	375.17
0.00199999840000128	0.0356399714880228	13.564	1.036	845.36
0.00306999754400196	0.0550799559360352	20.538	1.252	1198.94
0.0040599967520026	0.0721799422560462	26.879	1.278	1555.09
0.00648999480800415	0.115019907984074	40.886	1.528	2279.1
0.00884999292000566	0.1555198755841	73.36	1.761	3541.86
0.0123999900800079	0.215459827632138	63.987	2.148	4595.47
0.0190399847680122	0.329399736480211	104.444	2.848	7726.28
0.0270699783440173	0.457199634240293	187.61	3.725	11140.46
0.0414999668000266	0.679319456544435	217.071	5.285	13951.82
0.0626999498400401	0.973259221392623	383.945	7.247	20587.3
0.0959899232080614	1.38761888990489	355.8	10.477	30101.89
0.142519885984091	1.8746985002412	510.978	13.354	49797.47
0.212349830120136	2.43611805110556	447.316	18.576	77682.64
0.317349746120203	3.03317757345794	379.655	22.766	94896.1
0.476499618800305	3.5987371210103	342.006	28.364	133392.03
0.712039430368456	4.11785670571464	365.358	34.222	286810.05
1.06319914944068	4.62455630035496	408.458	41.206	385794.91
1.60229871816103	5.23799580960335	396	52.061	475314.48
2.40064807948154	6.06761514590788	468.568	64.029	564672.77
3.5985471211623	7.25435419651664	508.435	82.901	651896.96
5.39625568299545	9.04139276688579	612.738	109.192	719062.44
8.09172352662118	11.7329306136555	848.647	150.136	740861.45
12.1436802850558	15.7868873704901	1003.488	222.445	723266.83
18.2077554337957	21.843522525182	1344.819	314.466	736751.7
27.3099981520015	30.9615952307238	1860.102	444.415	756443.67
37.3098901520879	40.9497872401702	2419.573	586.885	779398.53
47.3122621501903	50.9498592401126	3035.358	724.762	800262.26
57.3156241475007	60.938411249271	3465.976	892.746	822328.93
67.3079161536671	70.9483832412934	4150.918	1024.012	844916.96
77.0754083396733	79.5221363822909	4334.589	1141.164	865180.69
87.3129901496079	90.9481672414662	5381.209	2989.982	889232.27
96.9704824236141	99.2398606081115	5219.661	3172.947	910304.36
