0.000919999264000589	0.0163799868960105	6.411	0.921	375.17
0.00201999838400129	0.035999971200023	13.5	1.044	872.92
0.00286999770400184	0.0509399592480326	27.023	1.163	1096.95
0.00407999673600261	0.0725399419680464	24.093	1.248	1644.89
0.00631999494400404	0.112139910288072	33.823	1.762	2383.82
0.00908999272800582	0.160559871552103	57.952	2.014	3461.12
0.0123299901360079	0.216899826480139	74.149	2.215	4717.6
0.017179986256011	0.293219765424188	83.699	2.757	6792.65
0.0272799781760175	0.465659627472298	154.926	3.951	11055.06
0.0416899666480267	0.679679456256435	208.404	5.281	16828.4
0.063979948816041	0.994319204544636	281.397	7.511	20937.7
0.0948199241440607	1.37987889609688	373.761	10.592	33000.03
0.138549889160089	1.80413855668915	416.185	13	48732.35
0.207619833904133	2.39741808206553	421.64	16.846	71790.31
0.311219751024199	2.9622576301939	376.741	22.943	100694.5
0.473219621424303	3.5989171208663	369.809	29.104	147648.4
0.711509430792455	4.12235670211464	385.329	35.215	272428.61
1.07257914193669	4.64417628465897	375.05	42.453	377184.06
1.60012871989702	5.22197582241934	420.603	55.277	467999.67
2.40334807732154	6.05681515454788	452.928	64.726	572652.27
3.5904571276343	7.16741426606859	505.596	85.006	656820.35
5.39286568570745	9.01097279122177	609.467	109.151	719634.53
8.09432352454118	11.7471506022795	832.22	148.541	740802.58
12.1373902900878	15.7825673739461	1036.207	214.554	723684.34
18.1931554454756	21.6530826775339	1289.166	310.49	736745.72
27.3031681574655	30.9403552477158	1832.839	443.462	756284.29
37.3091501526799	40.9447472442022	2378.456	584.142	779245.98
47.3138421489263	50.9451792438566	2948.772	730.708	800945.06
57.3117641505887	60.954251236599	3559.01	877.813	823522.38
67.3023561581151	70.8036633570693	4015.733	1010.488	845945.64
77.2927781657775	80.6923154461476	4591.907	1154.386	866761.09
87.2490302007758	90.2247478202017	5165.067	2919.949	889153.34
97.0843923324861	99.4963604029117	5374.194	3182.378	910520.59
