0.00085999931200055	0.0154799876160099	6.153	1.244	363.27
0.00209999832000134	0.037439970048024	13.104	1.659	837.49
0.00307999753600197	0.0550799559360352	18.516	1.611	1171.49
0.0039099968720025	0.0696599442720446	24.684	1.821	1422.12
0.00626999498400401	0.110879911296071	35.306	2.299	2453.58
0.00927999257600594	0.162719869824104	50.812	2.912	3733.92
0.0135199891840087	0.235259811792151	70.629	3.573	5083.47
0.0180599855520116	0.305999755200196	95.887	4.67	6792.65
0.0275199779840176	0.465299627760298	148.247	5.516	10443.69
0.0424599660320272	0.695519443584445	222.607	7.388	16708.83
0.0629699496240403	0.973259221392623	263.949	9.139	21202.04
0.0935399251680599	1.36295890963287	315.955	13.083	35451
0.14120988703209	1.8761384990892	432	15.422	51586.92
0.208499833200133	2.41289806968154	418.446	20.917	74489.29
0.317119746304203	3.02291758166593	404.493	25.828	97038.2
0.472269622184302	3.5987371210103	396.797	31.741	140756.06
0.713269429384456	4.12091670326664	411.346	39.376	271805.45
1.06896914482468	4.63175629459496	388.208	46.021	340103.73
1.59866872106502	5.22575581939534	422.399	58.006	477060.2
2.3463581229135	5.41043567165146	325.515	65.476	557823.08
3.5969471224423	7.22141422286862	560.235	86.472	655300.18
5.39506568394745	9.02645277883778	638.329	111.192	716581.56
8.05759355392516	11.2490910007272	686.203	151.53	741052.24
12.1357102914318	15.7795073763941	1002.784	222.194	723434.23
18.2048354361317	21.841902526478	1403.103	320.583	736768.36
27.3099481520415	30.9439552448358	1855.678	448.742	756699.63
37.3117201506239	40.9436672450662	2419.052	593.734	778498.49
47.3139521488383	50.9709192232646	3139.679	746.795	800971.62
57.3119941504047	60.952991237607	3409.003	868.9	823337.13
67.212366230107	70.0334439732448	3808.426	1008.225	844788.45
77.3065181547855	80.9511552390758	4583.028	1170.128	867332.89
87.3119801504159	90.9526672378662	5080.592	1304.353	889129
97.2127022298382	99.8610401111679	5454.792	1441.328	911438.24
