0.00104999916000067	0.0188999848800121	8.307	0.969	398.97
0.00179999856000115	0.0320399743680205	16.504	1.032	829.61
0.00304999756000195	0.0545399563680349	17.655	1.644	1155.8
0.00394999684000253	0.070379943696045	39.454	1.465	1594.14
0.00586999530400376	0.104219916624067	53.832	1.55	2290.74
0.00911999270400584	0.160199871840103	57.052	1.812	3684.01
0.0134099892720086	0.23363981308815	74.852	2.38	4973.03
0.0197299842160126	0.338759728992217	139.933	2.965	7346.67
0.0288399769280185	0.485999611200311	167.343	3.987	11668.91
0.0415799667360266	0.678779456976434	200.832	5.33	15502.96
0.0629199496640403	0.981539214768628	318.215	7.196	22911.8
0.0931199255040596	1.35773891380887	371.892	9.952	30101.89
0.141979886416091	1.86659850672119	450.947	13.281	47351.58
0.211259830992135	2.43287805369756	442.136	18.745	70923.9
0.316919746464203	3.03479757216194	390.265	22.987	101834.9
0.474889620088304	3.5969371224503	411.452	27.772	142365.03
0.711579430736455	4.12631669894664	369.662	35.512	192428.68
1.06516914786468	4.61267630985895	366.296	43.296	362333.12
1.59644872284102	5.20775583379533	459.958	52.865	463071.17
2.39785808171353	6.03827516937986	446.909	64.023	566413.69
3.5948471241223	7.24049420760463	529.869	81.014	650527.79
5.40049567960346	9.03473277221378	632.249	109.362	715083.44
8.09236352610918	11.7280706175435	794.463	148.759	741037.92
11.8074005540796	14.107668713865	822.077	199.551	721863.93
18.2087054330357	21.842622525902	1404.532	310.704	736640.23
27.3133881492895	30.9389152488678	1844.662	440.511	756643.15
37.3106001515199	40.9577072338342	2412.204	585.91	778029.58
47.3139121488703	50.9505792395366	2990.308	735.08	800833.01
57.3115641507487	60.964331228535	3553.048	891.173	822805.05
67.3110761511391	70.9527032378374	4025.044	1029.752	845705.91
77.3140481487615	80.9408952472838	4489.559	1167.439	866854.99
87.1999102400718	89.9462880429696	4999.189	1295.459	888887.42
97.1675122659902	99.7152402278078	5256.056	3181.265	911102.74
