0.0010899991280007	0.0196199843040126	8.998	1.504	375.17
0.00216999826400139	0.0388799688960249	31.223	1.657	742.92
0.00288999768800185	0.0516599586720331	20.716	1.874	1104.8
0.00430999655200276	0.076499938800049	39.291	2.071	1535.56
0.00560999551200359	0.0991799206560635	31.802	2.349	2379.94
0.00956999234400613	0.167759865792107	68.793	3.246	3764.63
0.0126399898880081	0.222299822160142	71.113	3.678	5395.37
0.0185099851920118	0.319679744256205	107.325	4.711	6150.31
0.0285999771200183	0.477539617968306	170.683	5.906	9420.96
0.042219966224027	0.685619451504439	253.104	7.704	16650.85
0.0634899492080406	0.987839209728632	288.148	10.226	24266.71
0.0946599242720606	1.37897889681688	329.532	12.804	33673.1
0.14025988779209	1.85057851953718	447.482	16.205	49449.57
0.206539834768132	2.32577813937749	367.846	19.926	66744.3
0.315589747528202	3.01715758627393	399.622	25.719	100765.96
0.477669617864306	3.61835710531432	402.318	31.504	145967.76
0.713999428800457	4.11497670801863	384.305	38.834	195276.4
1.06617914705668	4.62923629661096	389.178	48.283	371729.73
1.59553872356902	5.21621582702734	418.639	60.193	464145.54
2.39819808144153	6.02135518291585	424.361	68.772	559212.67
3.5965871227303	7.24949420040464	608.646	91.95	651906.7
5.39281568574745	9.01727278618177	657.313	120.98	721859.34
8.09444352444518	11.7316706146635	825.729	164.826	741060.62
12.1003303197357	15.2830677735458	1008.816	228.53	723458.17
18.2078554337157	21.856302514958	1347.359	335.582	736398.52
27.3198181441455	30.9576352338918	1924.616	486.925	756541.48
37.3137401490079	40.9573472341222	2472.88	635.056	778560.56
47.3100221519823	50.9566992346406	3157.665	798.989	800509.1
57.3091341526927	60.938231249415	3626.936	951.498	823065.33
67.3110461511631	70.9363232509414	4148.418	1106.424	845342.56
77.3130881495295	80.9435952451238	4614.008	1281.885	866847.09
87.3044601564319	90.9472672421862	5324.406	1404.316	889854.36
97.1653022677582	99.7078602337118	5593.26	1560.47	911083.14
