0.00102999917600066	0.0185399851680119	7.31	1.181	398.97
0.00204999836000131	0.0367199706240235	14.891	1.432	805.98
0.00302999757600194	0.0543599565120348	18.69	1.645	1273.39
0.00445999643200285	0.0782999373600501	31.828	1.951	1437.76
0.00590999527200378	0.104579916336067	36.04	2.393	2321.77
0.0090599927520058	0.158579873136102	53.45	2.903	3241.74
0.0128399897280082	0.225719819424144	67.318	3.592	5239.49
0.0184999852000118	0.320219743824205	115.195	4.769	7188.61
0.0276899778480177	0.4687196250243	177.743	6.077	11055.06
0.0414299668560265	0.676979458416433	243.728	7.378	15331.87
0.0607299514160389	0.941579246736603	265.121	9.205	21626.64
0.0950499239600608	1.37267890185688	333.64	13.187	35780.68
0.14115988707209	1.85525851579319	447.628	15.814	48732.35
0.210559831552135	2.43089805528156	412.913	20.967	69126.01
0.319009744792204	3.02597757921794	359.219	25.811	92829.65
0.474119620704303	3.58559713152229	354.954	31.526	124287.25
0.711639430688455	4.12397670081864	1103.354	36.618	272331.89
1.06298914960868	4.62959629632296	409.791	45.566	379402.92
1.60227871817703	5.22449582040334	433.861	56.534	452734.93
2.39824808140154	6.02405518075586	432.993	67.268	559474.21
3.60268711785031	7.24589420328464	518.426	87.239	661332.28
5.39562568349945	9.03599277120578	690.322	116.794	722728.94
8.09503352397318	11.7421106063115	824.361	156.245	741010.86
12.1380102895918	15.7710473831621	1018.265	224.734	723751.43
18.2074554340357	21.835242531806	1313.751	314.744	736669.46
27.3144281484575	30.9500752399398	1989.568	453.57	756629.43
37.3105701515439	40.9548272361382	2426.545	604.405	778070.06
47.3128621497103	50.9437392450086	3007.437	748.757	801050.76
57.3091841526527	60.941291246967	3485.119	910.341	822677.79
67.0000163999869	69.3292845365724	3849.393	1006.567	843634.81
77.3066181547055	80.9149752680198	4511.818	1174.198	867573.57
87.3055301555759	90.9499672400262	5101.704	1332.346	889734.08
97.1585522731582	99.7031802374558	5426.29	1462.592	911293.97
