0.00104999916000067	0.0188999848800121	8.275	1.142	426.72
0.00302999757600194	0.0539999568000346	48.252	1.679	1085.17
0.00594999524000381	0.105299915760067	35.952	2.32	2383.82
0.0122699901840079	0.215099827920138	67.837	3.601	5094.89
0.0190699847440122	0.32849973720021	110.117	5.072	6656.8
0.0276199779040177	0.467099626320299	180.551	5.64	11155.26
0.0632299494160405	0.982439214048629	272.157	8.948	23398.47
0.0933399253280597	1.36871890502488	364.006	12.857	34840.01
0.207099834320133	2.38283809372953	423.748	19.063	60852.88
0.317289746168203	3.02867757705794	366.948	25.653	102753.32
0.472959621632303	3.60215711827431	337.905	30.632	147479.48
0.707639433888453	4.10795671363463	365.017	37.789	195413.43
1.07090914327269	4.64849628120298	423.832	45.429	378100.77
2.40231807814554	6.05051515958787	465.359	69.759	573706.7
3.60250711799431	7.23365421307663	529.202	85.684	653219.41
5.36602570717943	8.64071308742953	971.065	112.738	717635.92
8.09486352410918	11.7151106279115	811.137	151.212	740963.68
27.3131881494495	30.9657352274118	1927.577	455.022	756465.98
37.3104301516559	40.9465472427622	2465.955	602.624	778216.12
47.3103721517023	50.9467992425606	2975.095	732.216	800898.01
57.3080641535487	60.944171244663	3526.445	885.49	822371.21
67.3072861541711	70.9532432374054	3976.862	1039.252	844899.21
77.3132781493775	80.9441352446918	4588.444	1187.26	866870.78
87.3090901527279	90.9440272447782	5302.08	1312.254	889876.28
