0.00085999931200055	0.0154799876160099	6.054	0.946	426.72
0.00204999836000131	0.0365399707680234	19.292	1.141	849.3
0.00305999755200196	0.0548999560800351	20.783	1.206	1183.25
0.00377999697600242	0.0676799458560433	30.84	1.29	1594.14
0.00610999511200391	0.108359913312069	39.88	1.499	2329.53
0.00913999268800585	0.161099871120103	79.64	1.996	3491.89
0.012439990048008	0.215459827632138	76.533	2.242	5007.31
0.018779984976012	0.322559741952206	103.259	2.887	7726.28
0.0278699777040178	0.472139622288302	166.852	3.83	11384.51
0.0423599661120271	0.695519443584445	201.438	5.464	14375.94
0.0613899508880393	0.951119239104609	239.921	7.092	21626.64
0.0941399246880602	1.36871890502488	330.303	10.274	33586.93
0.14060988751209	1.85129851896118	413.76	14.401	48732.35
0.206539834768132	2.32199814240149	387.657	16.817	66744.3
0.315369747704202	3.03299757360194	370.001	23.336	108360.95
0.471669622664302	3.5873971300823	419.199	28.662	151159.17
0.706869434504452	4.11173671061063	396.823	34.801	281408.97
1.06720914623268	4.63211629430696	410.01	44.411	377497.19
1.59527872377702	5.21999582400334	464.212	53.701	473591.28
2.40135807891354	6.02477518017986	456.617	62.938	559886.18
3.6013371189303	7.22267422186062	525.988	81.18	661918.81
5.39615568307545	9.03545277163778	641.962	107.383	722599.71
8.09515352387718	11.7557905953675	767.131	145.764	740885.49
12.1423402861278	15.7366674106661	1002.295	215.886	723652.7
18.2056754354596	21.853602517118	1463.302	313.599	736444.38
27.3130781495375	30.9419752464198	1884.305	443.983	756644.94
37.3102701517839	40.9487072410342	2622.637	591.629	779456.59
47.3099521520383	50.9439192448646	2954.23	727.149	801325.39
57.2250642199486	60.0853919316865	3362.029	858.043	822449.44
67.3070361543711	70.9608032313574	4044.358	1022.428	845358.44
77.2879081696735	80.6469554824356	4585.283	1173.483	867437.17
87.3135101491919	90.9420472463622	5168.443	2985.96	889419.32
97.2186622250702	99.8812000950399	5330.655	3184.023	911440.96
