0.00112999909600072	0.020339983728013	7.873	1.173	343.43
0.00179999856000115	0.0323999740800207	13.07	1.656	778.4
0.00339999728000218	0.0606599514720388	21.489	2.162	1167.57
0.00366999706400235	0.0656999474400421	22.59	1.801	1660.49
0.00604999516000387	0.107639913888069	35.436	2.344	2469.08
0.00904999276000579	0.159479872416102	51.324	2.834	3860.55
0.0136299890960087	0.237959809632152	87.201	3.842	5068.24
0.0190499847600122	0.329759736192211	99.949	4.67	7207.43
0.0278199777440178	0.470879623296301	164.349	5.713	9827.02
0.0413699669040265	0.674459460432432	184.778	7.5	17251.84
0.0626599498720401	0.972179222256622	319.418	9.408	20587.3
0.0947799241760607	1.37537889969688	304.995	12.452	30995.44
0.14021988782409	1.85633851492919	407.124	16.047	52127.5
0.212229830216136	2.41667806665755	398.289	19.292	73904.3
0.267429786056171	2.39633808292953	246.261	21.362	71809.24
0.428789656968274	3.00527759577792	257.048	27.726	135447.07
0.711079431136455	4.12001670398664	376.883	37.523	196672.96
1.06639914688068	4.62293630165096	385.964	46.478	342998.52
1.59776872178502	5.22233582213134	460.645	58.651	474035.24
2.40297807761754	6.04295516563587	501.709	70.485	573648.19
3.5952071238343	7.24103420717263	574.374	84.036	651160.66
5.39865568107546	9.03545277163778	645.388	112.506	719921.41
8.08800352959718	11.7340106127915	821.881	152.854	741068.32
12.1398402881278	15.7710473831621	1062.826	223.393	722905.18
18.2076854338517	21.852522517982	1367.124	316.234	736357.25
27.3127381498095	30.9533152373478	1877.12	459.885	756507.46
37.3134201492639	40.9564472348422	2486.155	604.674	778408.66
47.3094121524703	50.9487792409766	2965.218	754.669	800953.83
57.2924141660687	60.6181915054468	3337.963	888.029	822717.58
67.3073361541311	70.9509032392774	4039.425	1037.858	844900.91
77.3095181523855	80.9506152395078	4571.418	1190.601	866959.85
87.2973201621439	90.7426074059141	5059.953	1304.683	889145.61
97.0694423444461	99.4573004341596	5386.631	1458.099	910430.14
