0.0010999991200007	0.0197999841600127	7.572	1.144	406.9
0.0020299983760013	0.0365399707680234	17.191	1.229	841.43
0.00303999756800195	0.0543599565120348	17.65	1.281	1238.13
0.00394999684000253	0.0698399441280447	23.461	1.447	1535.56
0.00596999522400382	0.105299915760067	36.154	1.752	2294.62
0.00912999269600584	0.161639870688103	51.681	1.985	3545.71
0.0134799892160086	0.236159811072151	95.926	2.524	5083.47
0.0175499859600112	0.302939757648194	106.812	2.802	6792.65
0.0282999773600181	0.480599615520308	136.111	3.991	11140.46
0.0425099659920272	0.697679441856446	204.411	5.614	15291.82
0.0631899494480404	0.981179215056628	313.139	8.337	23182.07
0.0944699244240605	1.36439890848087	322.848	10.147	37033.5
0.142549885960091	1.8680385055692	397.26	13.594	53920.63
0.211709830632135	2.42045806363355	455.818	19.042	70483.33
0.3128197497442	3.00383759692992	364.732	23.192	106554.06
0.471739622608302	3.5936971250423	373.511	28.408	133361.24
0.712029430376456	4.13405669275465	391.074	35.068	285047.46
1.06524914780068	4.62725629819496	443.804	43.475	385039.61
1.59573872340902	5.22359582112334	399.116	56.258	465883.18
2.38296809362553	5.87159530272376	408.293	65.501	561945.04
3.5995971203223	7.22987421610063	535.565	86.715	653876.83
5.39098568721145	9.03167277466178	907.363	118.101	722272.57
8.09480352415718	11.7374306100555	800.653	157.687	740758.76
12.1387402890078	15.7701473838821	1090.044	230.307	722857.13
18.2077354338117	21.851622518702	1354.269	330.417	736564.79
27.3133181493455	30.9556552354758	1983.911	484.1	756541.92
36.9610504311597	39.2298886160891	2246.622	609.242	776894.67
47.3086821530543	50.9514792388166	3116.95	780.892	801058.49
57.3106741514607	60.963251229399	3652.742	938.055	823104.8
67.3109461512431	70.9582832333734	4199.342	1096.763	844892.36
77.3098381521295	80.9500752399398	4799.381	1253.966	866959.68
87.3048501561199	90.9488872408902	5338.604	3091.937	889827.72
97.0805523355581	99.4898804080957	5446.257	3261.802	910804.22
