0.00197999841600127	0.0352799717760226	18.871	1.455	746.86
0.00230999815200148	0.0410399671680263	18.951	1.489	256.01
0.00396999682400254	0.0705599435520452	32.562	1.753	1437.76
0.00580999535200372	0.103859916912066	44.358	2.308	2472.95
0.0130599895520084	0.227879817696146	108.498	3.617	5239.49
0.0277399778080178	0.464039628768297	203.972	5.372	9420.96
0.040659967472026	0.662579469936424	265.918	7.185	14664.43
0.0635399491680407	0.991979206416635	371.317	9.223	24362.22
0.0939499248400601	1.36169891064087	434.378	12.498	36167.73
0.209669832264134	2.41901806478555	564.443	19.9	71888.14
0.3127197498242	3.01823758540993	480.492	23.422	100321.08
0.470519623584301	3.58289713368229	468.073	28.949	149801.62
0.709689432248454	4.12505669995464	457.005	35.588	191249.47
1.07007914393668	4.64165628667497	495.165	42.255	355186.64
1.59883872092902	5.22953581637135	550.675	53.816	474618.45
2.40000807999354	6.05141515886787	556.122	64.07	556038.04
5.39136568690745	9.03905276875778	775.856	110.055	717073.74
12.1446902842478	15.7739273808581	1133.549	212.217	723708.74
18.0417755665795	20.6413034869572	1262.928	293.769	736107.92
37.3034001572799	40.8702273038182	2498.955	577.811	778546.77
47.3087121530303	50.9446392442886	3130.283	710.027	801373.94
57.3133141493487	60.936791250567	3707.694	859.781	823468.1
67.3082861533711	70.9516232387014	4309.295	1000.632	844914.17
87.0863603309117	89.5502883597693	5143.229	1251.27	888151.63
97.1997722401822	99.8218001425599	5729.562	1423.902	911430.11
