0.00113999908800073	0.020339983728013	10.551	1.299	434.64
0.00205999835200132	0.0367199706240235	17.207	1.484	742.92
0.00291999766400187	0.0523799580960335	31.652	1.928	1096.95
0.00420999663200269	0.0752399398080481	35.684	2.062	1664.4
0.00610999511200391	0.108179913456069	48.875	2.486	2329.53
0.00851999318400545	0.150119879904096	69.939	2.874	3449.58
0.0129599896320083	0.226799818560145	104.135	4.236	4595.47
0.0189899848080122	0.326879738496209	148.026	4.64	6834.14
0.0267499786000171	0.447299642160286	231.629	5.565	10362.06
0.0419299664560268	0.682019454384436	259.705	7.669	16832.02
0.0626699498640401	0.974159220672624	377.557	9.038	20937.7
0.0940299247760602	1.36835890531288	549.1	12.018	32920.61
0.141659886672091	1.86371850902519	540.264	15.372	44720.7
0.211929830456136	2.43719805024156	562.75	18.987	70923.9
0.318549745160204	3.04055756755395	531.168	24.956	98947.29
0.350989719208225	2.44025804779356	247.373	21.2	35228
0.708209433432453	4.10219671824263	513.608	35.959	283609.2
1.06622914701668	4.64669628264297	468.623	45.906	367517.65
1.59549872360102	5.18255585395532	504.089	56.123	463101.79
2.38810808951353	6.03377517297986	543.556	68.24	569192.69
3.5990471207623	7.25183419853264	612.105	85.475	648203.46
5.39455568435545	9.03779276976578	698.684	113.234	715319.03
8.09269352584518	11.7347306122155	929.249	158.021	740852.82
12.1484702812238	15.7820273743781	1186.452	228.838	723716.98
18.2075954339237	21.845502523598	1550.445	328.856	736777.77
27.3082681533855	30.9354952516038	2097.097	477.006	756950.25
37.3139401488479	40.9515872387302	2660.205	623.546	778544.91
47.3125021499983	50.9529192376646	3216.976	767.747	800574.93
57.3106241515007	60.949751240199	3677.18	930.25	822089.13
67.3115761507391	70.9609832312134	4468.305	1108.785	844891.58
77.3086281530975	80.9522352382118	4904.822	1227.716	867042.42
87.2546001963198	90.2684877852098	5419.557	1364.924	889153.06
97.2038922368862	99.8203601437119	5856.46	1508.61	911429.62
