0.00123999900800079	0.0223199821440143	10.626	1.106	442.57
0.00184999852000118	0.0329399736480211	14.52	1.186	742.92
0.00317999745600204	0.0565199547840362	46.241	1.335	1069.47
0.00382999693600245	0.0676799458560433	31.589	1.639	1676.1
0.00585999531200375	0.104579916336067	51.093	1.617	2290.74
0.00932999253600597	0.163439869248105	67.585	1.965	3449.58
0.0130499895600084	0.228959816832147	99.807	2.29	5353.57
0.0189499848400121	0.321659742672206	181.662	2.947	2279.1
0.0194699844240125	0.333179733456213	191.042	3.075	6573.74
0.0398699681040255	0.645299483760413	239.651	5.12	14664.43
0.0637299490160408	0.989819208144634	548.497	7.213	22911.8
0.0941799246560603	1.37033890372888	477.224	9.669	33407.66
0.131749894600084	1.70027863977709	491.478	11.776	46150.11
0.208519833184133	2.39363808508953	596.359	16.154	67111.03
0.317819745744203	3.04055756755395	485.684	21.538	110754.89
0.447869641704287	3.21137743089806	320.615	24.307	135447.07
0.712949429640456	4.12775669779464	444.416	32.335	282276.28
1.06958914432868	4.64507628393897	469.679	40.775	344040.25
1.60088871928902	5.23277581377935	489.655	51.633	448265.04
2.39860808111354	6.04061516750787	560.989	62.708	572023.62
3.5949571240343	7.24751420198864	636.756	83.891	649927.67
5.39766568186745	9.02645277883778	721.626	108.368	718986.92
8.09475352419718	11.7440906047275	1078.407	151.991	741011.11
12.1395202883838	15.7822073742341	1167.871	223.005	723458.82
18.2055654355477	21.851082519134	1526.305	322.494	736437.66
27.3149881480095	30.9457552433958	2022.834	460.351	756361.94
37.3148501481199	40.9550072359942	2667.972	617.563	779262.66
47.3071021543183	50.9469792424166	3145.029	782.477	800875.22
57.3135341491727	60.953531237175	3869.051	990.17	823312.2
67.3167561465951	70.9456832434534	4370.014	1073.911	844779.69
77.3106281514975	80.9506152395078	4907.741	1210.282	867115.89
87.3116101507119	90.9541072367142	5580.762	2306.596	889266.54
97.1746022603182	99.7350402119678	5948.617	2434.865	911171.66
