0.00110999911200071	0.0199799840160128	12.057	1	391.04
0.00206999834400132	0.0370799703360237	18.967	1.27	782.34
0.00269999784000173	0.0485999611200311	20.708	1.136	1171.49
0.00391999686400251	0.0701999438400449	29.906	1.24	1656.59
0.00635999491200407	0.111239911008071	68.817	1.624	2523.3
0.00856999314400548	0.150839879328097	62.749	1.73	3764.63
0.0134699892240086	0.23471981222415	115.296	2.331	4870.14
0.0193799844960124	0.336059731152215	142.83	2.881	8011.47
0.0280199775840179	0.471239623008302	192.731	3.571	10514.17
0.0415199667840266	0.681479454816436	269.706	4.967	16650.85
0.0623099501520399	0.975959219232625	338.639	6.525	25248.69
0.0892099286320571	1.27997897601682	460.994	8.756	31605.76
0.141469886824091	1.85849851320119	877.579	13.441	47301.62
0.208059833552133	2.40245807803354	620.273	15.747	70483.33
0.318889744888204	3.03551757158594	535.362	21.185	100867.2
0.473629621096303	3.6001771198583	468.174	26.102	138266.82
0.710769431384455	4.12163670269064	464.689	32.002	282981.85
1.06630914695268	4.62635629891496	455.049	39.387	363819.52
1.60023871980902	5.22341582126734	506.235	50.044	474695.12
2.39519808384153	6.03215517427586	559.363	60.881	572175.64
3.60369711704231	7.24445420443664	599.913	78.365	661530.8
5.39590568327545	9.04193276645379	733.132	114.194	718208.87
8.09143352685318	11.7188906248875	910.761	143.491	740975.66
12.1435002851998	15.7780673775461	1132.966	210.961	723264.63
18.2087254330197	21.830922535262	1621.717	304.443	736736.14
27.3119381504495	30.9549352360518	1945.096	429.863	756065.49
37.3093701525039	40.9586072331142	2596.525	580.453	778361.85
47.3087521529983	50.9280792575366	3213.545	708.648	801145.9
57.3086941530447	60.962351230119	3754.887	850.277	823481.92
67.3080461535631	70.9606232315014	4311.592	1000.709	845819.68
77.3168681465055	80.9615952307238	4776.872	1152.365	867347.49
87.1508802792958	89.7738481809215	5317.672	1265.298	889135.27
96.9917124066301	99.2805405755675	5705.73	2364.812	910390.92
