0.00123999900800079	0.0221399822880142	12.655	0.931	375.17
0.00205999835200132	0.0370799703360237	17.412	1.119	746.86
0.00285999771200183	0.0511199591040327	46.447	1.268	1171.49
0.00362999709600232	0.0646199483040414	28.156	1.414	1664.4
0.00588999528800377	0.104759916192067	53.77	1.533	2084.93
0.00938999248800601	0.164879868096106	75.121	1.759	3680.17
0.0132499894000085	0.231119815104148	117.689	2.167	4534.37
0.0181799854560116	0.314279748576201	134.868	2.925	6150.31
0.0280399775680179	0.474119620704303	237.776	3.536	10514.17
0.0417699665840267	0.682379454096437	270.569	5.077	15331.87
0.0629499496400403	0.978119217504626	430.256	6.718	23363
0.0936499250800599	1.35539891568087	455.073	9.284	33373.18
0.138969888824089	1.82231854214517	532.937	11.751	48732.35
0.211149831080135	2.42819805744155	581.712	16.797	66208.1
0.314909748072202	3.01661758670593	492.262	20.733	105556.79
0.473099621520303	3.57767713785829	503.874	26.16	146191.81
0.544099564720348	2.8132177494258	274.228	22.88	80932.74
1.06797914561668	4.63823628941097	510.133	41.2	379416.18
1.60319871744103	5.22269582184334	487.675	51.101	452569.36
2.40168807864954	6.04007516793987	507.606	60.212	554111.59
3.5953371237303	7.23131421494863	595.58	77.284	650355.15
5.39566568346745	9.04211276630979	767.774	106.46	718914.82
8.09056352754918	11.7212306230155	889.534	143.515	740973.74
12.1381502894798	15.7809473752421	1186.881	216.41	723031.85
18.2116454306837	21.838122529502	1523.357	304.713	736235.41
27.3130981495215	30.9583552333158	2077.716	429.9	756147.27
37.3112901509679	40.9512272390182	2564.354	575.179	779255.02
47.3095221523823	50.9467992425606	3152.924	704.207	800767.66
57.3092341526127	60.946331242935	3782.936	855.868	823288.56
67.3166461466831	70.9419032464774	4312.953	993.702	845180.35
77.3085181531855	80.9515152387878	4963.991	1134.704	867348.44
87.3123501501199	90.9456472434822	5410.524	2217.939	889223.22
97.2065222347822	99.8282801373759	5543.263	2361.881	911464.68
