0.000979999216000627	0.0176399858880113	8.921	0.905	406.9
0.00201999838400129	0.0363599709120233	16.68	1.163	837.49
0.00286999770400184	0.0512999589600328	22.737	1.21	1265.56
0.00411999670400264	0.073439941248047	31.43	1.205	1676.1
0.00591999526400379	0.105479915616068	47.972	1.486	2527.17
0.00929999256000595	0.163979868816105	80.921	1.928	3164.69
0.0133199893440085	0.232199814240149	110.016	2.6	4961.6
0.0185799851360119	0.318059745552204	166.042	2.836	7166.02
0.025069979944016	0.420119663904269	199.753	3.51	9908.87
0.0436399650880279	0.707579433936453	311.412	5.174	15873.85
0.0623499501200399	0.96947922441662	357.501	6.429	24295
0.0949299240560608	1.37465890027288	497.997	9.394	35440.71
0.117119906304075	1.50011879990496	449.411	10.529	22698.61
0.192609845912123	1.77191858246513	300.266	12.44	24025.62
0.210569831544135	2.42873805700955	545.78	16.493	70318.73
0.474709620232304	3.5962171230263	469.407	26.496	131629.49
0.709659432272454	4.12379670096264	490.501	32.198	290971.06
1.06792914565668	4.63985628811497	447.896	42.135	364659.43
1.49759880192096	4.28813656949074	318.674	41.351	440285.94
2.39613808308953	6.02297518161985	587.95	60.82	576851.85
3.5959971232023	7.22915421667663	666.289	77.933	658313.55
5.39611568310745	9.03527277178178	728.197	105.369	723496.56
8.09187352650118	11.7325706139435	908.596	142.031	740506.7
12.1395302883758	15.7760873791301	1215.515	214.115	723291.57
18.2105354315717	21.86026251179	1539.659	301.665	736140.42
27.3070181543855	30.9412552469958	2767.33	430.599	756570.58
37.3151801478559	40.9517672385862	2605.82	570.44	779262.14
46.917522465982	49.1462606829915	2929.027	694.592	798440.62
57.3110541511567	60.946871242503	3725.743	844.59	823015.33
67.3120061503951	70.9570232343814	4272.254	1002.343	845711.9
77.3063081549535	80.8602553117958	4846.478	1128.309	866898.06
87.3133801492959	90.9600472319622	6308.326	2194.542	889200.68
97.2283622173102	99.9094600724319	5602.426	2355.19	911462.7
