0.00207999833600133	0.0372599701920238	17.262	1.714	790.22
0.00283999772800182	0.0503999596800323	36.648	1.587	1159.72
0.00383999692800246	0.0680399455680435	50.51	2.178	1559
0.00903999276800579	0.158939872848102	66.728	2.872	3733.92
0.0189199848640121	0.326879738496209	151.126	5.012	7643.65
0.0622099502320398	0.96803922556862	419.25	9.491	21758.98
0.0945299243760605	1.37213890228888	455.26	11.489	33259.38
0.141539886768091	1.85723851420919	529.667	15.303	51233.85
0.210519831584135	2.41055807155354	532.685	18.525	67449.57
0.311079751136199	2.9615376307699	485.928	23.079	100694.5
0.477909617672306	3.5972971221623	413.741	28.612	143377.85
0.710559431552455	4.12829669736264	490.863	35.841	282074.36
1.06684914652068	4.64093628725097	457.887	41.834	355799.67
1.59916872066502	5.22683581853135	521.719	52.307	474447.13
2.39909808072154	6.04421516462787	528.342	64.296	572992.37
3.5971671222663	7.21439422848462	651.322	80.993	653023.71
5.39393568485145	9.01655278675777	776.716	107.606	719711.36
12.1353402917278	15.7845473723621	1070.138	213.315	723749.52
18.2087854329717	21.846402522878	1524.984	309.98	736325.92
37.3086101531119	40.9467272426182	2608.186	580.826	779481.77
47.3091621526703	50.9478792416966	3178.765	718.346	801124.68
57.3093241525407	60.947591241927	3737.034	870.919	822941.11
77.2957781633775	80.7448754040997	4767.455	1134.902	866806.37
87.3123601501119	90.9631072295142	5428.532	1282.728	889224.73
97.2184822252142	99.8705801035359	5753.006	1417.129	911479.9
