0.00104999916000067	0.0188999848800121	26.056	1.113	398.97
0.00201999838400129	0.0363599709120233	16.153	1.229	782.34
0.00289999768000186	0.0516599586720331	27.213	1.397	1171.49
0.00402999677600258	0.0709199432640454	35.766	1.424	1531.66
0.0060899951280039	0.107639913888069	49.324	1.819	2150.99
0.00910999271200583	0.160019871984102	74.067	1.888	3464.97
0.0129999896000083	0.226619818704145	94.536	2.377	5395.37
0.0190299847760122	0.325079739936208	133.705	3.019	7188.61
0.0282799773760181	0.475019619984304	206.462	3.953	10577.21
0.0357799713760229	0.554939556048355	216.01	4.412	5049.21
0.0424099660720271	0.688679449056441	272.169	5.311	15226.27
0.0939199248640601	1.36565890747287	425.852	10.102	37033.5
0.13993988804809	1.84913852068918	527.292	12.689	49727.9
0.212279830176136	2.43593805124956	585.273	17.59	73332.06
0.313329749336201	3.00329759736192	502.823	21.391	105022.53
0.474359620512304	3.6005371195703	442.605	27.016	131629.49
0.712109430312456	4.11767670585863	479.432	32.896	272331.89
1.06607914713668	4.65641627486698	464.271	40.978	360060.65
1.59894872084102	5.22215582227534	506.18	52.685	446447.54
2.39368808504953	5.98949520840383	540.441	63.929	562643.14
3.5991371206903	7.24031420774863	594.479	83.088	646407.28
5.39434568452345	9.01385278891777	720.934	107.588	719727.32
8.08743353005318	11.7104306316555	873.36	151.307	741050.67
12.1389502888398	15.7607873913701	1159.057	220.973	723275.61
18.2077054338357	21.84046252763	1462.152	323.049	736170.43
27.1805382555694	29.8691761046591	1904.938	454.639	756047.98
37.3108701513039	40.9591472326822	2703.914	614.131	778569.74
47.3144021484783	50.9538192369446	3189.027	760.084	800487.19
57.3111941510447	60.949031240775	3852.97	923.805	822975.73
67.2966361626911	70.7293234165413	4325.747	1111.101	845906.85
77.3124581500335	80.9430552455558	5036.33	1226.906	866815.4
87.3086501530799	90.8965072827942	5520.247	2280.427	889141.89
97.1899522480382	99.7737401810079	5746.168	2468.55	911287.46
