0.00102999917600066	0.0185399851680119	9.372	1.282	395
0.00216999826400139	0.0386999690400248	30.629	1.47	782.34
0.00310999751200199	0.0557999553600357	24.801	1.65	1238.13
0.00387999689600248	0.0696599442720446	54.774	1.865	1574.62
0.00633999492800406	0.112499910000072	50.577	2.366	2329.53
0.00903999276800579	0.160559871552103	87.846	2.912	3411.12
0.0128599897120082	0.224819820144144	113.764	4.32	4870.14
0.0190999847200122	0.330479735616212	158.79	5.131	6736.06
0.0280199775840179	0.475379619696304	193.625	5.783	11055.06
0.0417399666080267	0.685259451792439	318.506	7.658	15550.26
0.0637199490240408	0.991979206416635	352.586	9.981	23064.92
0.0929299256560595	1.34945892043286	469.143	12.356	35440.71
0.14066988746409	1.84949852040118	516.283	14.854	46413.92
0.210429831656135	2.43359805312156	635.834	18.361	71888.14
0.316739746608203	3.02651757878594	536.596	25.081	98947.29
0.471629622696302	3.5971171223063	548.657	29.563	129751.27
0.708609433112454	4.14161668670665	445.376	36.256	188539.04
1.06435914851268	4.64399628480297	444.01	42.78	364833.97
1.59854872116102	5.22071582342734	536.033	53.732	466187.83
2.39806808154553	6.03287517369986	566.507	65.794	556150.01
3.5970471223623	7.23995420803663	639.057	83.475	657819.47
5.39069568744345	9.00863279309377	762.427	109.327	715624.87
8.09142352686118	11.7561505950795	1345.276	149.454	740955.12
12.1392502885998	15.7827473738021	1149.61	215.515	723820.97
18.2044254364597	21.82696253843	1509.018	310.443	736799.96
27.3108281513375	30.9367552505958	2025.894	442.444	756766.11
37.3142101486319	40.9551872358502	2575.12	582.103	778457.05
47.3126421498863	50.9548992360806	3354.154	720.605	800447.95
57.3133241493407	60.945431243655	3708.078	858.77	822702.46
67.3082861533711	70.9512632389894	4370.909	1003.671	845350.23
77.3099081520735	80.9437752449798	4849.445	1128.587	867114.86
87.3162001470399	90.9393472485222	5369.692	1298.461	889121.55
97.1667622665902	99.7118202305438	5906.091	1415.271	911098.88
