0.00120999903200077	0.0215999827200138	10.63	1.034	398.97
0.00215999827200138	0.0381599694720244	17.45	1.104	746.86
0.00318999744800204	0.0566999546400363	30.928	1.215	1308.64
0.00393999684800252	0.0700199439840448	30.979	1.269	1473.04
0.00583999532800374	0.103499917200066	85.215	1.499	2372.19
0.0092199926240059	0.162719869824104	68.175	1.79	3541.86
0.0130799895360084	0.228059817552146	93.01	2.175	5068.24
0.018719985024012	0.324179740656207	150.385	2.636	7677.46
0.0274899780080176	0.465299627760298	190.17	3.58	11388.21
0.0419699664240269	0.688499449200441	366.901	5.161	15502.96
0.0619599504320397	0.961379230896615	383.087	6.559	23341.72
0.0940299247760602	1.36295890963287	463.859	9.407	28710.6
0.138889888888089	1.83185853451317	498.946	12.651	41992.2
0.211309830952135	2.43683805052956	530.439	16.947	74407.66
0.318339745328204	3.04397756481795	521.394	21.137	98947.29
0.476359618912305	3.60323711741031	432.349	26.147	141399.93
0.709739432208454	4.12937669649864	524.89	32.363	272428.61
1.06534914772068	4.63283629373097	469.585	41.244	371958.64
1.60085871931302	5.22143582285134	560.772	50.961	472169.04
2.39705808235353	6.04043516765187	607.032	62.022	572103.99
3.5986171211063	7.23023421581263	654.825	77.262	652308.37
5.39294568564345	9.01259278992577	741.621	103.689	715590.65
7.98454361236511	10.7537313970149	726.01	136.12	741096.03
12.1384502892398	15.7793273765381	1089.17	205.75	723686.66
18.2097754321797	21.841722526622	1545.181	305.062	736743.8
27.3131181495055	30.9529552376358	2068.35	433.723	756699.69
37.3090501527599	40.9447472442022	2566.607	573.756	778336.04
47.3104921516063	50.9493192405446	3191.789	714.504	800944.18
57.3109441512447	60.948491241207	3761.967	861.158	823443.73
67.3122061502351	70.9545032363974	4316.376	988.638	844803.89
77.3114081508735	80.9599752320198	4822.268	1150.044	866922.7
87.2560501951598	90.3327477338018	5440.248	2152.495	889522.32
97.0772423382061	99.4778204177437	5644.585	2355.352	910478.33
