0.000549999560000352	0.00971999222400622	5.463	0.882	92.58
0.00210999831200135	0.0377999697600242	16.94	1.038	782.34
0.00292999765600188	0.0523799580960335	42.797	1.268	1147.96
0.00398999680800255	0.0712799429760456	35.06	1.25	1555.09
0.00565999547200362	0.100079919936064	44.761	1.716	2150.99
0.00918999264800588	0.161459870832103	119.709	2.051	3241.74
0.0123599901120079	0.214199828640137	119.583	2.072	4904.45
0.0180899855280116	0.3128397497282	130.891	2.592	7207.43
0.0283499773200181	0.479699616240307	198.88	3.723	10758.85
0.0416199667040266	0.676439458848433	263.214	4.941	14193.21
0.06256994994404	0.977759217792626	396.753	6.785	24531.91
0.0948899240880607	1.38311889350489	496.536	9.882	35399.53
0.142329886136091	1.86065851147319	497.234	12.422	53920.63
0.179259856592115	1.66859866512107	276.1	11.939	24025.62
0.211879830496136	2.43269805384156	570.016	17.091	70768.93
0.473339621328303	3.5904571276343	469.258	25.594	151602.88
0.713009429592456	4.12271670182664	492.885	31.847	173797.76
1.06771914582468	4.64039628768297	501.236	41.438	372907.55
1.60034871972102	5.22521581982734	555.28	49.963	472961.05
2.40461807630554	6.03953516837187	546.02	62.165	559399.08
3.60378711697031	7.24715420227664	617.028	78.077	653781.01
5.39525568379545	9.03329277336578	921.863	103.443	721068.16
8.08837352930118	11.7325706139435	912.593	143.508	741068.05
12.1375602899518	15.7922873661701	1135.855	209.344	723105.72
18.2070554343557	21.846222523022	1566.115	305.107	736121.89
27.3118381505295	30.9140752687398	2099.647	433.906	756597.9
37.3100501519599	40.9348472521222	2612.123	564.658	778505.32
47.3096621522703	50.9520192383846	3220.26	713.926	800993.71
57.3121641502687	60.953711237031	3660.216	854.81	822909.82
67.3107561513951	70.9402832477734	4329.787	997.017	845123.8
76.9917484066013	79.3250365399708	4680.558	1110.402	864778.38
87.0901703278637	89.5785483371613	5342.44	1254.504	888766.53
97.2264522188382	99.9046000763199	5627.959	2344.755	911469.64
