0.000929999256000595	0.0167399866080107	25.27	1.283	363.27
0.00196999842400126	0.0350999719200225	16.801	1.593	778.4
0.00309999752000198	0.0552599557920354	24.264	1.781	1171.49
0.00377999697600242	0.0667799465760427	28.691	1.912	1562.91
0.00642999485600412	0.113039909568072	47.738	2.464	1983.84
0.00909999272000582	0.160739871408103	102.532	3.096	3764.63
0.0135399891680087	0.235439811648151	104.636	3.849	5334.56
0.0186499850800119	0.322739741808207	139.121	4.627	7380.52
0.0272899781680175	0.461519630784295	184.091	6.116	8977.09
0.0412199670240264	0.67229946216043	272.463	7.621	15521.15
0.0628599497120402	0.979379216496627	359.138	9.117	22911.8
0.0935199251840599	1.35899891280087	479.921	11.939	32920.61
0.14107988713609	1.86641850686519	568.512	15.184	52127.5
0.212769829784136	2.44421804462556	517.818	19.779	69126.01
0.313859748912201	3.00149759880192	521.346	24.218	106265.42
0.475699619440304	3.5990971207223	475.5	30.278	148222.93
0.711699430640455	4.12901669678664	528.354	36.451	284045.8
0.999199200640639	3.87791689766648	327.52	38.568	351666.42
1.60208871832903	5.22233582213134	527.82	57.298	452898.33
2.39813808148954	6.03215517427586	577.845	68.861	563372.06
3.5989371208503	7.25939419248465	636.024	85.466	645625.96
5.39784568172345	9.04049276760579	737.756	112.369	720288.83
8.09295352563718	11.7250106199915	940.08	158.922	740977.12
12.1385602891518	15.7775273779781	1145.612	226.086	723686.44
18.2097454322037	21.851622518702	1585.51	331.957	736534.02
27.3196681442655	30.9684352252518	2055.56	468.671	756547.14
37.3097501521999	40.9548272361382	2615.34	629.691	779440
47.3134821492143	50.9559792352166	3168.844	790.507	800606.28
57.3143841484927	60.945791243367	3868.673	928.193	822086.97
67.3108161513471	70.9528832376934	4459.917	1076.509	844899.48
77.3080081535935	80.9410752471398	4992.018	1232.087	867114.64
87.3111801510559	90.9571672342662	5502.826	1371.879	889258.47
97.2071922342462	99.8297201362239	5714.4	1505.894	911471.73
