0.00106999914400068	0.0192599845920123	10.805	1.268	398.97
0.00201999838400129	0.0358199713440229	20.373	1.243	746.86
0.0029699976240019	0.0534599572320342	23.844	1.332	1171.49
0.00373999700800239	0.0669599464320429	30.586	1.425	1683.9
0.00601999518400385	0.106739914608068	44.544	1.612	2527.17
0.00912999269600584	0.160379871696103	72.106	1.889	2960.28
0.0129199896640083	0.225179819856144	89.693	2.256	4893.01
0.0190299847760122	0.326699738640209	161.343	2.825	7812.62
0.028129977496018	0.469799624160301	205.695	3.746	10491.91
0.0412599669920264	0.670679463456429	257.536	5.302	16832.02
0.06251994998404	0.96911922470462	383.5	6.733	22918.9
0.0947699241840606	1.38167889465688	471.789	9.588	33455.95
0.14101988718409	1.85093851924918	549.436	12.533	52127.5
0.212269830184136	2.43269805384156	539.223	17.242	70530.81
0.313699749040201	3.02291758166593	477.866	21.646	103464.73
0.475099619920304	3.61763710589032	440.355	27.303	133096.92
0.712169430264456	4.14035668771465	436.855	33.433	284086.69
1.06781914574468	4.63157629473896	511.738	40.791	376230.94
1.60184871852103	5.24717580225936	556.165	52.176	466173.65
2.40240807807354	6.04223516621187	532.842	64.025	558623.58
3.6000271199783	7.22681421854863	641.675	81.001	653517.82
5.39901568078746	9.03113277509378	701.911	110.583	717456.53
8.09064352748518	11.7284306172555	941.18	160.802	741085.22
12.1407802873758	15.7750073799941	1260.215	221.973	723056.65
18.2069854344117	21.847482522014	1587.874	320.777	736686.64
27.3086181531055	30.9311752550598	2019.52	465.259	756937.25
37.3087201530239	40.9409672472262	2579.096	615.223	778021.47
47.3137121490303	50.9286192571046	3253.258	760.484	800713.77
57.3102241518207	60.958571233143	3692.028	893.513	822718.82
67.3101961518431	70.9554032356774	4346.13	1078.939	845239.56
77.3102381518095	80.9507952393638	4987.774	1257.143	866936.47
87.3136501490799	90.9584272332582	5613.72	2279.879	889200.33
97.0178823856941	99.3376005299196	5746.925	2446.724	910505.98
