0.00113999908800073	0.0205199835840131	9.915	1.158	379.14
0.00182999853600117	0.032759973792021	15.041	1.173	857.18
0.003129997496002	0.0563399549280361	24.595	1.315	1198.94
0.00388999688800249	0.0696599442720446	30.562	1.431	1648.79
0.00602999517600386	0.106919914464068	47.489	1.592	2294.62
0.00909999272000582	0.159479872416102	89.316	1.945	3106.87
0.0137199890240088	0.239579808336153	108.961	2.382	4976.84
0.0194099844720124	0.334799732160214	132.981	3.084	6736.06
0.028149977480018	0.478259617392306	199.615	3.949	10714.38
0.0433099653520277	0.704339436528451	266.388	5.225	17251.84
0.0590199527840378	0.92159926272059	364.195	6.642	21626.64
0.09372992501606	1.36133891092887	473.503	9.721	33373.18
0.141549886760091	1.86479850816119	590.049	12.622	52681.3
0.210369831704135	2.43359805312156	546.36	17.312	65913.37
0.315419747664202	3.01913758468993	456.704	21.814	102999.46
0.477559617952306	3.61241711006631	471.496	27.825	155806.17
0.712519429984456	4.12721669822664	530.298	33.332	191462.82
1.07120914303269	4.64345628523497	492.35	41.667	374989.46
1.60425871659303	5.23871580902735	595.169	52.154	451455.09
2.39719808224153	6.03881516894787	600.413	63.027	564653.62
3.6003571197143	7.23329421336463	659.114	82.195	652698.37
5.39889568088345	9.05093275925379	729.811	109.497	714389.36
8.09198352641318	11.7358106113515	877.016	152.342	740904.07
12.0085603931517	14.7117482306014	936.331	213.42	722969.74
18.2111154311077	21.860802511358	1504.717	317.702	736607.29
27.3057981553615	30.9500752399398	2105.71	465.953	756581.01
37.3108501513199	40.9537472370022	2636.861	612.31	778521.3
47.3121321502943	50.9507592393926	3241.456	768.262	800250.68
57.1988242409406	59.9559720352224	4394.728	906.16	822223.97
67.168496265203	69.8556041155167	4288.889	1057.643	845639.88
77.3139581488335	80.9437752449798	5077.384	1226.976	866863.26
87.2251402198878	90.0746279402976	5218.355	2159.527	889112.49
97.0626423498861	99.4418204465436	5875.229	2477.4	910714.19
