0.000959999232000614	0.0172799861760111	10.53	1.43	398.97
0.00178999856800115	0.0322199742240206	32.783	1.436	782.34
0.00404999676000259	0.0723599421120463	36.147	2.059	1598.05
0.0057799953760037	0.101519918784065	44.94	2.471	2193.71
0.00919999264000589	0.161999870400104	69.176	2.864	3491.89
0.012519989984008	0.216719826624139	105.254	3.571	4648.92
0.0189599848320121	0.32831973734421	147.216	5.199	6573.74
0.0268199785440172	0.452339638128289	186.199	6.321	10714.38
0.0407799673760261	0.662759469792424	272.129	6.96	16654.48
0.0628399497280402	0.978839216928626	423.881	8.891	22542.21
0.0938499249200601	1.36403890876887	414.65	11.628	33673.1
0.315759747392202	3.02561757950594	477.902	24.187	93909.2
1.06945914443268	4.63157629473896	452.501	42.895	360123.5
1.60168871864903	5.23043581565135	507.403	54.485	454552.51
2.37654809876152	5.73245541403567	433.445	62.502	560315.89
3.5978671217063	7.24445420443664	615.335	83.007	645943.99
5.39808568153145	9.03509277192578	726.545	110.157	720117.14
8.09501352398918	11.7491306006955	940.2	148.822	740761.64
12.1379802896158	15.7863473709221	1149.471	213.675	723282.25
18.2086154331077	21.845682523454	1478.929	311.075	736487.53
27.3126081499135	30.9558352353318	2053.517	439.268	756703.5
37.3162801469759	40.9677872257702	2533.316	577.579	778216.54
47.3081221535023	50.9527392378086	3108.405	713.415	800760.38
67.3108961512831	70.9480232415814	4367.965	1038.006	845698.39
77.3119481504415	80.9520552383558	4871.089	1141.577	867051.38
87.3074501540399	90.8860672911462	5355.754	1280.67	889142.84
97.2200622239502	99.8770600983519	5811.961	1416.148	911479.29
