0.00294999764000189	0.0525599579520336	24.009	1.676	1049.84
0.00578999536800371	0.102419918064066	48.392	2.532	2379.94
0.00919999264000589	0.162539869968104	101.811	3.088	3203.22
0.0284499772400182	0.474299620560304	196.481	6.389	10714.38
0.0424999660000272	0.691379446896442	290.894	6.899	15291.82
0.0636699490640407	0.989819208144634	381.61	9.405	21202.04
0.0933399253280597	1.35719891424087	430.256	12.702	31342.34
0.211509830792135	2.42729805816155	585.577	18.412	65497.76
0.314499748400201	3.01409758872193	481.087	23.926	99562.52
0.464949628040298	3.4412372470102	362.394	28.834	138987.22
0.713489429208457	4.13009669592264	477.799	35.885	189400.37
1.06437914849668	4.61897630481896	451.879	41.866	372818.38
2.39637808289753	6.04349516520387	574.538	64.412	559236.8
3.5968771224983	7.23329421336463	643.646	82.737	654360.55
5.39401568478745	9.03887276890178	745.446	110.241	722955.74
8.09228352617318	11.7295106163915	931.951	149.391	740509.04
12.1433202853438	15.7683473853221	1158.499	216.928	723685.63
27.3137281490175	30.9614152308678	2004.54	432.833	756452.77
37.3127001498399	40.9636472290822	2693.095	580.467	779293.29
47.3114921508063	50.9494992404006	3272.508	713.053	800985.03
57.3103941516847	60.942371246103	3837.344	879.347	823105.14
67.0838063329549	69.5604043516765	4260.281	997.653	845166.44
77.3053681557055	80.9353152517478	4850.286	1156.534	867323.54
