0.00085999931200055	0.0151199879040097	7.703	0.932	375.17
0.00203999836800131	0.0367199706240235	17.275	1.046	805.98
0.00313999748800201	0.0561599550720359	25.159	1.159	1171.49
0.00378999696800243	0.0676799458560433	27.998	1.245	1559
0.00630999495200404	0.112139910288072	48.048	1.835	2290.74
0.00895999283200574	0.157859873712101	76.796	1.78	3464.97
0.0128599897120082	0.225359819712144	97.823	2.123	4976.84
0.0188599849120121	0.322919741664207	141.78	2.824	7361.72
0.0277899777680178	0.4685396251683	190.229	3.585	11262.5
0.0414299668560265	0.675719459424432	261.569	5.023	15542.98
0.06243995004804	0.975059219952624	386.124	6.638	19626.65
0.095259923792061	1.37285890171288	456.552	9.515	30101.89
0.14103988716809	1.86479850816119	558.715	12.347	49797.47
0.211999830400136	2.43521805182556	577.628	17.363	77251.31
0.318189745448204	3.04703756236995	529.362	21.675	110754.89
0.451379638896289	3.24431740454608	330.811	24.134	135447.07
0.709959432032454	4.12649669880264	441.519	32.541	272457.36
1.06971914422468	4.64003628797097	1182.333	39.673	376614.76
1.59950872039302	5.22791581766735	506.022	50.298	466183.71
2.39234808612153	6.02369518104386	584.184	61.68	545578.07
3.37472730021816	5.85737531409975	415.254	65.973	622524.23
5.39661568270745	9.02699277840578	750.857	102.634	717593.28
8.09353352517318	11.7435506051595	900.544	145.409	741027
12.1366302906958	15.7870673703461	1180.883	208.643	723200.33
18.2044854364117	21.853782516974	1513.142	303.418	736236.51
27.3096781522575	30.9624952300038	2019.731	422.426	757370.01
37.3100301519759	40.9474472420422	2614.293	570.525	779248.29
47.3103121517503	50.9527392378086	3159.734	709.535	801009.1
57.3117241506207	60.959291232567	3676.255	867.176	823089.33
67.3162961469631	70.9410032471974	4296.882	1009.064	844779.55
77.3106281514975	80.9371152503078	5065.181	1131.803	867000.81
87.3107601513919	90.9064072748742	6140.445	2219.071	889136.32
97.0499123600701	99.4164404668476	5676.834	2339.748	910328.79
