0.000979999216000627	0.0174599860320112	3.661	1.118	398.97
0.00209999832000134	0.0377999697600242	5.738	1.225	746.86
0.00275999779200177	0.0493199605440316	6.548	1.284	1273.39
0.00397999681600255	0.0710999431200455	9.435	1.482	1562.91
0.00620999503200397	0.110339911728071	12.537	1.642	2314.01
0.00928999256800594	0.162539869968104	18.377	1.875	2960.28
0.0131699894640084	0.229859816112147	24.33	2.193	5007.31
0.0188399849280121	0.324359740512208	32.526	2.782	7086.93
0.028179977456018	0.476639618688305	47.464	3.912	11140.46
0.0418199665440268	0.682739453808437	62.887	5.708	16469.6
0.0631399494880404	0.981179215056628	81.999	6.777	22382.15
0.0935099251920598	1.35125891899286	102.207	9.243	34750.66
0.14071988742409	1.85435851651319	126.894	12.65	44720.7
0.211709830632135	2.45249803800157	133.193	16.021	75916.07
0.3131397494882	3.01427758857793	150.081	21.626	105683.65
0.471329622936302	3.5884771292183	141.785	26.998	140756.06
0.710519431584455	4.10669671464263	167.064	32.874	278930.69
1.06941914446468	4.63391629286697	182.427	41.035	374430.28
1.59311872550502	5.21441582846734	187.086	52.572	478916
2.39426808458553	6.02999517600386	226.892	64.228	573287.69
3.5968071225543	7.24895420083664	247.88	82.062	661284.05
5.39384568492345	9.03077277538178	321.059	111.525	714667.18
8.09327352538118	11.7260906191275	415.16	153.029	741024.1
12.1399302880558	15.7775273779781	518.293	221.902	722821.47
18.2109454312437	21.860982511214	611.576	322.865	736608.56
27.3130481495615	30.9509752392198	875.635	465.988	756558.39
37.3110601511519	40.9458272433382	1226.306	615.976	779349.67
47.3092421526063	50.9482392414086	1587.922	762.01	800463.21
57.3077741537807	60.943271245383	1912.391	912.495	822370.23
67.3137661489871	70.9384832492134	2279.434	1073.318	845254.5
77.3061081551135	80.9529552376358	2637.927	1230.44	867364.67
87.3101301518959	90.9485272411782	2976.374	1638.09	889877.01
97.2243222205422	99.8984800812159	3230.748	1799.728	911448.32
