0.000939999248000602	0.0169199864640108	3.574	1.163	359.3
0.00208999832800134	0.0370799703360237	5.665	1.768	876.86
0.00277999777600178	0.0494999604000317	6.612	1.511	1159.72
0.00395999683200253	0.0707399434080453	9.479	1.831	1555.09
0.00548999560800351	0.0966599226720619	12.048	2.437	2383.82
0.00883999292800566	0.1567798745761	16.612	2.705	3449.58
0.0127299898160081	0.220139823888141	22.692	3.291	4717.6
0.018689985048012	0.320579743536205	31.092	4.381	7346.67
0.0273599781120175	0.464579628336297	74.09	5.224	11140.46
0.0305899755280196	0.495179603856317	45.123	5.466	3395.73
0.0637299490160408	0.995219203824637	80.779	8.208	22776.79
0.0931199255040596	1.35773891380887	102.687	11.363	30101.89
0.141459886832091	1.85939851248119	126.491	14.326	48543.05
0.208889832888134	2.40551807558554	175.6	19.135	75164.45
0.318289745368204	3.02561757950594	147.403	24.095	110173.31
0.474449620440304	3.61691710646631	161.181	28.794	137966.06
0.714639428288457	4.11623670701063	181.177	35.589	186435.85
1.06821914542468	4.64381628494697	167.614	43.137	378700.79
1.60668871464903	5.24015580787535	191.717	53.239	474494.27
2.40216807826554	6.02171518262785	205.679	65.14	557360.77
3.5965771227383	7.23653421077263	278.321	84.025	652405.16
5.39794568164345	9.03491277206978	309.774	109.291	722628.35
8.09431352454918	11.7415706067435	377.817	145.288	741031.74
12.1366702906638	15.7971473622821	514.009	216.497	723087.71
18.2058454353237	21.852522517982	622.413	314.142	736122.33
27.3065481547615	30.9408952472838	853.267	441.113	756566.29
37.3114301508559	40.9665272267782	1192.078	581.8	778578.51
47.3113621509103	50.9415792467366	1535.788	742.678	801113.76
57.3079941536047	60.908351273319	2244.323	856.055	822968.85
67.3077761537791	70.9620632303494	2215.976	1013.517	844938.38
77.3143481485215	80.9567352346118	2538.526	1147.104	867301.4
87.3138001489599	90.9400672479462	2953.055	1268.325	889553.69
97.1986722410622	99.8198201441439	3154.972	1377.175	911429.92
