0.000939999248000602	0.0169199864640108	3.444	0.915	375.17
0.00164999868000106	0.029699976240019	4.633	0.964	770.52
0.00291999766400187	0.0525599579520336	6.87	1.131	1096.95
0.00292999765600188	0.0520199583840333	7.615	1.126	335.49
0.00568999544800364	0.101339918928065	12.134	1.328	2507.81
0.00976999218400625	0.17207986233611	18.279	1.88	3106.87
0.0129499896400083	0.226079819136145	63.607	2.109	4648.92
0.0189899848080122	0.326699738640209	32.934	2.551	7166.02
0.0282199774240181	0.474119620704303	48.458	3.282	10362.06
0.042149966280027	0.686699450640439	65.913	4.555	15542.98
0.0621799502560398	0.966599226720619	91.109	6.224	22876.28
0.0944399244480604	1.37411890070488	115.251	8.888	33373.18
0.14023988780809	1.85525851579319	167.783	12.714	49114.68
0.210319831744135	2.42045806363355	170.032	16.431	72112.14
0.315709747432202	3.02057758353793	153.781	20.649	98947.29
0.473889620888303	3.60611711510631	148.586	25.795	142464.06
0.710209431832455	4.11659670672263	157.38	32.15	272162.64
1.06656914674468	4.62455630035496	158.645	39.413	340850.7
1.59890872087302	5.23403581277135	227.494	49.513	458268.56
2.40068807944954	6.04619516304387	229.284	63.834	552786.99
3.5933271253383	7.24625420299664	224.835	79.625	654027.44
5.39491568406745	9.0595727523418	272.511	105.292	720301.13
8.09550352359718	11.7449906040075	382.19	144.586	741059.1
12.0266203787037	14.7959881632095	414.002	201.37	723121.29
18.2080754335397	21.837222530222	666.313	303.857	736632.64
27.3153881476895	30.9549352360518	868.896	433.496	756372.15
37.3071901542479	40.9370072503942	1179.528	568.041	778489.85
47.3090721527423	50.9673192261446	1531.286	703.957	800903.65
57.3122841501727	60.945611243511	1880.559	853.382	823331.52
67.143796284963	69.7587641929887	2179.043	978.854	845480.21
77.3056081555135	80.8462153230277	2605.709	1130.497	866882.28
87.3120101503919	90.9636472290822	2884.486	1576.409	889224.28
97.2261822190542	99.9078400737279	3154.941	1687.505	911454.07
