0.000979999216000627	0.0176399858880113	3.411	0.957	363.27
0.00197999841600127	0.0356399714880228	5.8	1.067	849.3
0.00302999757600194	0.0541799566560347	7.031	1.129	1171.49
0.00400999679200257	0.0716399426880459	9.753	1.261	1683.9
0.00605999515200388	0.107819913744069	22.902	1.465	2589.11
0.00868999304800556	0.153719877024098	16.798	1.831	3684.01
0.012529989976008	0.21797982561614	23.042	1.961	5239.49
0.0192499846000123	0.329399736480211	41.622	2.658	8011.47
0.0277399778080178	0.469619624304301	56.57	4.075	11262.5
0.0426799658560273	0.689939448048442	88.602	4.821	15291.82
0.0617899505680395	0.960479231616615	84.893	6.191	21758.98
0.0943499245200604	1.37267890185688	121.788	9.337	33449.06
0.139129888696089	1.83149853480117	157.089	12.557	48732.35
0.210049831960134	2.42135806291355	147.718	16.495	75405.72
0.314499748400201	3.01697758641793	133.439	21.342	100828.51
0.475029619976304	3.61529710776231	158.185	26.776	152595.71
0.712439430048456	4.11515670787463	143.442	31.503	194319.72
1.06660914671268	4.62689629848296	170.114	40.019	353731.77
1.60286871770503	5.22017582385934	238.077	52.622	454916.77
2.39686808250553	6.03917516865986	242.085	60.386	564774.13
3.4306772554582	6.03845516923586	174.815	68.566	632367.68
5.39419568464345	9.02645277883778	270.809	102.898	718325.94
8.09270352583718	11.7341906126475	384.891	144.822	740890.74
12.1416902866478	15.7928273657381	451.063	208.233	723735.93
18.2121454302837	21.831642534686	607.329	300.733	736943.73
27.3106481514815	30.9624952300038	833.644	432.388	756308.58
37.3106401514879	40.9631072295142	1208.534	574.121	778345.53
47.3091021527183	50.9500392399686	1568.349	711.699	801035.51
57.3115341507727	60.953711237031	1844.083	852.611	823328.64
67.3031761574591	70.9413632469094	2180.333	992.241	844627.54
77.3069581544335	80.9599752320198	2563.041	1122.655	866937.2
87.3114101508719	90.9474472420422	2898.381	1580.811	889666.14
97.1639622688302	99.7226202219038	3139.44	1684.713	911342.95
