0.00101999918400065	0.0181799854560116	3.594	1.196	434.64
0.00206999834400132	0.0372599701920238	5.507	1.38	786.28
0.00301999758400193	0.0541799566560347	7.259	1.608	1198.94
0.00432999653600277	0.0770399383680493	10.465	1.858	1695.6
0.0063999948800041	0.113219909424072	13.009	2.402	2329.53
0.00888999288800569	0.157679873856101	16.727	2.61	3680.17
0.0131699894640084	0.227879817696146	25.403	3.718	4965.41
0.0139499888400089	0.237059810352152	38.909	3.605	1555.09
0.0267299786160171	0.454499636400291	45.043	5.526	10758.85
0.0417599665920267	0.680039455968435	71.46	7.256	15837.51
0.0633699493040406	0.98369921304063	88.526	8.701	19626.65
0.0923599261120591	1.34927892057686	125.475	11.424	33373.18
0.143319885344092	1.88963848828921	125.572	14.193	51791.38
0.211319830944135	2.42945805643356	210.661	19.997	74840.67
0.317129746296203	3.01571758742593	155.4	25.104	106642.37
0.469669624264301	3.58487713209829	166.507	28.896	134026.79
0.707909433672453	4.13621669102665	152.06	35.313	290892.75
1.07012914389668	4.64579628336297	155.653	42.508	385396.73
1.59803872156902	5.22107582313934	211.365	52.712	466874.67
2.39477808417753	6.02135518291585	245.578	65.162	568807.21
3.5973171221463	7.23239421408463	272.173	82.912	662329.27
5.39284568572345	9.01835278531777	283.291	107.045	719716.98
8.09102352718118	11.7421106063115	363.998	144.515	740973.38
12.1367102906318	15.7705073835941	443.761	212.722	723663.51
18.2054654356277	21.841722526622	617.775	307.029	736791.2
27.3066381546895	30.9452152438278	825.573	443.264	756322.68
37.3140601487519	40.9604072316742	1197.955	574.995	778667.18
47.3096121523103	50.9505792395366	1518.874	721.17	800963.85
57.3173641461087	60.956771234583	1892.796	852.481	822200.13
67.3098361521311	70.9325432539654	2202.515	1010.721	845651.07
77.3059681552255	80.8681753054598	2561.946	1148.531	866906.38
87.2479102016718	90.2684877852098	2861.854	1290.749	889505.26
97.2151422278862	99.8596001123199	3210.825	1405.567	911485.66
