0.000869999304000557	0.01565998747201	3.644	1.328	92.58
0.00195999843200125	0.0350999719200225	5.468	1.579	782.34
0.003129997496002	0.0563399549280361	8.432	1.804	1308.64
0.00398999680800255	0.0709199432640454	9.008	1.978	1394.74
0.00602999517600386	0.106739914608068	13.301	2.391	2496.19
0.00878999296800563	0.154619876304099	17.221	2.902	3764.63
0.0123599901120079	0.214739828208137	22.836	3.319	5075.86
0.0193499845200124	0.332279734176213	35.006	4.906	7350.43
0.0270799783360173	0.460259631792295	48.153	5.69	8977.09
0.0418299665360268	0.685619451504439	64.157	7.562	16832.02
0.0635399491680407	0.98459921232063	97.824	8.852	22599.09
0.0951099239120609	1.37267890185688	121.779	12.176	28710.6
0.142379886096091	1.8748785000972	171.923	15.647	47841.62
0.208329833336133	2.40155807875354	134.532	18.805	69574.17
0.314539748368201	3.03137757489794	189.301	24.904	95046.67
0.473609621112303	3.5956771234583	177.224	30.955	143111.41
0.707249434200453	4.11785670571464	187.579	37.243	279117.04
1.06542914765668	4.62545629963496	167.785	44.467	364525.09
1.59550872359302	5.22161582270734	220.211	57.843	455756.6
2.40063807948954	6.05069515944387	222.109	68.071	571090.6
3.5990171207863	7.24319420544464	295.82	85.69	658759.89
5.02506597994722	7.29845416123667	231.708	97.949	698473.46
8.09458352433318	11.7500305999755	396.549	157.074	740991.26
12.1368802904958	15.7850873719301	537.143	227.352	723216.64
18.2088654329077	21.83866252907	688.226	335.812	736082.68
27.0799783360173	29.5295163763869	818.048	450.956	755451.85
37.3091301526959	40.9488872408902	1239.175	617.204	778192.9
47.3117721505823	50.9482392414086	1575.732	776.434	800890.67
57.3099441520447	60.957491234007	1933.596	929.268	822168.29
67.271206183035	70.4182836653731	2231.435	1066.934	844908.39
77.3120981503215	80.9473752420998	2783.799	1230.546	866954.84
87.2459202032638	90.2036878370497	3007.786	1365.461	889153.45
97.0289823768141	99.3651405078876	3294.308	1533.367	910221.65
