0.000899999280000576	0.0160199871840103	3.484	0.907	426.72
0.00204999836000131	0.0368999704800236	5.409	1.045	735.04
0.00290999767200186	0.0521999582400334	7.756	1.105	1175.41
0.00415999667200266	0.0743399405280476	10.273	1.209	1656.59
0.00587999529600376	0.104939916048067	20.197	1.697	1983.84
0.00870999303200557	0.155339875728099	17.728	1.609	3657.13
0.0130499895600084	0.227699817840146	24.72	1.961	4893.01
0.0182099854320117	0.315359747712202	32.518	2.367	7211.19
0.028129977496018	0.472859621712303	45.103	3.824	11262.5
0.0407099674320261	0.67139946288043	64.322	4.697	15331.87
0.0647099482320414	1.00313919748864	94.344	6.836	23398.47
0.0918199265440588	1.33721893022486	114.26	9.339	34100.14
0.14106988714409	1.85993851204919	131.174	12.884	48732.35
0.212969829624136	2.45339803728157	151.029	17.354	74693.24
0.315599747520202	3.02363758108994	141.051	20.903	92829.65
0.473299621360303	3.5897371282103	153.92	26.299	140444.13
0.707219434224453	4.11227671017863	155.007	31.518	181379.01
1.06571914742468	4.63445629243497	186.925	39.716	353759.55
1.60145871883302	5.23223581421135	228.475	54.194	465386.56
2.40048807960954	6.03143517485186	197.422	61.802	565247.87
3.5987271210183	7.23473421221263	344.628	78.521	654564.07
5.39235568611545	9.01223279021377	332.359	104.533	715894.23
7.94713364229309	10.5899315280548	317.462	132.858	741032.36
12.1382202894238	15.7847273722181	471.869	207.79	723298.04
18.2078354337317	21.84586252331	602.672	304.135	736557.94
27.3108281513375	30.9367552505958	828.407	440.108	756766.11
37.3109301512559	40.9548272361382	1189.812	569.718	778521.4
47.3145521483583	50.9656992274406	1550.695	740.379	800439.86
57.3107941513647	60.943631245095	1875.607	853.13	822699.34
67.2948061641551	70.7143834284933	2204.294	999.708	845898.66
77.3062681549855	80.8588153129478	2497.818	1137.892	866897.62
87.2103902316878	90.0013679989056	2869.055	1264.856	888990.84
97.0314723748221	99.3712605029916	3211.48	1694.607	910231.44
