0.00114999908000074	0.0206999834400132	3.889	1.319	343.43
0.00201999838400129	0.0363599709120233	5.522	1.517	805.98
0.00335999731200215	0.0601199519040385	7.922	1.847	1245.97
0.00955999235200612	0.168119865504108	20.968	3.137	3837.54
0.0133199893440085	0.233459813232149	23.664	3.629	4457.97
0.0196699842640126	0.335159731872214	54.184	4.529	6656.8
0.0412899669680264	0.67139946288043	81.949	7.056	14540.32
0.064019948784041	0.991619206704635	82.31	9.167	23451.68
0.0936499250800599	1.37159890272088	210.151	11.943	30700.33
0.142099886320091	1.8678585057132	135.211	15.442	52127.5
0.318849744920204	3.04991756006595	175.56	25.358	106642.37
0.478359617312306	3.60845711323431	183.614	31.64	141722.34
1.06522914781668	4.61717630625895	193.872	44.551	366530.65
1.59906872074502	5.23979580816335	219.942	55.975	473129.12
2.39938808048954	6.02657517873986	213.874	68.98	565564.94
3.5977671217863	7.23455421235663	221.436	84.702	662112.9
5.39533568373145	9.03923276861378	325.58	114.171	723383.37
8.08770352983718	11.7084506332395	374.387	155.848	740868.47
12.1333602933118	15.7523273981381	452.411	231.066	723443.71
18.2112054310357	21.85486251611	663.018	330.824	736291.18
37.3079701536239	40.9407872473702	1224.658	621.445	778015.48
47.3078221537423	50.9426592458726	1598.692	780.527	801024.56
57.3124341500527	60.960911231271	1914.543	912.414	822910.28
67.2922161662271	70.6954834436132	2305.558	1064.602	845884.67
77.3095681523455	80.9525952379238	2691.094	1223.604	867113.94
87.3122101502319	90.9548272361382	3007.677	1391.769	889129.11
97.1948322441342	99.7922801661759	3251.289	1537.278	911340.64
