0.00102999917600066	0.0183599853120118	3.792	1.204	406.9
0.00177999857600114	0.0316799746560203	14.243	1.411	256.01
0.00193999844800124	0.0347399722080222	5.362	1.395	742.92
0.00410999671200263	0.073439941248047	9.11	1.774	1660.49
0.00601999518400385	0.106919914464068	13.166	2.234	2345.04
0.00917999265600588	0.162719869824104	21.683	2.847	3164.69
0.0127299898160081	0.222839821728143	24.469	3.289	4648.92
0.018759984992012	0.322559741952206	35.122	4.333	6736.06
0.0279199776640179	0.4681796254563	62.517	4.95	10514.17
0.0419499664400268	0.681299454960436	91.361	7.146	14752
0.0632999493600405	0.986219211024631	82.036	8.725	20587.3
0.0927699257840594	1.35431891654487	110.017	12.117	35152.47
0.14107988713609	1.85903851276919	191.786	15.698	49916.69
0.212139830288136	2.42423806060955	138.669	19.079	73904.3
0.316839746528203	3.03173757460994	133.164	23.809	94826.8
0.4686196251043	3.58091713526629	150.192	28.671	144894.12
0.707309434152453	4.12397670081864	152.289	35.42	286902.72
1.06599914720068	4.64039628768297	189.043	46.892	375459.64
1.60321871742503	5.23655581075535	189.079	53.523	476534.17
2.39569808344153	6.03827516937986	218.424	64.885	577005.03
3.5963371229303	7.24715420227664	231.684	79.864	663938.03
5.39767568185945	9.02627277898178	291.302	108.772	718960.55
8.09309352552518	11.7255506195595	381.152	145.225	740928.22
12.1364102908718	15.7859873712101	510.706	213.052	723155.31
18.2115754307397	21.841182527054	654.293	314.223	736631.76
27.3124681500255	30.9635752291398	860.782	443.661	756385.28
37.3135601491519	40.9533872372902	1196.326	578.224	778455.6
47.3050021559983	50.9404992476006	1507.6	714.537	801139.83
57.3137841489727	60.960191231847	1847.68	858.711	823250.57
66.9139464688428	69.1519846784123	2147.901	997.407	844488.1
77.2756681794655	80.4928756056995	2533.764	1133.8	866671.76
87.3141201487039	90.9406072475142	2902.964	1312.364	889547.66
97.1601522718782	99.6965202427838	3143.593	1407.013	911036.88
