0.00121999902400078	0.0219599824320141	3.842	0.98	422.76
0.00182999853600117	0.032759973792021	10.112	1.023	805.98
0.00297999761600191	0.0534599572320342	8.577	1.141	1002.7
0.00380999695200244	0.0678599457120434	8.413	1.178	1695.6
0.00572999541600367	0.101879918496065	11.671	1.462	2321.77
0.00903999276800579	0.159659872272102	17.161	1.618	2960.28
0.0126499898800081	0.219599824320141	27.704	2.069	5068.24
0.0195399843680125	0.334259732592214	46.224	2.552	6736.06
0.028189977448018	0.471239623008302	69.583	3.37	10362.06
0.0403699677040258	0.661859470512424	63.381	4.613	15542.98
0.0628899496880403	0.970019223984621	133.452	7.006	20587.3
0.0936099251120599	1.36871890502488	126.322	9.032	36167.73
0.141729886616091	1.88315849347321	136.977	12.493	44720.7
0.211969830424136	2.43539805168156	135.596	16.454	70923.9
0.28053977556818	2.52881797694562	102.758	18.036	95640.54
0.473479621216303	3.6010771191383	157.245	25.864	129666.76
0.712769429784456	4.12469670024264	162.675	32.096	280993.61
1.06746914602468	4.64597628321897	179.508	41.385	377847.75
1.59893872084902	5.22683581853135	215.85	50.852	476890.14
2.40391807686554	6.04421516462787	213.729	62.371	573655.36
3.5963471229223	7.24121420702863	245.809	78.029	654059.93
5.39712568229945	9.03419277264578	263.349	102.575	718845.29
8.09376352498918	11.7395906083275	359.684	144.487	740911.91
12.1423602861118	15.7683473853221	475.491	207.541	723252.41
18.2090854327317	21.850902519278	661.126	302.044	736471.54
27.3056381554895	30.9407152474278	847.568	431.518	756232.43
37.3106001515199	40.9546472362822	1197.596	574.021	779239.2
47.3085521531583	50.9260992591206	1540.271	712.768	801145.44
57.3060641551487	60.946331242935	1865.957	855.954	822815.13
67.3126561498751	70.9525232379814	2252.686	998.2	844780.35
77.2967081626335	80.7619753904197	2584.812	1126.612	866815.1
87.3113201509439	90.9053272757382	3018.061	1610.504	889136.4
96.957972433622	99.2216806226555	3191.746	1723.552	909901.01
