0.000839999328000538	0.0151199879040097	3.458	1.293	375.17
0.00197999841600127	0.0354599716320227	5.476	1.523	735.04
0.00308999752800198	0.0548999560800351	7.391	1.842	1300.81
0.00341999726400219	0.0597599521920382	7.426	1.88	501.97
0.00869999304000557	0.153899876880098	17.379	3.335	3411.12
0.0196799842560126	0.337499730000216	33.207	4.361	7162.25
0.0279699776240179	0.471959622432302	45.025	5.691	11188.55
0.0419599664320269	0.680579455536436	71.874	6.787	15291.82
0.0637799489760408	0.990359207712634	94.034	9.134	24295
0.141659886672091	1.86695850643319	137.669	14.811	53920.63
0.315549747560202	3.01733758612993	139.584	24.118	87439.97
0.717129426296459	4.12739669808264	255.872	36.14	188972.93
1.06232915013668	4.62563629949096	168.939	44.709	385805.06
5.39842568125945	9.04283276573379	278.632	113.912	717542.92
8.09389352488518	11.7197906241675	392.104	158.381	741098.2
12.1396002883198	15.7789673768261	484.937	230.377	723418.28
18.2074554340357	21.857382514094	674.34	327.973	736429.01
27.3070081543935	30.9327952537638	882.557	475.971	756265.92
47.3100221519823	50.9485992411206	2292.965	781.057	801010.51
57.3095541523567	60.950111239911	1938.092	949.447	822960.38
67.3044961564031	70.9494632404294	2267.231	1085.011	844802.86
77.1277682977854	79.706816234547	2624.725	1265.508	867220.27
87.3064101548719	90.9458272433382	3013.51	1393.817	889822.91
96.93086245531	99.1687606649915	3209.217	1522.962	909793.85
