0.00106999914400068	0.0190799847360122	3.62	0.957	375.17
0.0020299983760013	0.0363599709120233	6.444	1.088	853.24
0.00295999763200189	0.0523799580960335	8.533	1.161	1147.96
0.00393999684800252	0.0705599435520452	8.868	1.235	501.97
0.00430999655200276	0.076499938800049	9.705	1.327	1535.56
0.00868999304800556	0.153899876880098	24.756	1.777	3695.53
0.012489990008008	0.219779824176141	39.509	2.032	5497.95
0.018699985040012	0.320039743968205	31.529	2.576	6736.06
0.0282099774320181	0.473219621424303	44.431	3.306	10758.85
0.0412299670160264	0.67121946302443	64.099	4.679	15455.66
0.0627999497600402	0.977399218080626	99.651	6.46	23398.47
0.0948899240880607	1.38437889249689	110.942	9.457	35152.47
0.138979888816089	1.85201851838519	130.282	12.742	49916.69
0.212259830192136	2.42513805988955	161.141	15.642	72058.51
0.3120797503362	3.01661758670593	136.742	21.206	102630.64
0.479399616480307	3.61187711049831	144.477	27.524	141722.34
0.710959431232455	4.13639669088265	147.199	31.989	282415.91
1.06574914740068	4.60943631245095	149.705	39.534	364955.72
1.59742872205702	5.23061581550735	220.923	49.925	452669.98
2.23678821056943	4.86665610667511	141.17	52.431	526785.72
3.5907171274263	7.23473421221263	232.829	78.732	658622.41
5.39312568549945	9.04697276242179	288.406	102.962	716967.61
8.09127352698118	11.7367106106315	374.447	142.629	740989.38
12.1389102888718	15.7877873697701	439.574	209.823	723346.85
18.2086254330997	21.863142509486	623.074	299.622	736798.34
27.3142281486175	30.9574552340358	848.267	437.919	756548.65
37.3110001511999	40.9319672544262	1188.965	575.403	778668.3
47.3151821478543	50.9493192405446	1540.426	712.708	800778.2
57.3073541541167	60.946511242791	1853.777	851.616	823460.54
67.3094061524751	70.9545032363974	2196.014	1002.372	844893.27
77.2341182127054	80.1416958866433	2494.451	1111.707	866518.95
87.2214002228798	90.0562679549856	2867.27	1536.069	889086.17
97.2129722296222	99.8507801193759	3177.715	1787.565	911486.46
