0.00103999916800067	0.0185399851680119	4.201	0.923	410.86
0.0018799984960012	0.0338399729280217	5.312	1.212	837.49
0.00324999740000208	0.0583199533440373	30.869	1.239	1069.47
0.00368999704800236	0.0656999474400421	8.1	1.215	1473.04
0.006249995000004	0.10997991201607	14.945	1.537	2376.06
0.00864999308000554	0.151559878752097	19.121	1.805	3764.63
0.0126799898560081	0.221219823024142	29.207	2.072	5277.52
0.0145999883200093	0.25037979969616	37.327	2.301	1555.09
0.0277899777680178	0.4694396244483	53.02	3.821	11188.55
0.0428899656880274	0.695699443440445	70.557	4.793	15837.51
0.0632599493920405	0.979559216352627	87.737	6.768	20587.3
0.0929199256640595	1.35593891524887	102.87	9.099	33000.03
0.139559888352089	1.83545853163317	116.692	12.369	49916.69
0.212439830048136	2.44061804750556	134.551	15.727	71596.91
0.318269745384204	3.04541756366595	173.882	20.688	106359.69
0.474069620744303	3.5913571269143	141.186	26.276	145770.96
0.711829430536456	4.12559669952264	157.33	31.825	189395.33
0.892489286008571	3.35015731987414	119.099	30.645	185625.54
1.59983872012902	5.22017582385934	181.109	50.85	467684.78
2.39727808217753	6.04421516462787	213.173	61.583	560060.2
3.6003871196903	7.23941420846863	322.57	77.586	651125.48
5.39949568040346	9.03095277523778	308.447	106.106	719079.97
8.09183352653318	11.7293306165355	360.341	143.333	741025.03
12.1404402876478	15.7769873784101	463.549	208.835	723331.95
18.2070354343717	21.848202521438	691.078	303.306	736693.59
27.3014481588415	30.9428752456998	825.467	430.027	756267.34
37.3140501487599	40.9571672342662	1182.535	576.941	778273.38
47.3098721521023	50.9505792395366	1571.644	710.38	800375.13
57.3111741510607	60.965771227383	1855.245	853.843	823121.92
67.2752461798031	70.5111635910691	2239.944	988.948	845795.89
77.3075881539295	80.9664552268358	2519.905	1128.131	867469.01
87.3090601527519	90.9640072287942	2895.826	1607.556	889241.42
97.2267822185742	99.9083800732959	3173.737	1775.833	911464.42
