0.00112999909600072	0.020339983728013	3.787	1.207	398.97
0.00192999845600124	0.0341999726400219	5.931	1.426	786.28
0.00304999756000195	0.0545399563680349	7.538	1.673	1049.84
0.00379999696000243	0.0678599457120434	9.201	1.885	1562.91
0.00588999528800377	0.103859916912066	12.076	2.269	2321.77
0.00907999273600581	0.160379871696103	21.547	2.858	3684.01
0.0128799896960082	0.224819820144144	23.584	3.341	4534.37
0.0185199851840119	0.320939743248205	33.093	4.186	7602.32
0.028109977512018	0.469799624160301	44.77	5.002	10480.79
0.0435699651440279	0.713159429472456	62.986	7.323	16708.83
0.0611199511040391	0.947339242128606	79.902	8.83	21626.64
0.0934599252320598	1.36151891078487	101.498	11.574	33673.1
0.14079988736009	1.85579851536119	130.544	14.347	51586.92
0.210649831480135	2.42477806017755	140.541	18.575	73328.92
0.316989746408203	3.02183758252993	134.738	23.581	87439.97
0.39118968704825	2.71313782948974	102.624	24.81	83520.23
0.715569427544458	4.13549669160265	154.253	35.374	285319.38
1.06725914619268	4.62869629704296	162.691	42.572	358089.38
1.59428872456902	5.23313581349135	187.369	54.103	472196.9
2.39994808004154	6.04277516577987	210.653	64.53	556371.99
3.6001971198423	7.24049420760463	248.782	80.865	647423.79
5.39093568725145	9.03545277163778	303.998	123.583	722293.81
8.09953352037318	11.7386906090475	383.229	148.703	740751.42
12.1357102914318	15.7795073763941	445.212	214.752	723434.23
18.1949554440356	21.6844026524779	585.394	308.588	736753.29
27.3106281514975	30.9534952372038	843.427	437.49	756516.69
37.3103101517519	40.9629272296582	1192.134	575.763	779341.64
47.3065921547263	50.9455392435686	1521.832	719.746	801051.01
57.3113641509087	60.951371238903	1850.452	874.984	823000.34
67.3111661510671	70.9543232365414	2220.501	1004.013	845705.03
77.3088381529295	80.9444952444038	2545.279	1147.401	867363.47
87.3046501562799	90.9461872430502	2913.548	1280.89	889804.34
97.2213422229262	99.8885800891359	3147.273	1440.253	911477.73
