0.00102999917600066	0.0185399851680119	3.552	1.348	434.64
0.00189999848000122	0.0340199727840218	7.92	1.32	872.92
0.003119997504002	0.0552599557920354	7.288	1.587	1265.56
0.00431999654400277	0.0773999380800495	9.391	1.814	1598.05
0.0095299923760061	0.167219866224107	21.717	2.824	3203.22
0.0619199504640396	0.958139233488613	94.168	9.103	24786.31
0.0931299254960596	1.35809891352087	117.491	11.36	33455.95
0.212289830168136	2.42333806132955	172.168	18.816	71372.67
0.316149747080202	3.02543757964994	174.194	24.371	110173.31
1.06558914752868	4.61213631029095	192.35	42.939	370393.46
2.39985808011354	6.02891517686786	213.719	64.602	566687.12
5.39523568381145	9.02663277869378	316.12	109.159	720737.03
8.09583352333318	11.7563305949355	371.934	146.235	740890.39
18.0935255251796	20.8423633261093	572.634	297.418	736422.64
27.3133181493455	30.9570952343238	842.791	434.698	756442.53
47.3083421533263	50.9467992425606	1524.061	718.942	801164.27
57.3096041523167	60.951011239191	1855.709	851.184	822466.06
66.9373064501548	69.2083246333403	2159.913	982.099	844569.55
77.2183282253374	80.0902159278273	2537.385	1197.409	867515.86
97.2159422272462	99.8635601091519	3138.281	1421.656	911481.24
