0.000909999272000582	0.0163799868960105	3.409	1.118	446.53
0.00220999823200141	0.0397799681760255	5.904	1.209	790.22
0.00275999779200177	0.0493199605440316	6.759	1.274	1175.41
0.00393999684800252	0.0698399441280447	8.756	1.399	1594.14
0.00592999525600379	0.104579916336067	14.006	1.567	2240.29
0.00944999244000605	0.166139867088106	20.791	1.93	3722.41
0.0137399890080088	0.239219808624153	25.946	2.203	5007.31
0.0192699845840123	0.329759736192211	36.053	2.92	7380.52
0.0275099779920176	0.466919626464299	68.449	3.622	9420.96
0.0417799665760267	0.681299454960436	81.527	5.183	16832.02
0.0628099497520402	0.977759217792626	82.065	6.687	24796.9
0.0931699254640596	1.35413891668887	122.633	9.1	32782.47
0.141489886808091	1.86245851003319	181.995	12.221	45270.68
0.211489830808135	2.43143805484956	150.631	16.809	68690.98
0.316069747144202	3.02633757892994	157.56	21.644	101435.52
0.473729621016303	3.5859571312343	281.32	26.949	150291.09
0.712189430248456	4.13045669563464	197.265	34.415	273414.32
1.05923915260868	4.56677634657892	194.898	42.073	364817.51
1.59894872084102	5.22287582169934	187.343	52.655	440953.45
2.39677808257753	6.04529516376387	212.997	66.093	572113.99
3.5967571225943	7.24031420774863	273.176	84.269	658365.86
5.39615568307545	9.03941276846979	320.077	111.297	721596.02
8.08868352905318	11.7412106070315	351.398	152.3	741094.39
12.1390402887678	15.7710473831621	492.308	227.193	723298.09
18.2088654329077	21.830922535262	614.631	342.975	736088.94
27.3091681526655	30.9466552426758	874.423	463.496	756540.84
37.3091901526479	40.9375472499622	1240.006	616.085	779409.71
47.3129121496703	50.9489592408326	1569.938	766.207	800301.1
57.3123541501167	60.946691242647	1944.278	916.585	823337.69
67.3054561556351	70.8765632987494	2255.427	1083.025	845915.85
77.3075481539615	80.9363952508838	2650.687	1237.463	867114.31
87.3099301520559	90.9398872480902	2954.303	1724.406	889732.2
97.0981223215021	99.5397403682077	3269.721	1895.18	910900.86
