0.00115999907200074	0.0205199835840131	3.76	0.939	375.17
0.00210999831200135	0.0377999697600242	5.601	1.05	746.86
0.00288999768800185	0.0518399585280332	6.897	1.106	1198.94
0.00391999686400251	0.0696599442720446	8.641	1.209	1726.8
0.00591999526400379	0.104579916336067	12.859	1.439	2174.29
0.00899999280000576	0.158939872848102	19.356	1.61	3164.69
0.0137299890160088	0.238499809200153	26.104	2.184	4595.47
0.0190699847440122	0.329039736768211	35.628	2.663	7816.38
0.0275299779760176	0.465479627616298	58.122	3.354	11140.46
0.0410299671760263	0.668699465040428	59.261	4.572	16708.83
0.0632899493680405	0.98369921304063	127.576	6.598	25248.69
0.095379923696061	1.38851888918489	106.411	9.447	33000.03
0.139449888440089	1.85219851824119	177.925	11.866	47841.62
0.213509829192137	2.42711805830555	135.975	16.575	70087.58
0.315549747560202	3.01913758468993	165.696	21.096	102541.64
0.473969620824303	3.60701711438631	169.47	28.338	149752.76
0.710839431328455	4.12721669822664	145.203	32.8	185399.67
1.05011915990467	4.42817645745883	138.262	39.938	361509.6
1.59320872543302	5.23169581464335	221.03	50.143	471851.84
2.40343807724954	6.04871516102787	208.734	60.941	572111.13
3.56250714999428	6.77213458229233	225.161	75.382	651240.77
5.39993568005146	9.01907278474177	297.778	105.458	723049.09
8.09314352548518	11.7336506130795	441.689	144.829	740967.35
12.1408502873198	15.7840073727941	475.77	208.687	723748.65
18.2110254311797	21.85126251899	695.32	301.655	736277.63
27.3071781542575	30.9502552397958	828.582	439.696	757393.54
37.3077801537759	40.9325072539942	1191.63	563.812	778635.64
47.1384322892542	49.7037202370238	1521.898	699.633	799511.77
57.3080641535487	60.941111247111	1870.795	847.029	823387.57
67.259246192603	70.370223703821	2206.358	980.878	845779.66
77.3098081521535	80.9491752406598	2580.154	1136.563	867364.37
87.1385602891518	89.7155282275774	2878.989	1259.864	888444.36
96.9942124046301	99.2836005731195	3166.009	1780.046	910399.26
