0.00111999910400072	0.0201599838720129	4.096	1.154	398.97
0.00400999679200257	0.071819942544046	8.807	1.747	1328.21
0.00580999535200372	0.103319917344066	12.969	2.39	2193.71
0.00919999264000589	0.161279870976103	17.078	2.697	2960.28
0.0111899910480072	0.194039844768124	20.775	3.122	1555.09
0.0135599891520087	0.235979811216151	25.851	3.395	4946.36
0.0276399778880177	0.4694396244483	55.352	5.239	10362.06
0.0632699493840405	0.985319211744631	94.07	8.857	24266.71
0.0931199255040596	1.36061891150487	161.313	11.402	30610.02
0.192399846080123	1.77083858332913	84.531	14.593	24025.62
0.208879832896134	2.41397806881754	167.145	18.934	70119.24
0.476799618560305	3.61493710805031	171.86	29.16	148596.94
1.06984914412068	4.62419630064296	183.079	44.393	365881.25
1.60056871954502	5.24375580499536	191.386	54.533	465283.4
2.3493381205295	5.43293565365148	170.136	62.316	557999.41
5.39244568604345	9.01709278632577	299.62	108.73	721938.7
8.09482352414118	11.7154706276235	367.358	148.961	741096.66
12.1417402866078	15.7787873769701	527.009	212.517	723732.97
18.2072254342197	21.849282520574	672.886	311.455	736727.03
27.3058981552815	30.9461152431078	854.261	440.721	756321.1
37.3113101509519	40.9346672522662	1193.731	582.626	778659.57
47.3072821541743	50.9464392428486	1522.852	718.714	800952.16
57.3083541533167	60.937511249991	1866.444	861.958	823449.77
67.3132761493791	70.9514432388454	2201.168	1022.33	844489.53
87.2370402103678	90.1952278438177	2849.819	1282.804	889482.9
97.1155523075581	99.5851003319197	3140.216	1398.151	911003.22
