0.00100999919200065	0.0179999856000115	3.813	1.128	422.76
0.00194999844000125	0.0350999719200225	5.28	1.319	802.04
0.00277999777600178	0.0494999604000317	7.04	1.496	1002.7
0.0038999968800025	0.0692999445600443	8.512	1.699	1695.6
0.00587999529600376	0.104219916624067	12.725	2.188	2383.82
0.00903999276800579	0.160199871840103	18.31	2.718	3461.12
0.0130699895440084	0.228959816832147	26.508	3.236	5334.56
0.0190699847440122	0.330119735904211	67.857	4.675	6834.14
0.0269899784080173	0.454319636544291	43.974	5.225	10491.91
0.042239966208027	0.691019447184442	93.491	7.993	15226.27
0.0632499494000405	0.985499211600631	83.508	8.671	22787.44
0.0940999247200602	1.38077889537688	106.198	12.125	35399.53
0.14125988699209	1.84877852097718	138.71	15.61	51791.38
0.212459830032136	2.42567805945755	141.626	18.647	73932.6
0.317489746008203	3.04397756481795	142.749	23.689	102768.14
0.361259710992231	2.5054179956656	86.817	22.733	35228
0.709839432128454	4.10669671464263	166.424	34.152	284149.4
1.06489914808068	4.61411630870695	163.478	44.851	368181.11
1.60100871919302	5.22557581953934	174.627	53.305	474450.94
2.40244807804154	6.03287517369986	223.211	65.038	557219.88
3.5912671269863	7.21673422661262	277.857	81.975	648435.08
5.39768568185145	9.03725277019778	273.804	106.886	719772.64
7.809013752789	10.1656718674625	328.147	136.787	740429.19
12.1369602904318	15.7874273700581	451.974	216.986	723364.11
18.1980854415316	21.83056253555	616.618	305.241	736452
27.3111981510415	30.9430552455558	839.605	444.206	756413.18
37.3154401476479	40.9674272260582	1164.099	577.182	777955.88
47.3076521538783	50.9379792496166	1563.923	723.343	801056.64
57.3072941541647	60.956411234871	1866.837	867.179	823368.43
67.3117161506271	70.9332632533894	2197.472	1003.349	844748.28
77.3166581466735	80.9545752363398	2776.149	1132.152	867346.62
87.3093601525119	90.8896672882662	2898.073	1277.057	889685.85
97.0945723243421	99.5221003823197	3125.013	1405.376	910578.59
