0.000929999256000595	0.0167399866080107	3.57	1.292	422.76
0.00195999843200125	0.0350999719200225	5.673	1.515	735.04
0.00332999733600213	0.0599399520480384	8.16	1.926	1249.89
0.0040599967520026	0.0728999416800467	9.347	1.989	1531.66
0.0188499849200121	0.325619739504208	33.41	4.265	7677.46
0.0287799769760184	0.48365961307231	47.327	5.56	8977.09
0.0622999501600399	0.970379223696621	84.276	8.797	24613.19
0.0947099242320606	1.36655890675287	121.818	11.588	28710.6
0.14088988728809	1.85957851233719	147.905	14.257	51586.92
0.315679747456202	3.02453758036994	140.899	24.254	99332.65
2.30207815833747	5.14097588721929	175.322	62.257	551737.42
3.54638716289027	6.62831469734824	195.572	81.687	650662.01
5.39589568328345	9.03689277048578	294.183	116.205	722715.07
11.7994305604556	14.089128728697	426.763	207.746	721832.07
18.2065254347797	21.84676252259	626.502	330.883	736348.33
37.3115601507519	40.9436672450662	1235.154	624.518	778223.86
57.3091641526687	60.941291246967	1890.864	918.543	823120.96
67.3033261573391	70.8718833024934	2263.313	1082.912	844916.25
87.3076901538479	90.9595072323942	2962.141	1408.183	889247.84
96.943682445054	99.1945006443995	3253.4	1518.157	909844.95
