0.00106999914400068	0.0192599845920123	3.682	1.183	406.9
0.00200999839200129	0.0361799710560232	5.499	1.438	735.04
0.00317999745600204	0.0570599543520365	8.069	1.669	1273.39
0.00392999685600252	0.0705599435520452	8.667	1.797	1660.49
0.00591999526400379	0.104939916048067	12.322	2.397	2383.82
0.009379992496006	0.165419867664106	20.811	2.874	3680.17
0.0126799898560081	0.219959824032141	30.286	3.387	5300.34
0.0192099846320123	0.329039736768211	32.346	4.379	6834.14
0.0248399801280159	0.418679665056268	40.829	5.009	9908.87
0.0428199657440274	0.697859441712447	66.224	6.75	15502.96
0.0628299497360402	0.974699220240624	90.673	9.216	19626.65
0.0939499248400601	1.36421890862487	125.954	11.776	35547.58
0.141749886600091	1.86209851032119	140.071	14.334	51649.57
0.198149841480127	2.21237823009742	114.116	16.776	66744.3
0.314949748040202	3.00887759289793	160.192	23.732	99332.65
0.451379638896289	3.24431740454608	149.492	26.572	135447.07
0.700549439560448	4.02533677973058	151.151	34.455	271988.81
1.06330914935268	4.61681630654695	189.311	42.631	364573.18
1.59918872064902	5.21999582400334	210.239	53.281	459744.15
2.39968808024954	6.04493516405187	196.491	65.875	555134.11
3.5944471244423	7.22789421768463	221.916	82.983	650777.46
5.39906568074746	9.05003275997379	275.36	110.966	714418.18
8.08601353118918	11.7250106199915	359.45	149.417	741038.33
12.1366102907118	15.7667273866181	445.982	218.008	723452.42
18.2066054347157	21.855942515246	625.054	311.816	736422.59
27.3019981584015	30.9416152467078	861.634	436.276	756291.63
37.3099701520239	40.9528472377222	1201.844	576.777	779301.92
47.3083221533423	50.9606592314726	1525.574	734.975	800414.12
57.2991241607007	60.6975714419428	1859.67	864.651	822779.74
67.3100661519471	70.9548632361094	2185.972	1001.608	844409.57
77.3124181500655	80.9509752392198	2558.825	1145.513	867115.29
87.3063001549599	90.9526672378662	2905.7	1274.067	889830.88
97.1159423072462	99.5752003398397	3137.468	1416.499	910706.44
