0.000969999224000621	0.0174599860320112	4.528	1.311	422.76
0.00172999861600111	0.0309599752320198	14.266	1.491	770.52
0.00294999764000189	0.0527399578080338	9.498	1.801	1249.89
0.00420999663200269	0.075059939952048	9.384	2.024	1676.1
0.00580999535200372	0.103319917344066	14.304	2.425	2345.04
0.0134199892640086	0.23399981280015	24.374	3.443	4942.55
0.0276999778400177	0.466739626608299	46.541	5.571	10714.38
0.0424699660240272	0.691379446896442	64.651	7.926	14193.21
0.0632399494080405	0.98459921232063	83.221	9.158	24362.22
0.0936499250800599	1.35341891726487	101.908	11.547	34788.45
0.212059830352136	2.42783805772955	142.781	18.647	60852.88
0.316459746832203	3.01931758454593	135.336	24.191	110173.31
0.477079618336305	3.61367710905831	170.007	29.491	155806.17
1.06140915087268	4.63661629070697	160.799	44.252	383054.6
1.59965872027302	5.22611581910734	209.99	55.592	462859.43
2.40193807844954	6.02063518349185	221.632	67.357	557090.21
3.5936171251063	7.23833420933263	229.763	86.921	659307.39
8.09411352470918	11.7336506130795	397.264	158.333	741014.21
12.1368102905518	15.7913873668901	528.794	230.107	722934.68
18.1912154470276	21.6185227051818	579.074	331.401	736742.25
27.3112281510175	30.9381952494438	878.423	473.851	756622.79
47.3098221521423	50.9748792200966	1591.525	769.935	800929.62
67.3115061507951	70.9419032464774	2297.655	1086.628	845342.31
77.2002782397774	79.9906760074592	2628.368	1298.966	867526.09
87.3057901553679	90.8713073029542	2990.361	1387.269	889145.15
97.0855323315741	99.5073403941277	3273.365	1518.263	910834.98
