0.00102999917600066	0.0185399851680119	3.508	0.948	375.17
0.00189999848000122	0.0340199727840218	5.004	1.036	794.16
0.00287999769600184	0.0516599586720331	6.808	1.119	1273.39
0.00401999678400257	0.0714599428320457	8.79	1.188	1648.79
0.00585999531200375	0.103859916912066	12.836	1.419	2453.58
0.00851999318400545	0.150479879616096	17.873	1.569	3241.74
0.0121799902560078	0.212399830080136	45.129	1.971	5281.33
0.0189699848240121	0.329579736336211	61.111	2.545	7651.16
0.0284499772400182	0.476459618832305	51.061	3.476	11384.51
0.0417199666240267	0.684179452656438	62.814	4.734	16469.6
0.0612799509760392	0.948779240976607	91.533	6.62	22876.28
0.0935899251280599	1.35755891395287	138.575	9.127	33276.62
0.139429888456089	1.83653853076918	130.811	12.287	52295.49
0.210209831832135	2.41901806478555	172.617	15.674	73281.71
0.313999748800201	3.01697758641793	159.997	21.28	107619.94
0.473559621152303	3.58613713109029	143.691	26.025	148830.75
0.712419430064456	4.13225669419464	145.698	32.37	180895.36
1.07082914333669	4.64597628321897	161.068	39.76	383008.69
1.59619872304102	5.21837582529934	199.739	50.267	470472.39
2.39255808595353	6.02621517902786	224.562	60.165	546381.84
3.5981471214823	7.25813419349265	234.278	78.084	651925.16
5.39712568229945	9.03509277192578	330.7	104.752	717455.12
7.98887360890111	10.7746113803109	292.348	137.146	741095.97
12.1386802890558	15.7742873805701	432.5	208.981	723405.22
18.2076054339157	21.851082519134	578.783	304.906	736421.68
27.3088281529375	30.9356752514598	856.928	430.272	756772.35
37.3088501529199	40.9406072475142	1177.736	567.75	779601.63
47.3147721481823	50.9498592401126	1528.599	713.079	800879.84
57.3080541535567	60.945431243655	1861.086	854.125	822517.59
67.3083761532991	70.9487432410054	2195.279	992.428	844909.8
77.3103381517295	80.9410752471398	2536.802	1139.277	866959.63
87.3093201525439	90.8898472881222	2904.389	1627.993	889690.06
97.1001023199182	99.5323603741117	3144.746	1760.637	910608.13
