0.00088999928800057	0.0160199871840103	6.27	1.109	346.11
0.00158999872800102	0.0286199771040183	11.046	1.282	732
0.00279999776000179	0.0503999596800323	18.291	1.477	977.2
0.00305999755200196	0.0550799559360352	20.408	1.915	1318.87
0.00341999726400219	0.0615599507520394	20.089	1.656	1455.54
0.00695999443200445	0.12509989992008	40.859	2.493	2922.7
0.00971999222400622	0.174599860320112	53.945	2.85	4196.91
0.0176899858480113	0.317519745984203	125.471	3.995	6962.45
0.0197199842240126	0.354059716752227	120.059	4.28	8091.97
0.0385199691840247	0.691199447040442	244.203	6.448	15186.78
0.0489099608720313	0.874079300736559	272.692	7.332	20223.56
0.0516999586400331	0.920699263440589	303.096	7.785	19262.82
0.0817099346320523	1.44935884051293	500.311	10.267	32918.27
0.170699863440109	2.98547761161791	1075.589	18.438	64089.77
0.180699855440116	3.18239745408204	1124.778	20.095	67378.32
0.416899666480267	7.15715427427658	2618.401	42.966	164502.12
0.558069553544357	9.32363254109397	3223.296	55.774	218123.91
0.768539385168492	12.3627501097999	4386.885	83.403	289097.45
1.26014899188081	18.1528054777556	6140.819	119.871	460060.63
1.28489897208082	19.6590442727646	6895.416	125.545	470991.17
2.6590578727537	33.6338730929015	11872.089	242.524	888378.18
4.79352616517907	52.3102981517615	16715.525	428.153	1358003.48
7.15725427419658	63.5764891388087	18629.027	611.554	1760707.07
11.0508911592871	76.1627990697607	21983.493	932.789	2111495.22
15.3674877060098	77.1081583134734	20743.983	1231.249	2308399.77
23.0637115490308	83.9254728596217	24128.073	1859.261	2645010.45
33.9663028269577	95.8983432813254	29469.831	2671.804	3113130.13
43.5573251541399	99.4333604533116	28679.025	3433.272	3516365.46
50.1780898575281	98.8915608867513	28435.942	3865.229	3818534.04
59.4760024191981	99.95680003456	28528.921	4638.411	4217810.86
65.7249074200741	99.9595000324	30046.917	5054.059	4493965.58
73.0763615389108	99.999820000144	30080.576	5780.074	4811111.8
78.6767670585863	100.0	30748.88	5968.533	5051478.07
