0.00074999940000048	0.0134999892000086	5.389	0.887	317.97
0.00106999914400068	0.0192599845920123	6.999	0.945	446.6
0.00694999444000445	0.12491990006408	38.336	1.534	2906.62
0.054669956264035	0.977219218224625	394.808	5.738	21353.13
0.0815399347680522	1.44989884008093	678.292	7.995	32319.3
0.158939872848102	2.79647776281779	1081.766	15.116	67382.34
0.183419853264117	3.19931744054605	1281.303	17.188	74104.21
0.403129677496258	6.74333460533232	2390.067	36.124	158349.8
0.724599420320464	11.6695706643435	4124.424	65.472	285296.26
1.17201906238475	17.8918056865555	6475.88	102.092	433826.44
3.20993743205005	40.8714873028102	14051.501	280.264	1014402.71
14.5659483472413	73.0831815334548	21077.449	1120.104	2278045.87
30.0639859488112	86.1848310521352	24496.37	2266.625	2954907.17
38.5600591519527	91.9070264743788	27907.709	2923.806	3320001.92
51.4478488417209	99.6630402695678	28616.135	4995.696	3871153.45
66.6077467138026	99.994240004608	29992.92	6584.354	4523887.58
78.6765670587464	100.0	31250.412	8688.567	5051490.71
