0.000649999480000416	0.0116999906400075	5.062	1.047	245.62
0.00149999880000096	0.0269999784000173	10.151	1.152	631.5
0.00208999832800134	0.0376199699040241	15.752	1.189	868.66
0.00291999766400187	0.0525599579520336	18.088	1.538	1302.79
0.00559999552000358	0.100799919360065	34.194	1.462	2183.08
0.00751999398400481	0.135359891712087	43.039	1.679	2906.62
0.00846999322400542	0.152279878176097	50.078	1.738	3706.51
0.0123699901040079	0.221579822736142	74.868	2.242	5455.07
0.0217799825760139	0.39023968780825	130.54	3.022	9068.76
0.0318899744880204	0.570419543664365	195.08	3.792	13767.81
0.0379199696640243	0.680579455536436	235.656	4.442	15235.01
0.081229935016052	1.44863884108893	506.916	9.585	32122.31
0.089039928768057	1.58129873496101	557.095	9.31	37573.35
0.186179851056119	3.2754573796341	1121.442	17.506	75394.72
0.283519773184181	4.94171604662716	1706.718	27.043	111747.88
0.311339750928199	5.34851572118742	1930.548	29.208	114329.13
0.445329643736285	7.46009403192477	2609.213	43.365	183265.31
0.874009300792559	14.095968723225	5198.859	80.697	360756.5
0.967589225928619	14.8746481002815	5188.793	89.478	380744.58
1.60109871912102	22.7469418024466	7993.813	140.61	575808
2.47838801728959	31.4133948692841	11153.34	217.204	859883.3
3.23710741031407	35.8214113428709	11887.951	271.581	1036084.73
6.89349448520441	60.928691257047	17913.049	571.335	1735312.42
11.2799609760312	78.4763372189302	22293.949	912.125	2121231.65
15.0092079926336	75.3011397590882	20900.193	1153.985	2293480.64
25.2325198139841	92.8486057211154	25753.379	1961.268	2729170.57
34.8386221291023	98.3566013147189	27749.898	3405.073	3138620.23
41.8566165147068	97.0823823340941	27861.364	3760.858	3463926.3
48.3146813482549	97.3835220931823	28093.829	4190.828	3747775.29
57.6466538826769	99.5755603395517	29334.394	5625.653	4148624.58
66.2222870221704	99.980020015984	29777.377	6625.063	4504213.44
72.9990316007747	99.999640000288	30470.026	7912.365	4807975.33
78.6553270757383	100.0	31282.459	8843.651	5051830.23
