0.000589999528000378	0.0106199915040068	4.797	1.02	213.46
0.000939999248000602	0.0169199864640108	6.558	1.115	418.46
0.00157999873600101	0.0284399772480182	10.499	1.257	772.19
0.00289999768000186	0.0521999582400334	17.301	1.527	1162.1
0.00339999728000218	0.0611999510400392	22.063	1.736	1238.47
0.00797999361600511	0.143099885520092	49.755	2.486	3272.39
0.00906999274400581	0.163259869392104	53.362	2.738	3766.81
0.0161899870480104	0.291239767008186	102.417	3.888	6902.15
0.0186499850800119	0.334979732016214	105.513	4.194	8031.68
0.0216399826880138	0.387719689824248	142.909	4.476	9193.37
0.051559958752033	0.923039261568591	316.458	7.632	22482.7
0.0581799534560372	1.03661917070466	371.194	8.116	25119.71
0.105869915304068	1.8757784993772	711.874	12.811	45259.56
0.12540989967208	2.21075823139341	803.241	14.288	53243.41
0.248569801144159	4.33043653565077	1444.807	25.368	98041.7
0.264599788320169	4.53941636846691	1565.463	27.052	100743.48
0.455689635448292	7.61687390650087	2773.038	47.677	161996.94
0.837309330152536	13.4809092152726	4514.413	76.271	318249.36
1.12555909955272	17.208166233467	6329.409	114.284	444498.54
1.64559868352105	23.2835213731829	8034.28	158.432	601748.04
3.125027499978	39.7376682098654	13894.913	280.566	965985.03
3.53347717321826	38.6506490794807	13245.016	308.096	1090630.6
5.81724534620372	51.3638589089129	15114.475	511.1	1589604.77
9.63213229429416	65.3320277343778	18775.605	808.702	2062175.67
12.7272398182081	65.2051278358977	18983.92	1050.153	2199927.95
22.5635419491664	82.1987342410126	22776.77	1815.674	2625600.65
31.5663147469482	89.7061682350654	26656.045	2495.423	3015069.82
43.1889154488676	98.9718408225273	27244.784	3439.869	3505694.09
51.8675185059852	99.8524001180799	36497.942	4081.289	3885707.64
59.2637525889979	99.9251200599039	29239.607	4557.879	4215903.13
66.6856466514827	99.996760002592	33026.706	5174.563	4534148.14
72.9742616205907	99.999460000432	32694.617	5552.611	4807099.09
78.6650770679383	100.0	30366.385	5952.996	5050903.61
