0.000789999368000506	0.0142199886240091	9.257	1.381	293.85
0.00174999860000112	0.0314999748000202	11.458	1.458	732
0.0028099977520018	0.0505799595360324	17.91	1.76	1093.77
0.00292999765600188	0.0527399578080338	20.002	2.011	1266.61
0.0034399972480022	0.0617399506080395	24.981	1.809	1620.32
0.00545999563200349	0.0982799213760629	31.767	2.133	2082.59
0.00770999383200493	0.138239889408088	53.466	2.666	3324.64
0.0144699884240093	0.259379792496166	116.55	3.856	6134.39
0.0147899881680095	0.26513978788817	86.782	3.827	6158.51
0.024979980016016	0.447659641872287	156.325	5.122	10704.78
0.0367299706160235	0.657359474112421	218.47	6.625	14503.43
0.0730599415520468	1.30247895801683	544.726	9.501	29051.14
0.125799899360081	2.23343821324943	793.572	15.219	50558.01
0.143269885384092	2.52305798155361	970.07	16.084	59623.35
0.228869816904146	3.98429681256255	1454.08	24.265	89562.51
0.253889796888162	4.35653651477079	1642.63	27.151	95448.47
0.636849490520408	10.6565314747748	3692.068	65.811	243887.79
0.829179336656531	13.3693093045526	4754.983	79.713	309845.86
1.4080488735609	21.5562427550058	7751.594	136.692	505877.93
1.97919841664127	28.0038375969299	9816.326	186.733	722484.7
2.77126778298577	35.0583919532864	11926.519	256.496	913796.75
4.30758655393076	46.7339026128779	15052.982	389.083	1288586.18
7.43851404918876	66.5842867325706	19737.209	649.058	1802467.96
11.0702411438071	76.3368589305129	21395.932	931.469	2111985.78
16.0336471730823	80.8147153482277	22967.586	1325.847	2332170.68
25.6029495176404	94.8070041543967	25903.822	2051.651	2745385.55
30.1670558663553	86.4022708781833	24623.831	2354.323	2958857.09
42.136356290915	97.4868420105264	27499.363	3345.594	3473876.66
51.4405388475689	99.6599802720158	28367.6	4060.68	3870880.85
56.9232744613804	99.3196005443196	32799.81	4428.468	4091778.38
65.581297534962	99.949780040176	29413.738	5117.032	4472459.08
72.5228119817504	99.99820000144	32174.021	5619.695	4788284.59
78.6639470688423	100.0	30976.188	6050.663	5050865.79
