0.000809999352000518	0.0145799883360093	6.123	1.263	330.03
0.00164999868000106	0.029699976240019	11.327	1.473	732
0.00195999843200125	0.0352799717760226	12.475	1.511	860.63
0.00298999760800191	0.0538199569440344	18.368	1.822	1162.1
0.00371999702400238	0.0669599464320429	24.923	1.875	1539.93
0.00792999365600507	0.142739885808091	47.498	3.513	3103.56
0.00965999227200618	0.173519861184111	118.368	3.417	4068.28
0.0105799915360068	0.189899848080122	85.949	3.981	4385.86
0.0206599834720132	0.370259703792237	152.466	4.804	8739.16
0.0334799732160214	0.599759520192384	215.932	6.364	13514.57
0.0567499546000363	1.01429918856065	323.135	8.561	22784.18
0.0659799472160422	1.17485906011275	388.815	9.148	29493.31
0.107579913936069	1.90493847604922	729.248	13.129	45259.56
0.114639908288073	2.0257183794253	843.033	13.734	42996.31
0.18731985014412	3.2734773812181	1148.244	22.007	79266.31
0.252049798360161	4.33115653507477	1606.279	27.88	96280.72
0.403919676864259	6.76475458819633	2358.68	40.055	158349.8
0.9378892496886	15.1547278762177	5258.75	90.768	350437
0.944569244344605	14.5596483522813	5279.078	96.339	366006.9
1.77329858136113	25.0795599363521	8817.069	172.172	634137.05
3.12873749701	39.8021081583135	14728.375	294.834	967593.82
4.76088619129105	51.9506584394733	16789.946	424.852	1343797.63
6.79189456648435	59.9028720777023	18360.515	598.728	1719347.6
8.9114928708057	60.7969313624549	17025.217	751.06	2030282.9
14.028428777257	70.6618234705412	20075.381	1142.516	2257138.97
25.5160795871363	94.3026445578843	25841.204	2081.133	2743884.37
32.851093719125	92.9153856676915	26725.423	2603.882	3069198.84
43.5270351783719	99.3640605087516	31658.206	3445.125	3522487.23
51.0071391942886	99.4241804606556	28257.003	4110.854	3854607.34
58.6720830623335	99.8171201463039	29090.865	4595.619	4165409.64
65.7584073932741	99.961480030816	30089.91	5264.203	4495194.06
72.7988717609026	99.998560001152	30479.497	5565.876	4796871.95
78.6640170687864	100.0	32716.216	6115.623	5050865.85
