0.00074999940000048	0.0134999892000086	5.822	1.271	245.62
0.0010999991200007	0.0197999841600127	8.946	1.31	418.46
0.00241999806400155	0.0435599651520279	16.057	1.889	928.96
0.00275999779200177	0.0496799602560318	18.319	1.982	1093.77
0.00527999577600338	0.0948599241120607	32.237	2.343	2183.08
0.00689999448000442	0.123839900928079	78.276	2.577	2818.19
0.0100799919360065	0.180719855424116	58.726	3.394	4048.18
0.010909991272007	0.196199843040126	63.623	3.192	4852.12
0.020379983696013	0.365579707536234	154.364	4.41	9068.76
0.0368399705280236	0.661139471088423	249.062	5.974	15218.93
0.0489699608240313	0.875879299296561	291.794	8.47	20223.56
0.0597399522080382	1.06433914852868	394.823	8.614	22112.87
0.0994399204480636	1.76201859038513	717.261	11.817	44089.74
0.149029880776095	2.62187790249768	957.588	16.599	63683.74
0.235429811656151	4.09985672011462	1437.137	25.708	99613.71
0.270799783360173	4.64849628120298	1699.074	29.239	106818.58
0.60998951200839	9.89747208202233	3484.344	61.907	233330.25
0.621029503176397	10.3818516945186	3679.881	60.473	231355.53
1.19004904796076	18.1715254627796	6265.816	112.738	453762.46
1.76013859188913	24.8722001022399	9234.779	166.688	622294.75
2.23397821281743	28.5888371289303	9760.51	215.017	763927.81
3.11456750834599	34.6834522532382	11289.978	275.386	992311.59
7.29411416470867	65.0505079595936	20819.926	651.677	1779268.55
8.89156288674969	60.6658914672868	16993.751	740.56	2029176.05
11.9625104299917	62.1958902432878	18435.517	980.56	2161938.43
25.3817096946322	93.6177451058039	25202.319	2040.303	2738458.31
34.8303821356943	98.3279813376149	26768.78	2806.213	3139077.24
42.9427356458115	98.6267810985751	28267.879	3403.82	3499919.96
51.8723885020892	99.8545601163519	28491.518	4119.412	3885330.36
58.6421330862935	99.8120801503359	29000.967	4566.085	4164185.18
66.6930866455307	99.99640000288	29390.435	5144.947	4532345
72.5145119883904	99.996940002448	29952.517	5708.256	4781864.78
78.6728970616823	100.0	30762.821	6111.882	5051046.28
