0.000479999616000307	0.00863999308800553	6.675	0.852	277.77
0.00158999872800102	0.0286199771040183	10.319	0.994	679.74
0.0021899982480014	0.0394199684640252	14.516	1.04	872.68
0.00277999777600178	0.050039959968032	16.994	1.094	1266.61
0.00504999596000323	0.0908999272800582	37.272	1.302	2022.29
0.00548999560800351	0.0988199209440632	30.476	1.344	2134.84
0.0103299917360066	0.185399851680119	97.148	1.706	4196.91
0.0164399868480105	0.295199763840189	95.983	2.198	6468.03
0.0219599824320141	0.394199684640252	171.215	2.813	9016.5
0.0371299702960238	0.664559468352425	216.848	4.08	16030.95
0.0371699702640238	0.665999467200426	220.386	4.158	15186.78
0.0620099503920397	1.10501911598471	423.263	6.196	26824.13
0.121369902904078	2.15405827675338	787.985	11.559	45255.54
0.162559869952104	2.86379770896183	1042.655	15.411	64692.82
0.193469845224124	3.37049730360216	1110.636	18.374	81561.92
0.322609741912206	5.52311558150754	1998.433	29.553	131011.25
0.572749541800367	9.57239234208613	3294.096	50.353	227550.88
0.965419227664618	15.604547516362	5656.698	85.705	358877.63
1.08221913422469	16.5558467553226	5962.618	97.588	415070.61
2.04051836758531	28.9585568331545	9980.755	178.054	686215.16
3.07658753872997	39.130888695289	13547.603	271.724	951881.51
3.11553750756999	34.6915522467582	11247.801	263.52	992581.75
6.61418470865223	58.2740533807573	20106.244	547.838	1706865.05
7.95503363597309	55.2999157600674	15701.375	630.58	1908317.91
16.1778970576824	81.7321746142603	22706.298	1283.541	2336485.23
25.6234295012564	94.9063640749087	26176.644	2423.439	2745796.36
31.3615049107961	89.2135086291931	25364.345	2394.627	3004637.37
42.4398960480832	97.9253216597427	27719.581	3772.966	3483101.38
47.2540921967262	96.3924428860457	28412.427	4003.346	3700585.8
56.8200845439324	99.3178005457596	29497.969	5402.441	4108622.33
66.6915566467547	99.996220003024	29632.016	6650.124	4531846.07
72.6400518879585	99.998560001152	30289.035	7283.621	4791827.59
78.6770870583304	100.0	31119.864	8616.023	5051348.1
