0.000789999368000506	0.0142199886240091	5.794	0.853	317.97
0.00129999896000083	0.023399981280015	8.375	0.922	575.23
0.00166999866400107	0.0300599759520192	11.136	1.007	623.46
0.00341999726400219	0.0615599507520394	24.623	1.123	1367.1
0.00480999615200308	0.0865799307360554	27.998	1.533	2050.43
0.00672999461600431	0.120779903376077	37.793	1.374	2906.62
0.0112399910080072	0.201779838576129	69.734	1.81	4217.01
0.0153499877200098	0.275939779248177	93.216	2.205	6126.36
0.0241399806880154	0.433259653392277	150.351	2.892	10158.11
0.0268599785120172	0.481859614512308	238.378	3.218	9908.89
0.0415699667440266	0.741959406432475	306.826	4.387	18016.7
0.0783199373440501	1.39589888328089	488.009	7.759	31366.58
0.0815299347760522	1.44413884468892	505.321	7.951	32319.3
0.18776984978412	3.29849736120211	1160.394	17.145	75394.72
0.24964980028016	4.34951652038678	1473.234	22.65	99621.77
0.34418972464822	5.89751528198777	2090.476	31.652	133025.66
0.491879606496315	8.20727343418125	2955.081	44.674	193704.88
0.947699241840606	14.6345282923774	5237.915	84.137	368557.65
0.963559229152617	15.576647538682	5677.189	85.097	358443.13
1.46509882792094	20.8915032867974	7348.223	130.419	551842.72
2.57482794013765	32.5203939836848	10993.05	221.107	872804.36
3.55785715371428	38.9021088783129	12445.839	312.153	1093591.85
7.29382416494067	65.0479879616096	21804.008	651.998	1779236.09
7.54785396171683	53.085557531554	15272.19	658.578	1838412.96
11.8336305330956	61.6899106480715	17553.27	1001.482	2156961.24
23.0648415481268	83.9310528551577	24039.786	2005.108	2645039.99
31.5691547446762	89.7115682307454	26101.801	2709.792	3015199.79
43.2112054310357	98.9740008207993	27900.287	4546.415	3501266.15
49.6130903095277	98.484041212767	28604.791	4880.242	3803137.05
57.0021743982605	99.3529005176796	29303.374	5929.463	4095288.04
65.3924276860579	99.93880004896	30384.133	7000.548	4463879.91
73.0371215703027	99.999820000144	31263.704	8576.334	4809535.21
78.6581370734903	100.0	31468.017	9406.255	5051817.69
