0.000969999224000621	0.0174599860320112	7.207	1.103	378.26
0.00114999908000074	0.0206999834400132	29.995	1.216	470.72
0.00258999792800166	0.0466199627040298	16.543	1.528	1162.1
0.00266999786400171	0.0480599615520308	16.085	1.441	1093.77
0.00355999715200228	0.064079948736041	25.614	1.798	1539.93
0.00710999431200455	0.127799897760082	46.33	2.389	2677.5
0.00743999404800476	0.133919892864086	45.513	2.51	3236.21
0.0164899868080106	0.295919763264189	102.349	3.919	6886.07
0.0217799825760139	0.391679686656251	129.711	4.544	9016.5
0.0330999735200212	0.59309952552038	213.037	6.13	15604.84
0.054749956200035	0.980819215344628	410.042	7.984	20332.12
0.0776699378640497	1.38329889336089	526.465	9.981	33460.96
0.120249903800077	2.13191829446536	701.691	13.758	46883.67
0.147209882232094	2.59091792726566	955.753	16.463	59277.64
0.235269811784151	4.10399671680263	1726.914	26.054	99267.96
0.264259788592169	4.5340163727869	1524.846	27.444	100494.24
0.585579531536375	9.78785216971826	3518.876	56.853	241623.44
0.852309318152546	13.7147290282168	5041.87	84.984	319472.28
1.36454890836087	20.9062632749894	7478.531	130.527	487609
1.90688847448922	27.0055583955533	10515.576	179.987	660267.52
2.04393836484931	26.4111988710409	8964.946	187.863	694926.65
4.04885676091459	43.8573249141401	13686.621	365.758	1218753.65
7.11415430867655	63.1142495086004	18810.283	627.44	1749018.14
8.67566305946955	59.377992497606	16876.391	723.86	1999617.46
16.8841764926588	86.6018907184874	24325.442	1385.736	2363807.65
20.5879735296212	76.0672191462247	23719.778	1650.339	2543969
33.5341631726695	94.7033242373406	26550.452	2651.443	3099393.63
38.8769488984409	92.4067060746351	29083.478	3037.934	3335809.84
51.3389189288649	99.6074203140637	28269.93	4078.801	3866151.08
58.5161031871175	99.7892201686239	29179.512	4566.283	4186966.46
65.7096974322421	99.956260034992	29759.055	5064.821	4478375.3
72.8203317437346	99.998560001152	29567.246	5584.238	4798197.07
78.6711270630984	100.0	31467.934	5983.883	5051557.91
