0.000649999480000416	0.0116999906400075	5.667	1.01	366.21
0.001569998744001	0.0282599773920181	10.013	1.331	575.23
0.00278999776800179	0.0502199598240321	17.396	1.532	1037.49
0.00333999732800214	0.0601199519040385	22.619	1.801	1367.1
0.0039099968720025	0.070379943696045	231.444	1.954	1728.85
0.00505999595200324	0.0910799271360583	30.687	1.968	1857.48
0.00730999415200468	0.131579894736084	67.142	2.41	3007.09
0.01555998755201	0.279359776512179	92.577	3.673	7079.02
0.0239299808560153	0.429119656704275	171.828	4.79	9068.76
0.0338699729040217	0.606959514432388	204.066	5.774	15604.84
0.0352799717760226	0.630539495568403	223.968	5.791	12927.7
0.0810099351920519	1.44125884699292	506.208	9.796	32122.31
0.106859914512068	1.89521848382521	701.914	12.502	45259.56
0.166109867112106	2.92283766172987	1009.898	17.924	66666.72
0.197429842056126	3.4441172447062	1298.081	21.385	83334.9
0.250809799352161	4.31729654616276	1437.743	25.241	95448.47
0.501529598776321	8.39267328586137	2926.599	49.345	212565.94
0.67168946264843	10.8455313235749	3875.671	71.55	258250.52
1.02964917628066	15.7949873640101	5749.44	105.033	351374.39
1.69829864136109	24.0190007847994	10239.518	165.251	624859.67
2.24599820320144	28.7141170287064	9757.321	209.877	761220.61
4.85674611460311	53.139557488354	16857.991	454.193	1375423.19
6.77309458152433	59.7304322156542	25375.221	626.619	1717730.95
11.0952111238311	76.589938728049	21678.809	1011.614	2112765.73
14.5576283538973	73.0477215618228	22583.5	1336.356	2277689.28
22.7875317699746	82.9558136353491	23895.557	2054.27	2634351.7
34.1514926788059	96.3938828848937	27045.853	3094.749	3119973.41
41.8045465563628	97.0048023961581	27663.411	3764.244	3461670.39
51.6803586557131	99.7690601847519	29204.815	4696.869	3865153.09
58.0874535300372	99.6736602610718	30307.987	5106.133	4142519.27
65.2026278378977	99.9236800610559	30196.933	5829.138	4456013.66
72.6120719103425	99.998380001296	30779.845	6406.975	4790901.07
78.6757670593864	100.0	31177.071	7171.573	5050974.91
