0.000489999608000314	0.00881999294400564	4.714	0.978	245.62
0.00149999880000096	0.0269999784000173	9.627	1.186	518.95
0.00237999809600152	0.0428399657280274	15.315	1.451	973.18
0.00250999799200161	0.0451799638560289	15.814	1.411	1025.43
0.00320999743200205	0.057779953776037	23.955	1.679	1238.47
0.00539999568000346	0.0971999222400622	39.423	2.053	2303.67
0.009379992496006	0.168659865072108	68.128	3.021	4068.28
0.0158299873360101	0.284219772624182	91.695	3.778	5760.57
0.0160599871520103	0.288899768880185	115.996	3.802	7079.02
0.0210699831440135	0.377819697744242	133.972	4.534	8626.61
0.0539799568160345	0.967139226288619	372.014	9.06	20332.12
0.0617699505840395	1.10285911771271	390.996	8.488	22112.87
0.0758899392880486	1.34837892129686	453.437	10.082	28826.02
0.173729861016111	3.02813757748994	1055.97	21.089	64089.77
0.190889847288122	3.35987731209815	1168.859	20.388	75539.45
0.394899684080253	6.76367458906033	2330.514	42.005	153818.03
0.491539606768315	8.20295343763725	3127.212	49.857	193704.88
0.582389534088373	9.46115243107806	3301.145	58.408	209127.44
1.00158919872864	15.3496677202658	5423.957	99.094	383005.79
1.73483861212911	24.4850204119837	8543.134	160.011	620072.11
2.3480881215295	29.9233560613152	10310.183	210.715	775836.65
4.44196644642684	48.1679614656308	14967.051	423.731	1320144.28
5.01569598744321	45.285803771357	13121.031	454.163	1413647.5
9.94292204566236	67.4513460389232	18874.521	891.751	2070381.64
16.0646571482743	81.0076751938598	23176.812	1474.017	2333847.87
22.7359518112386	82.784813772149	28478.313	2055.629	2632188.07
33.8184129452696	95.4742636205891	28584.284	3122.006	3107762.99
43.3625653099478	99.1986406410875	27895.923	4003.186	3513966.98
51.8322185342252	99.8324201340639	28694.413	4615.849	3886395.45
56.7773145781483	99.2636205891035	30204.894	5150.367	4085446.8
66.1720770623383	99.977680017856	30872.778	5838.409	4501035.03
72.9296616562707	99.99910000072	30490.883	6519.394	4804939.55
78.6656170675063	100.0	31616.514	7019.35	5051692.06
