0.000829999336000531	0.0149399880480096	7.553	1.09	317.97
0.00141999886400091	0.0255599795520164	9.372	1.233	655.62
0.00194999844000125	0.0350999719200225	29.405	1.402	860.63
0.00248999800800159	0.0448199641440287	15.056	1.509	1025.43
0.00537999569600344	0.096839922528062	36.956	2.095	2183.08
0.00711999430400456	0.127979897616082	53.866	2.483	2922.7
0.00797999361600511	0.143459885232092	50.652	2.597	3079.44
0.0135899891280087	0.243899804880156	90.925	3.45	5410.85
0.0173199861440111	0.311219751024199	103.625	3.957	7517.16
0.0335699731440215	0.601739518608385	227.737	6.685	15604.84
0.0462199630240296	0.82745933803253	262.961	7.017	18149.35
0.0834199332640534	1.48715881027295	514.213	10.586	33838.81
0.120929903256077	2.14685828251337	764.968	15.055	45255.54
0.185899851280119	3.2738373809301	1113.789	19.89	75237.92
0.233229813416149	4.0631367494906	1404.741	27.121	94986.11
0.382199694240245	6.54515476387619	2367.327	40.118	147887.01
0.480909615272308	8.04473356421315	2829.358	49.207	194283.95
0.696129443096446	11.2557509953992	5182.796	66.245	238840.26
0.92211926230459	14.2280886175291	5175.859	90.649	346450.09
2.09107832713734	29.654796276163	11672.16	193.332	699606.73
3.08886752890598	39.2594085924731	13282.634	284.905	952861.25
3.92457686033851	42.5219059824752	13134.936	360.806	1212124.76
6.79826456138835	59.9894520084384	17367.246	600.311	1721020.93
11.0287711769831	75.9269992584006	22683.869	944.257	2110954.39
14.5685483451613	73.0972215222228	19980.625	1195.146	2278184.06
24.6142103086318	89.9889480088416	26259.752	1990.803	2702393.46
31.24407500474	88.9325288539769	24915.895	2469.545	2999555.35
39.035568771545	92.6594258724593	28017.152	3067.467	3344519
50.4643296285363	99.0928007257594	28828.037	3961.28	3832438.26
57.1972842421726	99.4375004499996	28638.522	4384.509	4125805.59
65.3121877502498	99.931960054432	28799.339	5042.086	4460508.42
73.0782115374308	99.999820000144	30575.372	5622.84	4811145.46
78.6625770699384	100.0	30355.834	6029.876	5051754.93
