0.00085999931200055	0.0154799876160099	6.421	0.879	330.03
0.00164999868000106	0.029699976240019	10.586	0.954	732
0.00226999818400145	0.0408599673120262	14.018	1.03	1025.43
0.00319999744000205	0.0575999539200369	20.176	1.104	1439.46
0.00489999608000314	0.0881999294400564	35.078	1.339	2022.29
0.00665999467200426	0.119699904240077	42.708	1.647	2677.5
0.00776999378400497	0.139499888400089	45.7	1.534	3360.82
0.0165099867920106	0.29627976297619	111.856	2.308	6536.36
0.0236499810800151	0.424979660016272	141.904	2.863	9398.37
0.0370099703920237	0.663299469360424	210.655	4.049	15186.78
0.0458299633360293	0.819359344512524	331.756	4.882	18149.35
0.0634199492640406	1.12859909712072	369.764	6.545	26824.13
0.0738799408960473	1.30787895369684	458.132	7.507	30687.21
0.182799853760117	3.22091742326606	1180.536	16.566	69368.33
0.190089847928122	3.31829734536212	1303.83	18.27	79266.31
0.422819661744271	7.23959420832463	2515.659	37.857	165563.71
0.584039532768374	9.76193219045425	3665.546	51.408	247817.27
0.956529234776612	15.4695476243619	5591.373	84.183	356194.13
1.41707886633691	21.6887226490219	8737.156	123.207	514097.07
1.563618749105	22.2301622158702	8132.176	132.141	532854.6
2.3368681305055	29.7921361662911	9906.038	204.584	773246.18
4.26912658469873	46.2894829684136	14753.114	381.854	1276736.79
6.19920504063597	54.6016963186429	16197.465	544.612	1634115.97
7.84841372126902	54.721216223027	15972.435	669.515	1890482.59
16.9972664021869	87.500629999496	26896.961	1536.197	2367879.26
24.8689801048159	91.1584070732743	29334.877	2171.581	2711580.46
28.161267470986	82.0538343569325	23315.958	2425.073	2870164.35
42.132636293891	97.4823420141264	27512.253	4187.161	3473767.53
50.7769693784245	99.2517405986075	29211.313	5295.137	3827222.06
59.5633323493341	99.96580002736	29500.643	6499.811	4214242.74
66.1757470594024	99.98110001512	30476.716	7240.603	4514616.46
73.0220415823667	99.999820000144	31260.518	8577.775	4808847.59
78.6776770578583	100.0	32853.031	9349.918	5051209.69
