0.000719999424000461	0.0127799897760082	7.382	1.2	261.69
0.00176999858400113	0.0318599745120204	15.448	1.44	732
0.00212999829600136	0.0383399693280245	17.429	1.669	860.63
0.00350999719200225	0.0631799494560404	28.165	1.767	1455.54
0.00504999596000323	0.0907199274240581	41.685	2.119	2243.37
0.00537999569600344	0.0964799228160617	43.005	2.182	1857.48
0.00772999381600495	0.138779888976089	63.32	2.627	3324.64
0.01568998744801	0.28115977507218	126.223	3.828	6809.7
0.0230099815920147	0.412919669664264	213.363	4.624	10419.39
0.0272199782240174	0.488339609328313	228.667	5.489	9908.89
0.0325799739360208	0.582119534304373	284.232	5.358	13767.81
0.0768499385200492	1.37105890315288	698.033	9.559	34767.44
0.0884899292080566	1.57103874316901	730.203	10.599	37573.35
0.172929861656111	3.04577756337795	1485.593	17.006	76062.09
0.174119860704111	3.03083757532994	1441.1	17.698	64089.77
0.282239774208181	4.85261611790711	2358.513	27.494	117863.32
0.632089494328405	10.5728315417348	5506.603	59.578	243867.69
0.731729414616468	11.7865705707435	6407.836	65.72	284334.9
1.13930908855273	17.4083260733391	10480.373	99.835	441069.92
2.08587833129734	29.6087163130269	14601.171	178.498	694584.32
3.27213738229009	41.7266666186667	20110.226	275.378	1021008.72
4.692386246091	51.1716190627047	22995.937	392.361	1320746.13
6.41731486614811	56.5050147959882	26036.271	528.11	1689563.55
11.2906909674472	78.5621971502423	35791.283	923.714	2121671.92
13.1672194662244	66.9657064274349	27416.316	1031.886	2223858.25
19.3049345560524	72.4801820158544	30181.225	1476.928	2486233.91
34.7331222135022	98.0354815716147	40849.347	2748.3	3139421.01
43.3819652944278	99.2224006220795	42196.845	3416.511	3515028.01
50.7765993787205	99.2517405986075	41621.81	3894.479	3827192.65
57.4712940229648	99.5006803994557	42377.589	4420.353	4116698.17
66.6261666990666	99.996040003168	43389.935	5149.679	4528303.05
72.7815717747426	99.998920000864	44011.542	5617.655	4797249.45
78.6771370582904	100.0	45054.516	6049.828	5051431.97
