0.00063999948800041	0.0115199907840074	12.346	1.036	261.69
0.00153999876800099	0.0277199778240177	10.22	1.216	655.62
0.00195999843200125	0.0352799717760226	12.425	1.742	772.19
0.00219999824000141	0.0395999683200253	15.648	1.38	828.47
0.0038999968800025	0.0701999438400449	30.871	1.648	1716.8
0.00598999520800383	0.107819913744069	35.868	2.118	2846.32
0.0105799915360068	0.190439847648122	71.986	3.08	4048.18
0.0138299889360089	0.247859801712159	90.007	3.747	6001.73
0.0186099851120119	0.333179733456213	126.461	4.163	8031.68
0.0275299779760176	0.493379605296316	172.265	5.602	12031.29
0.0481599614720308	0.85967931225655	271.045	7.228	19262.82
0.048379961296031	0.866699306640555	338.977	7.052	19516.08
0.0732899413680469	1.29977896017683	467.359	9.418	30687.21
0.129209896632083	2.27681817854546	802.977	14.245	53243.41
0.280029775976179	4.87655609875512	1733.948	28.455	111952.9
0.336729730616216	5.76503538797169	1980.091	35.541	144851.18
0.570819543344365	9.55097235922211	3346.593	58.139	218256.6
0.927229258216593	14.9524080380736	5248.295	90.644	335929.88
1.43964884828092	22.0850823319341	7980.256	139.209	515763.45
2.06538834768932	29.3126165499068	10557.634	193.529	677814.04
2.59447792441766	32.769333784533	11196.162	242.978	879781.02
4.89700608239513	53.7043970364824	17948.706	457.757	1368917.35
7.3381641294687	65.561707550634	20094.569	691.899	1790385.11
10.3900316879747	70.6629034696772	20150.698	956.044	2088563.09
16.5345867723306	84.0928727257018	25331.981	1542.386	2345957.58
19.5034043972765	73.0272015782387	20356.353	1748.088	2493689.31
32.3183141453487	91.5607067514346	25843.291	2881.58	3046430.38
42.8237557409954	98.467301226159	28633.562	3876.476	3499647.58
50.8904292876566	99.3592005126396	30009.803	4575.618	3849961.37
59.5376023699181	99.960220031824	29890.967	5413.123	4212439.54
66.6813266549387	99.996940002448	30099.707	5980.637	4534575.73
73.0179015856787	99.999820000144	30931.587	6462.277	4803455.33
78.6765670587464	100.0	33520.189	6974.643	5051494.77
