0.000569999544000365	0.0102599917920066	5.904	1.032	293.85
0.00104999916000067	0.0188999848800121	13.571	1.104	418.46
0.00248999800800159	0.0448199641440287	21.766	1.255	945.04
0.00283999772800182	0.0511199591040327	22.859	1.254	1302.79
0.00712999429600456	0.128159897472082	68.884	1.665	2922.7
0.017119986304011	0.307799753760197	149.264	2.415	6158.51
0.0542899565680347	0.971459222832622	527.557	5.348	21582.25
0.113909908872073	2.00969839224129	995.51	9.996	42996.31
0.270659783472173	4.65641627486698	2367.663	23.62	106818.58
0.273639781088175	4.76765618587505	2229.966	23.355	103698.59
3.80156695874643	41.2588469929224	18853.558	312.907	1181308.91
5.7742453806037	51.0513791588967	22071.958	445.484	1585634.54
51.6668086665531	99.7607801913758	45339.17	8299.085	3864654.28
57.7248938200849	99.5752003398397	46122.911	8829.743	4127617.18
64.9454880436096	99.9053200757439	47004.885	11328.868	4465787.74
