0.00172999861600111	0.0311399750880199	13.848	0.981	732
0.00177999857600114	0.0320399743680205	27.653	1.018	623.46
0.00245999803200157	0.0442799645760283	18.952	1.044	1081.71
0.00480999615200308	0.0865799307360554	37.168	1.218	2243.37
0.00685999451200439	0.123299901360079	54.44	1.358	2802.11
0.00924999260000592	0.166139867088106	101.095	1.748	4108.48
0.0637799489760408	1.13471909222473	536.937	5.782	26607.04
0.185399851680119	3.26411738870609	1607.556	15.695	75318.33
0.232399814080149	4.03361677310658	2065.454	19.962	96670.69
0.333339733328213	5.70095543923565	2756.666	28.014	140966.96
0.551349558920353	9.2120326303739	4748.759	44.321	210820.54
1.31610894711284	20.1065239147809	10098.678	103.015	515638.68
3.128657497074	39.8318081345535	19114.732	244.707	969077.6
4.3783264973388	47.4877420098064	21443.726	346.791	1310752.51
9.62214230228616	65.2672277862178	27108.533	734.971	2061869.61
40.4926476058819	94.9754840196128	40567.793	4619.413	3408375.97
48.403171277463	97.4661420270864	44625.865	5924.008	3752031.29
58.8792928965657	99.8587001130399	44492.294	9960.251	4175502.53
72.7906117675106	99.99910000072	46733.55	14354.643	4797739.96
78.6774870580104	100.0	47166.979	17989.075	5051360.72
