0.000929999256000595	0.0167399866080107	9.422	1.065	346.11
0.00163999868800105	0.0293399765280188	13.397	1.104	679.74
0.00192999845600124	0.0347399722080222	16.215	1.386	945.04
0.00203999836800131	0.0367199706240235	46.915	1.175	880.72
0.00464999628000298	0.0836999330400536	45.48	1.415	1716.8
0.00709999432000454	0.127619897904082	66.417	1.777	2922.7
0.0110299911760071	0.198539841168127	90.42	1.886	4663.19
0.0142099886320091	0.254519796384163	116.751	2.284	5941.43
0.023489981208015	0.42155966275227	189.547	3.042	9619.47
0.0236499810800151	0.424259660592272	184.648	3.019	9679.77
0.0339199728640217	0.606599514720388	278.703	3.721	12927.7
0.0774399380480496	1.37897889681688	667.357	8.17	30124.44
0.107279914176069	1.89971848022522	941.642	9.641	45219.37
0.1568198745441	2.75975779219377	1322.832	13.781	65010.41
0.166239867008106	2.89565768347385	1498.542	14.374	68190.39
0.391929686456251	6.70787463370029	3341.417	32.075	163798.42
0.600969519224385	10.0677519457984	4887.047	51.01	228705.15
0.802679357856514	12.9367696505843	6505.897	64.676	318715.98
0.900829279336577	13.8900488879609	6957.605	72.372	331959.22
1.88797848961721	26.6901986478411	13351.764	155.567	654955.85
3.24541740366608	41.3909668872265	19620.221	257.433	1027110.77
4.04484676412259	43.808364953308	19728.235	318.318	1218515.45
6.47061482350814	57.0118943904845	24626.401	493.618	1694185.4
9.95826203339037	67.5705059435953	30435.183	760.765	2070922.71
16.5299567760346	84.0595727523418	35208.712	1277.798	2345714.22
24.4864504108397	89.4529084376732	37453.972	1868.643	2697680.35
33.6822530541976	95.0973439221249	39394.951	4084.513	3103167.25
42.227306218155	97.6245419003665	43045.283	5546.297	3476073.91
51.7526885978491	99.7985801611359	43179.509	9228.747	3884311.31
57.2119842304126	99.4218404625276	43245.93	8463.361	4104990.98
66.6863866508907	99.996220003024	46558.507	12445.181	4531183.62
72.9513116389507	99.999280000576	47972.287	15496.343	4806168.27
78.6735070611944	100.0	46458.267	18072.452	5051000.08
