0.000899999280000576	0.0161999870400104	12.27	1.082	350.13
0.00147999881600095	0.0266399786880171	13.335	1.22	663.66
0.00166999866400107	0.0300599759520192	13.662	1.286	732
0.00246999802400158	0.0442799645760283	20.409	1.473	828.47
0.00337999729600216	0.0608399513280389	48.4	1.701	1318.87
0.00742999405600476	0.133739893008086	59.671	2.351	2906.62
0.0084399932480054	0.151919878464097	71.072	2.781	3324.64
0.0116299906960074	0.209339832528134	94.194	3.098	4494.37
0.0248599801120159	0.445679643456285	225.351	4.729	10138.01
0.0371999702400238	0.666179467056426	368.664	5.941	15218.93
0.0537799569760344	0.960479231616615	484.234	7.256	21075.76
0.0678499457200434	1.20959903232077	542.417	8.582	27025.11
0.12470990023208	2.20859823312141	1087.331	13.813	50553.99
0.151639878688097	2.67155786275371	1279.089	14.972	60202.26
0.23505981195215	4.08581673134661	1989.675	22.316	96670.69
0.320879743296205	5.49701560238752	2743.219	29.816	132064.7
0.585779531376375	9.77471218023026	4780.451	54.135	241317.76
0.773709381032495	12.449510040392	6843.765	68.662	289238.24
0.96840922527262	14.8957080834335	7735.666	85.012	381038.27
2.04357836513731	29.0089567928346	13996.215	175.259	685325.09
2.36672810661751	30.1573558741153	14422.827	196.12	780493.99
3.04183756652995	33.9967528025978	17573.096	249.332	963594.04
6.37418490065208	56.1277350978119	24018.61	516.404	1684808.22
8.72035302371758	59.6474522820382	24932.232	688.832	2005392.21
12.6501998798401	64.8976880818495	27817.169	969.955	2195210.75
25.1361298910961	92.3827660937871	43913.278	1929.011	2723644.18
31.9458844432924	90.627767497786	46190.536	2446.563	3031473.42
40.2146478282817	94.5438443649245	40288.732	3033.793	3398668.74
49.6669702664238	98.5236411810871	43272.777	3843.048	3804348.65
58.7530529975576	99.8358401313279	44373.474	4495.817	4195725.92
66.6935366451707	99.99640000288	44823.241	5080.264	4532323.98
72.6854518516385	99.998560001152	44733.303	5476.967	4793320.57
78.6779870576104	100.0	46369.91	5894.675	5051385.8
