0.000919999264000589	0.0165599867520106	10.334	1.294	370.23
0.00111999910400072	0.0199799840160128	10.173	1.288	518.95
0.0021899982480014	0.0394199684640252	19.729	1.547	937
0.00331999734400212	0.0597599521920382	41.762	1.747	1302.79
0.00461999630400296	0.0831599334720532	64.946	2.057	1873.56
0.00510999591200327	0.0919799264160589	39.393	2.149	2134.84
0.00857999313600549	0.154259876592099	70.188	2.716	3706.51
0.0119099904720076	0.214199828640137	122.587	3.476	5105.36
0.0240599807520154	0.431819654544276	238.014	4.747	10158.11
0.0303799756960194	0.543779564976348	295.248	5.915	12119.73
0.0339899728080218	0.607499514000389	292.894	5.914	12927.7
0.0494199604640316	0.882179294256565	451.408	7.306	19262.82
0.12444990044008	2.20445823643341	1195.805	13.969	50666.54
0.170879863296109	3.01229759016193	1458.197	17.185	77296.33
0.212869829704136	3.71249703000238	1873.867	20.848	88464.94
0.271709782632174	4.66469626824299	2367.358	25.484	106818.58
0.548759560992351	9.15821267342986	4458.508	48.67	213607.56
0.877219298224561	14.1447486842011	7477.282	75.365	356029.21
0.96815922547262	14.8926480858815	7398.556	84.736	380994.02
1.57439874048101	22.3723621021103	10810.648	135.457	545945.3
2.45794803364157	31.213595029124	14935.922	203.91	852665.45
3.87453690037048	42.0080063935949	19448.697	326.12	1197426.64
4.95802603357917	44.8592041126367	21524.89	402.854	1396397.26
7.6529138776689	53.6757770593784	23043.906	598.103	1858834.86
14.8258281393375	74.3799004960796	30727.53	1216.64	2286742.23
19.7929841656127	73.8312609349912	31626.82	1517.957	2505954.4
34.8213221429423	98.3027813577749	40233.768	2706.485	3138335.17
39.9579380336496	94.1273246981402	40798.906	3113.681	3387909.16
51.3451589238729	99.5870803303357	41424.224	3972.002	3852754.18
59.407542473966	99.949060040752	42645.501	4523.293	4218272.21
64.8587681129855	99.8972200822239	52539.886	4936.584	4462982.51
73.0115515907587	99.999820000144	44070.285	5628.782	4803098.8
78.6524170780663	100.0	44776.233	6105.043	5051817.67
