0.000489999608000314	0.00881999294400564	25.815	1.066	225.52
0.00146999882400094	0.0264599788320169	10.391	1.236	655.62
0.00227999817600146	0.0410399671680263	14.41	1.4	945.04
0.0028199977440018	0.0507599593920325	16.993	1.473	1142
0.00432999653600277	0.0779399376480499	52.749	2.096	1881.6
0.00563999548800361	0.101339918928065	33.848	1.999	2134.84
0.00710999431200455	0.127979897616082	42.209	2.332	3007.09
0.0150899879280097	0.271079783136173	98.513	3.612	5760.57
0.0162299870160104	0.291599766720187	99.472	3.729	6383.61
0.0223499821200143	0.401219679024257	137.564	4.707	9193.37
0.0548599561120351	0.981359214912628	358.218	7.748	20332.12
0.070279943776045	1.2493790004968	442.575	9.158	30687.21
0.0710399431680455	1.26269898984081	420.933	9.119	29199.87
0.133879892896086	2.35979811216151	873.941	16.059	55993.17
0.275659779472176	4.79267616585907	1821.504	27.458	105085.7
0.420169663864269	7.20953423237261	2616.976	43.943	165559.69
0.492129606296315	8.21483342813326	2859.702	50.307	193897.9
0.623879500896399	10.1235519011585	3554.3	62.49	246397.51
1.06578914736868	16.3605469115625	5813.216	99.849	405212.23
1.39616888306489	20.0120239903808	6826.047	129	513263.87
2.28644817084146	29.2013766388987	9733.146	202.059	759899.24
4.45949643240285	48.361461310831	15252.399	413.537	1322903.3
6.48677481058015	57.1621942702446	16658.812	588.503	1695023.92
11.2728909816872	78.3807572953942	22117.302	1039.256	2120661.38
13.6159691072247	68.8616449106841	18845.124	1205.294	2239750.11
25.5275695779443	94.3611445110844	26076.612	2325.923	2743947.3
31.273514981188	89.007228794217	25240.193	2901.239	3000897.2
38.8602589117929	92.3829460936431	27306.425	3479.905	3334975.46
51.8129685496252	99.8227001418399	29059.939	4751.737	3885829.35
59.45081243935	99.953380037296	29372.368	5331.568	4218498.6
65.2186078251137	99.92710005832	30391.709	6244.546	4475025.21
73.0688615449108	99.999820000144	31041.275	6472.387	4809417.86
78.6750670599464	100.0	31379.387	6940.589	5051037.78
