0.000779999376000499	0.014039988768009	6.976	0.874	293.85
0.0010899991280007	0.0196199843040126	9.924	0.94	518.95
0.00210999831200135	0.0379799696160243	54.933	1.065	872.68
0.00340999727200218	0.0613799508960393	25.769	1.113	1367.1
0.00369999704000237	0.0665999467200426	37.528	1.163	1539.93
0.00654999476000419	0.117719905824075	62.123	1.428	2854.36
0.00757999393600485	0.136439890848087	57.809	1.459	3272.39
0.0120699903440077	0.217079826336139	96.524	1.802	5455.07
0.0175299859760112	0.315179747856202	155.599	2.201	7517.16
0.026629978696017	0.476999618400305	257.551	2.967	11259.52
0.0458299633360293	0.819899344080525	380.77	5	18149.35
0.0811299350960519	1.44359884512092	719.12	7.338	32122.31
0.121489902808078	2.14883828092938	1109.288	10.56	48005.26
0.149559880352096	2.63267789385768	1291.09	12.617	65653.64
0.276549778760177	4.82129614296309	2338.32	22.986	107481.99
0.37490970007224	6.41555486755611	3260.38	32.278	147798.56
0.455339635728291	7.61471390822887	3835.596	37.623	161996.94
0.677799457760434	10.950111239911	5576.004	54.378	247503.56
1.23766900986479	18.9174448660441	9235.405	98.737	451291.51
1.82469854024117	25.7844393724485	12694.662	144.504	652583.98
2.9741476206819	33.3248133401493	16518.262	235.396	945128.45
3.13712749029801	39.9378280497376	19338.86	243.848	974432.27
6.66138467089226	58.6588930728855	25517.719	508.797	1709615.85
10.6105315115748	72.4254620596303	30482.295	848.075	2094152.57
13.2464394028485	67.2906061675151	28374.655	978.594	2226663.31
23.9243608605113	87.1613302709358	36275.434	1786.513	2677331.17
34.0883627293098	96.2239630208296	40068.091	4244.332	3117629.53
41.6866266506987	96.835242531806	42208.304	5280.79	3456408.13
51.1569690744247	99.4816004147197	42479.54	7706.909	3844694.86
59.5882023294381	99.969940024048	44000.699	10834.184	4217924.39
65.2504277996578	99.92890005688	46232.801	11505.125	4476111.13
72.8153117477506	99.99910000072	46915.624	14223.746	4798742.29
78.6652170678263	100.0	46819.915	18133.587	5051696.2
