0.000829999336000531	0.0149399880480096	8.204	1.197	342.09
0.00104999916000067	0.0188999848800121	10.427	1.267	470.72
0.00245999803200157	0.0442799645760283	21.148	1.601	928.96
0.00261999790400168	0.0471599622720302	21.83	1.857	1081.71
0.00548999560800351	0.0986399210880631	51.807	2.258	2183.08
0.00729999416000467	0.131399894880084	62.99	2.693	2922.7
0.00792999365600507	0.142559885952091	82.687	2.673	3324.64
0.0164099868720105	0.295019763984189	158.374	3.918	6536.36
0.017209986232011	0.309239752608198	159.662	4.053	7517.16
0.0348499721200223	0.623699501040399	284.911	6.032	14410.98
0.0474799620160304	0.847799321760543	408.714	7.407	20336.14
0.0616699506640395	1.0985391211687	531.832	8.639	26824.13
0.108399913280069	1.91069847144122	943.683	12.539	45762.08
0.111159911072071	1.97189842248126	979.552	12.557	45030.44
0.216679826656139	3.76757698593841	1981.068	21.391	88915.22
0.24976980018416	4.29047656761875	2475.565	24.04	101511.41
0.613689509048393	10.2662917869666	5010.751	54.848	228162.19
0.877499298000562	14.1506886794491	7003.992	77.337	356101.62
1.22608901912878	18.717645025884	9483.674	105.588	456499.02
1.94263844588924	27.4636580290736	13419.491	160.962	699792.02
1.99269840584128	25.7531193975045	12376.705	168.682	665377.94
3.66905706475435	39.9781480174816	18263.238	297.398	1139029.24
5.7826053739157	51.1122191102247	22122.207	456.482	1586605.85
9.5373023701581	64.7295682163454	27765.473	759.415	2059517.37
15.670557463554	78.7744169804664	32563.036	1230.178	2315574.31
25.5262895789683	94.3499845200124	38830.939	2014.931	2743943.02
34.4986424010861	97.3628221097423	45683.311	2745.476	3127734.89
43.5748751400999	99.4511804390556	41276.445	3420.385	3517367.74
47.8500617199506	96.9713224229421	42544.643	3717.43	3725409.1
57.5076439938848	99.5336203731037	44222.652	4506.754	4141915.53
65.0621979502416	99.9141400686879	45475.016	4984.245	4469695.72
72.9638816288947	99.999280000576	45232.55	5576.65	4806851.67
78.6493770804983	100.0	45978.502	6093.161	5050354.31
