0.000989999208000634	0.0178199857440114	9.568	1.253	370.23
0.00149999880000096	0.0269999784000173	12.939	1.347	651.6
0.00257999793600165	0.0464399628480297	24.897	1.644	1081.71
0.00260999791200167	0.0469799624160301	23.148	1.963	1154.06
0.00495999603200317	0.0892799285760571	40.447	2.569	1941.9
0.00735999411200471	0.132479894016085	60.626	2.518	2906.62
0.00875999299200561	0.157319874144101	72.331	3.199	3706.51
0.0148399881280095	0.266939786448171	137.868	3.603	7079.02
0.0227099818320145	0.407339674128261	238.992	4.686	10419.39
0.0240199807840154	0.430379655696275	247.445	4.888	9679.77
0.0543999564800348	0.973079221536623	519.855	8.662	20332.12
0.0721799422560462	1.28735897011282	690.309	10.081	30108.36
0.106029915176068	1.8734385012492	856.431	11.934	45762.08
0.11000991199207	1.94903844076925	917.447	12.5	45002.3
0.23481981214415	4.09175672659462	2033.929	23.659	97116.97
0.341559726752219	5.83307533353973	2958.843	32.598	133025.66
0.51555958755233	8.61677310658152	4203.118	47.103	196632.5
0.961829230536616	15.5404675676259	7718.142	86.561	357843.66
1.17360906111275	17.9182656653875	8735.723	107.245	434860.64
2.01045839163329	28.4997372002102	14596.312	172.025	697298.92
2.89950768039386	36.7278906176875	17254.96	242.246	967005.15
3.57549713960229	39.075088739929	17750.068	300.354	1099583.13
7.08676433058854	62.8523497181202	26877.571	570.596	1743372.75
11.1316710946631	76.9589384328493	31121.721	877.842	2116342.45
16.7262666189867	85.4686116251107	35271.95	1328.932	2356708.7
25.2604497916402	93.0025055979955	37837.903	1975.334	2730713.71
34.7248722201022	98.0149615880307	41627.81	2717.756	3139353.96
38.9054788756169	92.4540460367632	39115.09	2962.977	3337407.55
50.7124794300165	99.2123206301435	41313.087	3950.561	3824291.2
59.4870524103581	99.958960032832	42729.26	4538.83	4217332.93
65.1505278795777	99.921340062928	44297.266	5025.677	4472752.5
72.9867716105827	99.999640000288	45546.36	5585.291	4807526.72
78.6756270594984	100.0	44950.387	6031.075	5051050.44
