0.00205999835200132	0.0370799703360237	12.687	1.285	880.72
0.00512999589600328	0.0923399261280591	29.039	1.284	1857.48
0.0118599905120076	0.213479829216137	79.609	1.878	4715.45
0.0165799867360106	0.297899761680191	113.128	2.282	6886.07
0.025059979952016	0.448379641296287	158.029	2.949	10704.78
0.0446899642480286	0.799379360496512	297.06	4.621	18149.35
0.0797799361760511	1.41983886412891	618.962	8.542	32122.31
0.119299904560076	2.10185831851335	749.6	11.272	48190.16
0.173149861480111	3.01715758627393	1028.693	15.336	64089.77
0.404809676152259	6.77861457710834	2422.622	36.971	158349.8
0.85932931253655	13.2953293637365	4712.408	79.278	308357.48
1.78436857250514	25.2368798104962	10879.264	155.58	643281.83
2.0333283733373	26.2529789976168	8740.901	173.753	686629.98
4.63561629150697	50.5057995953603	16022.337	410.402	1304419
6.48404481276415	57.1258342993326	17676.009	573.728	1694833.53
9.86112211110231	66.9181864654508	18559.112	850.231	2068192.83
16.0127371898102	80.6996954402436	22216.954	1378.706	2331147.37
43.4707652233878	99.3035805571356	28114.799	4594.663	3518617.17
50.5844195324644	99.1329406936474	28362.682	5256.461	3818412.47
59.5950323239741	99.971560022752	29986.964	6479.381	4221048.15
66.5233967812826	99.992440006048	30691.46	7459.689	4518352.65
72.9466616426707	99.999820000144	31325.395	8382.023	4801111.45
78.6572170742263	100.0	32915.456	9480.222	5050622.73
