0.000799999360000512	0.0143999884800092	7.803	1.079	370.23
0.00201999838400129	0.0363599709120233	36.011	1.374	872.68
0.00214999828000138	0.0386999690400248	18.261	1.416	732
0.00246999802400158	0.0444599644320285	19.926	1.58	1266.61
0.00457999633600293	0.0824399340480528	38.433	1.865	1873.56
0.00653999476800419	0.117719905824075	55.309	2.767	2846.32
0.00873999300800559	0.157139874288101	71.066	2.655	3738.67
0.013999988800009	0.251819798544161	130.521	3.486	6001.73
0.0180999855200116	0.324719740224208	805.909	4.008	7963.35
0.0209699832240134	0.376559698752241	179.216	4.27	9193.37
0.0355899715280228	0.636479490816407	307.251	6.607	14503.43
0.0580199535840371	1.03571917142466	537.94	7.817	24838.33
0.101389918888065	1.79765856187315	859.443	11.592	44089.74
0.116329906936074	2.04479836416131	1014.74	12.213	42996.31
0.17222986221611	3.00293759764992	1490.885	17.319	64089.77
0.420009663992269	7.20971423222861	3542.143	38.98	165559.69
0.537219570224344	8.97965281627775	4336.444	48.009	219290.19
0.814959348032522	13.1137095090324	6610.258	70.872	317505.14
1.44322884541692	22.1173023061582	10897.701	124.707	516725.47
1.94519844384124	27.5329579736336	14813.305	165.91	703888.15
3.07146754282597	39.067168746265	18831.456	257.908	951494.5
3.67134706292235	40.0006479994816	18113.832	301.984	1139917.03
7.3395641283487	65.58168753465	28132.528	597	1790689.19
11.0253811796951	75.8942392846086	33081.961	891.329	2110891.32
16.5957867233706	84.5448523641181	35049.557	1302.572	2349093.97
23.8266309386952	86.7808105753515	35611.894	1840.48	2673465.09
33.9599728320217	95.8816032947174	39673.869	2674.943	3112895.5
43.2462754029797	99.0182807853754	40590.386	3379.932	3503710.59
51.8678985056812	99.8538401169279	41820.382	3997.754	3884441.32
57.0801143359085	99.3984404812476	43862.441	4415.264	4120191.22
66.4466868426505	99.988840008928	43805.158	5078.107	4515665.01
72.7744617804306	99.998920000864	43886.052	5597.27	4796888.83
78.6682670653863	100.0	45427.26	5921.875	5051624.82
