0.000879999296000563	0.0158399873280101	46.057	1.117	342.09
0.00162999869600104	0.0293399765280188	25.727	1.306	627.48
0.00207999833600133	0.037439970048024	12.948	1.679	872.68
0.00346999722400222	0.06245995003204	20.898	1.719	1439.46
0.00523999580800335	0.0941399246880602	36.719	2.073	2183.08
0.0064099948720041	0.115379907696074	40.215	2.258	2609.16
0.011009991192007	0.198179841456127	67.614	2.947	4385.86
0.0113899908880073	0.204839836128131	69.394	3.044	4217.01
0.0175899859280113	0.315719747424202	148.8	4.061	7517.16
0.0224199820640143	0.401219679024257	156.853	4.59	8626.61
0.0483599613120309	0.864899308080553	323.377	7.281	20223.56
0.0746899402480478	1.32875893699285	413.88	9.685	29051.14
0.116699906640075	2.06981834414532	799.073	13.539	50003.23
0.129729896216083	2.28455817235346	825.885	16.728	55993.17
0.221729822616142	3.86171691062647	1553.573	23.149	93289.48
0.37438970048824	6.4052948757641	2189.137	35.443	147834.76
0.429629656296275	7.20467423626061	2736.141	45.222	174510.92
0.626579498736401	10.1708918632865	3590.93	60.825	249526.65
1.10282911773671	16.8497865201708	7013.222	104.34	420088.4
1.75190859847312	24.7474602020318	8720.453	166.838	618807.8
2.66692786645771	33.7445730043416	11482.267	250.708	892441.14
3.2860273711781	36.2924709660232	13145.133	316.492	1037972.34
6.65112467910026	58.5721331422935	16912.468	614.579	1709089.19
8.91926286458971	60.8462513229989	17395.269	805.314	2030756.69
12.9968296025363	66.2622669901864	18967.927	1159.612	2215882.81
22.3892320886143	81.6410946871243	23372.525	2023.754	2619721.94
33.8020329583736	95.4310636551491	26767.833	3083.487	3107234.66
43.4097952721638	99.2234806212155	29760.462	3875.912	3513908.37
49.5033203973437	98.399261280591	28670.863	4398.609	3797421.83
59.5586423530861	99.964720028224	34877.895	5285.728	4213672.4
66.5395667683466	99.99280000576	30414.468	6031.864	4519006.77
72.8513417189266	99.998740001008	31475.784	6593.858	4799639.49
78.6773070581544	100.0	32494.237	6985.11	5051323
