0.00085999931200055	0.0154799876160099	6.013	0.907	378.26
0.00166999866400107	0.0300599759520192	10.199	0.942	623.46
0.00179999856000115	0.0323999740800207	11.589	0.969	752.09
0.00324999740000208	0.0584999532000374	19.058	1.127	1455.54
0.00419999664000269	0.0754199396640483	26.279	1.35	1423.38
0.00762999389600488	0.137159890272088	44.278	1.508	3031.21
0.00820999343200525	0.147239882208094	46.992	1.547	3497.49
0.0165899867280106	0.297899761680191	110.496	2.294	6902.15
0.0176399858880113	0.316619746704203	137.918	2.567	6616.76
0.0340499727600218	0.61001951198439	199.185	3.794	15604.84
0.0497799601760319	0.889559288352569	319.32	6.226	19516.08
0.0838199329440536	1.49399880480096	463.054	9.824	33838.81
0.123709901032079	2.19707824233741	807.447	12.35	49428.36
0.186009851192119	3.2776173779061	1125.044	17.438	75394.72
0.227199818240145	3.96161683070654	1431.007	20.786	90732.47
0.388169689464248	6.52067478346017	2292.759	34.555	141670.6
0.409299672560262	7.00757439394048	2390.294	37.345	155398.3
0.60873951300839	9.87119210304632	3465.756	53.886	233330.25
1.4019888784089	21.4619228304617	7544.745	124.12	500432.16
1.45829883336093	20.8218433425253	7227.162	125.004	550329.11
2.94915764067389	37.3485301211759	12484.975	266.005	986658.13
3.98948680841055	43.1978054417556	13896.372	359.113	1219754.89
5.72668541865167	50.6978594417124	16190.321	488.055	1569131.61
8.69009304792556	59.4582724333821	17145.707	729.57	2001088.53
12.1930202455838	63.1117295106164	18474.42	1045.446	2172475.78
21.6325626939498	79.1920166463867	22117.243	1867.236	2586051.11
29.1098667121066	84.0593927524858	25859.688	2487.907	2911382.54
42.9512556389955	98.6350610919511	28138.088	4374.189	3499936.8
51.591808726553	99.7226202219038	28869.181	5470.446	3861874.13
57.2119842304126	99.4218404625276	28729.207	5777.315	4104990.98
65.3208877432898	99.932320054144	29893.47	6984.178	4460856.61
72.6039319168545	99.998380001296	31291.194	8016.279	4790632.69
78.6656170675063	100.0	31203.157	9542.836	5051692.06
