0.00060999951200039	0.010979991216007	6.952	0.921	293.85
0.00169999864000109	0.0305999755200196	14.693	1.009	627.48
0.00198999840800127	0.0358199713440229	16.857	1.101	977.2
0.00328999736800211	0.0592199526240379	26.998	1.143	1238.47
0.00329999736000211	0.059399952480038	29.925	1.101	1459.56
0.00495999603200317	0.0892799285760571	44.843	1.247	1978.07
0.00754999396000483	0.135359891712087	57.932	1.77	3007.09
0.0147099882320094	0.263699789040169	120.022	2.185	5913.29
0.0210099831920134	0.377819697744242	180.493	2.64	8739.16
0.0347299722160222	0.622079502336398	296.563	3.524	14410.98
0.0452299638160289	0.808379353296517	451.781	4.563	18149.35
0.0854099316720547	1.52153878276897	714.327	7.753	33838.81
0.10941991246407	1.93877844897724	929.834	9.567	43438.51
0.110859911312071	1.95137843889725	1053.325	9.449	45762.08
0.160909871272103	2.8051177559058	1316.45	13.715	68190.39
0.270909783272173	4.64867628105898	2446.348	22.865	106818.58
0.371479702816238	6.24239500608399	3014.738	30.028	150569.03
0.847279322176542	13.6394890884087	6828.653	68.053	319411.94
1.18642905085676	18.1218455025236	8801.35	95.136	449412.18
1.79877856097715	25.4148996680803	12259.613	139.598	653494.07
2.25643819484944	28.8404769276185	14736.971	177.528	758779.29
4.86842610525912	53.2518773984981	24010.231	385.706	1373313.8
5.57301554158757	49.4897004082397	21460.33	423.179	1520581.92
10.5120315903747	71.6606426714859	30035.358	811.742	2095423.03
15.9268772584982	80.2012758389793	33684.339	1215.008	2327361.04
22.9273316581347	83.4299332560534	34808.501	1675.343	2640503.13
33.2940733647413	94.0632447494042	39698.936	3874.759	3090839.5
39.3639485088412	93.1736854610516	44914.48	4295.807	3360893.06
51.7948785640971	99.8221601422719	43136.972	8362.683	3869249.74
59.345922523262	99.939160048672	45148.529	10550.172	4217534.18
65.9070972743222	99.96940002448	46722.548	11974.554	4501764.74
72.7772017782386	99.99820000144	45916.953	15790.667	4795450.47
78.6764370588504	100.0	47133.31	18071.341	5051004.18
