0.000949999240000608	0.0170999863200109	9.725	1.063	378.26
0.00126999898400081	0.0228599817120146	11.557	1.061	470.72
0.0028199977440018	0.0507599593920325	21.934	1.219	1025.43
0.00333999732800214	0.0601199519040385	26.222	1.27	1347.01
0.00453999636800291	0.0817199346240523	33.75	1.372	1881.6
0.00509999592000326	0.0917999265600588	50.408	1.45	1857.48
0.0105699915440068	0.190079847936122	104.077	1.871	4663.19
0.0155099875920099	0.278099777520178	148.222	2.436	6459.99
0.0165999867200106	0.298799760960191	135.339	2.467	6158.51
0.0314599748320201	0.563939548848361	267.88	3.429	13096.53
0.037549969960024	0.67121946302443	349.681	4.101	16030.95
0.0618799504960396	1.10447911641671	556.984	6.324	22112.87
0.0930099255920595	1.64825868139305	855.999	8.414	40117.98
0.183689853048118	3.23801740958607	1615.483	17.919	70715.12
0.243919804864156	4.24709660232272	2307.687	20.523	96196.29
0.408129673496261	6.99623440301248	3594.518	35.031	149945.76
0.613929508856393	10.2659317872546	4979.023	51.374	225568.14
0.798959360832511	12.8552297158162	6439.772	65.683	315952.35
1.10535911571271	16.8636465090828	8476.364	87.921	422253.32
1.66634866692107	23.5475811619351	11389.371	141.598	615892.61
2.23532821173743	28.6016171187063	13545.592	173.439	763492.73
4.49040640767487	48.7319010144792	22565.567	343.659	1326668.28
7.32137414290069	65.3417477266018	28098.313	575.049	1786902.45
7.90616367506906	55.0367559705952	22759.304	602.38	1900406.47
16.9933864052909	87.460490031608	36535.041	1307.662	2367619.29
21.5943427245258	79.0753767396986	34322.494	1631.253	2584889.86
30.3572857141714	86.8583905132876	36546.111	2277.146	2965238.87
43.2556753954597	99.0321407742874	41738.415	6692.074	3504490.56
51.7948785640971	99.8221601422719	45139.887	8506.841	3869249.74
57.4151840678527	99.4866404106877	42908.913	8545.965	4114203.28
65.5184175852659	99.94960004032	45371.755	11703.646	4486350.79
73.0745415403668	99.999820000144	46203.359	16461.093	4810453.49
78.6571570742743	100.0	47236.45	18181.912	5051838.69
