0.000429999656000275	0.00773999380800495	3.25	1.049	261.69
0.0010999991200007	0.0197999841600127	3.839	1.088	418.46
0.00250999799200161	0.0451799638560289	6.457	1.239	973.18
0.00536999570400344	0.0966599226720619	12.655	1.409	2183.08
0.0164999868000106	0.29663976268819	31.805	2.685	6315.28
0.0257899793680165	0.462059630352296	49.866	3.063	10138.01
0.0393599685120252	0.70379943696045	106.873	4.021	16871.06
0.0760499391600487	1.35467891625687	188.222	6.767	30124.44
0.0847699321840543	1.50515879587296	164.068	8.178	35720.16
0.129019896784083	2.27159818272145	302.44	11.275	55993.17
0.283169773464181	4.93469605224316	614.303	23.236	111747.88
0.35995971203223	6.05177515857987	715.736	29.264	150569.03
0.420559663552269	7.20035423971661	815.696	37.474	165909.52
2.11467830825735	30.0081359934912	3397.821	171.222	723088.91
2.21491822806542	28.3512373190101	3075.629	175.904	768250.54
16.1447770841783	81.5273347781322	7144.854	1237.954	2337022
24.2793305765355	88.5998891200887	8148.036	1862.845	2688992.19
34.8256321394943	98.3236613410709	10117.177	5463.539	3137915.53
39.5023683981053	93.4019252784598	9515.395	4323.303	3367849.38
58.8301329358937	99.8511401190879	12950.712	9021.994	4198443.09
72.5127419898064	99.998020001584	13539.882	11481.623	4787957.53
78.6571570742743	100.0	13753.331	11560.963	5051838.69
