0.000809999352000518	0.0145799883360093	6.021	1.241	245.62
0.00144999884000093	0.0260999791200167	12.987	1.209	651.6
0.00160999871200103	0.0289799768160185	33.3	1.279	663.66
0.00355999715200228	0.064079948736041	22.86	1.767	1459.56
0.00521999582400334	0.0939599248320601	33.496	1.967	2207.2
0.00783999372800502	0.14111988710409	47.451	2.444	3276.41
0.0119599904320077	0.215279827776138	84.648	3.191	4715.45
0.0121099903120078	0.217799825760139	84.816	3.586	5105.36
0.01564998748001	0.28115977507218	201.003	3.76	5760.57
0.0340199727840218	0.610559511552391	224.088	5.772	15017.95
0.0470599623520301	0.839339328528537	281.666	6.929	19616.57
0.051579958736033	0.921059263152589	342.513	8.139	19262.82
0.107169914264069	1.89881848094522	676.616	13.167	45110.83
0.162239870208104	2.85605771515383	1133.012	17.946	65291.81
0.207389834088133	3.61457710833831	1239.418	21.184	73469
0.429619656304275	7.37351410118872	2619.919	46.665	166971.14
0.627559497952402	10.4945316043747	3653.08	63.013	244080.86
0.762099390320488	12.2952501637999	4251.264	75.218	302412.03
0.897689281848575	13.8331689334649	4837.606	87.398	327775.4
1.97622841901726	27.9381376494899	9929.33	181.989	727531.84
3.04622756301795	38.6538890768887	12827.924	290.115	959804.07
4.5312063750349	49.2209606232315	15678.229	405.437	1321667.18
4.94088604729116	44.7506641994686	13153.579	458.67	1391365.62
7.48873400901279	52.7754177796658	15528.394	676.894	1826788.12
13.1963894428884	67.0875663299469	18637.046	1173.499	2224860.21
19.5014343988525	73.0214415828467	20642.121	1744.663	2493609.72
32.6684538652369	92.4454060436752	27687.947	2917.967	3061345.37
41.4114368708505	96.4147628681897	30897.304	3759.726	3446499.73
50.6873494501204	99.1964806428155	29188.495	4575.53	3823071
57.3994740804207	99.4807004154397	30136.403	5441.73	4113469.45
65.4212276630179	99.94240004608	30542.192	5897.037	4482472.21
72.9636816290547	99.999280000576	31298.38	6507.22	4806826.45
78.6640970687223	100.0	34853.695	7071.798	5051729.71
