0.000599999520000384	0.0107999913600069	8.423	1.022	277.77
0.00170999863200109	0.0307799753760197	38.77	1.308	655.62
0.00198999840800127	0.0358199713440229	12.393	1.245	715.92
0.00340999727200218	0.0613799508960393	20.207	1.629	1455.54
0.00451999638400289	0.0813599349120521	27.794	1.949	2070.53
0.00685999451200439	0.123479901216079	59.036	2.318	2906.62
0.00791999366400507	0.142559885952091	48.21	2.52	3324.64
0.0105599915520068	0.189719848224121	68.894	3.772	3915.54
0.0205299835760131	0.368999704800236	153.13	4.371	8831.59
0.0345299723760221	0.617939505648396	199.703	5.739	12927.7
0.035859971312023	0.642599485920411	224.644	5.965	13582.91
0.0478499617200306	0.852119318304545	301.271	7.011	20508.96
0.119509904392076	2.11967830425736	759.955	13.696	46883.67
0.142739885808091	2.51207799033761	910.409	17.538	59386.17
0.190339847728122	3.31937734449812	1270.932	19.556	79266.31
0.322039742368206	5.51645558683553	1970.309	31.993	131011.25
0.37491970006424	6.30035495971603	2270.647	38.565	146958.17
0.877209298232561	14.1420486863611	4970.662	87.883	355896.46
1.30881895294484	20.0201239839008	7043.619	130.077	520637.94
2.06769834584132	29.3610365111708	10554.498	193.483	677226.05
2.10713831428935	27.1434382852494	9378.118	203.786	736184.22
3.91837686529851	42.4610660311472	13511.702	364.898	1209855.96
6.248065001548	54.9969760024192	16648.251	570.191	1650368.48
11.0618211505431	76.2508189993448	23126.327	1007.477	2111746.96
15.4457476434019	77.5230579815536	22831.559	1402.677	2309817.03
20.7573233941413	76.559698752241	23174.569	1886.089	2551311.25
34.8246321402943	98.3186213451029	27108.416	3121.455	3137991.25
40.0331179735056	94.2403646077083	28175.26	3611.92	3390928.32
50.7293094165525	99.2683005853595	30719.593	4597.594	3843307.03
59.5633623493101	99.966340026928	30003.95	5289.129	4214385.31
66.6237567009946	99.994420004464	29977.765	6001.801	4525455.76
73.0288715769027	99.999820000144	31793.26	6481.17	4804390.37
78.6559470752423	100.0	36332.317	6995.492	5051834.45
