0.00145999883200093	0.0262799789760168	4.24	1.107	478.76
0.00178999856800115	0.0322199742240206	4.82	1.121	812.39
0.00246999802400158	0.0444599644320285	6.498	1.305	928.96
0.00700999439200449	0.126179899056081	15.692	1.55	3236.21
0.00871999302400558	0.1567798745761	18.947	2.019	3079.44
0.0110999911200071	0.199439840448128	26.752	1.893	4385.86
0.0193299845360124	0.346139723088222	42.91	2.871	7963.35
0.0248599801120159	0.445859643312285	49.469	3.558	10704.78
0.376259698992241	6.32555493955605	691.673	31.925	146170.05
1.33252893397685	19.1068047145562	2196.526	106.611	464958.4
2.72988781608975	34.5066923946461	3701.173	219.015	908451.65
4.72677621857903	51.567618745905	5237.07	376.224	1329714.28
7.10714431428455	63.0469295624563	5884.196	568.471	1747194.37
10.8150113479909	74.1460806831355	6373.722	844.938	2097528.07
16.5354167716666	84.0959327232538	7523.197	1282.407	2345974.22
34.7188122249502	98.0014615988307	10221.082	5378.392	3139328.76
42.247166202267	97.6538818768945	10591.99	5580.01	3476526.74
58.5881731294615	99.8041601566719	11994.167	8966.606	4189511.63
65.7594973924021	99.959140032688	13049.824	8993.313	4480535.06
73.0674015460788	99.999820000144	13564.915	9163.62	4811057.35
