0.000869999304000557	0.01565998747201	3.164	1.064	350.13
0.0013999988800009	0.0251999798400161	9.791	1.189	543.07
0.00178999856800115	0.0322199742240206	5.152	1.317	880.72
0.00220999823200141	0.0397799681760255	5.788	1.398	937
0.00500999599200321	0.0901799278560577	11.137	1.941	1941.9
0.00741999406400475	0.133559893152085	15.467	2.607	3236.21
0.00995999203200637	0.179279856576115	20.436	3.104	4048.18
0.0167899865680107	0.301679758656193	37.128	3.77	6886.07
0.0213099829520136	0.382679693856245	46.654	4.385	8698.97
0.03125997499202	0.557819553744357	95.857	5.183	13767.81
0.0338199729440216	0.604799516160387	84.737	5.433	13514.57
0.0761899390480488	1.35791891366487	153.468	8.79	30124.44
0.105939915248068	1.8736185011052	220.086	13.122	43655.59
0.116459906832075	2.04821836142531	261.599	12.957	42996.31
0.229769816184147	3.99779680176256	477.092	22.502	89562.51
0.376539698768241	6.44111484710812	771.653	34.267	147842.8
0.59309952552038	9.90809207352634	1255.39	53.335	226855.12
0.674149460680431	10.894491284407	1267.588	58.641	254827.72
1.13933908852873	17.4094060724751	2045.992	97.468	440921.01
1.76593858724913	24.97660001872	2940.226	149.598	628769.51
1.91120847103322	24.8405201275839	2877.16	158.335	652455.11
4.35479651616279	47.2013622389102	5373.638	362.637	1305101.6
6.21732502613998	54.753256197395	6330.88	507.194	1639934.05
9.85933211253431	66.9102664717868	9619.294	789.821	2068167.59
11.7979705616236	61.5493307605354	10893.85	908.094	2155686.46
19.4932944053645	72.9993016005587	15912.034	1511.236	2493307.88
33.1817434546052	93.772364982108	21331.27	2603.376	3086478.71
40.9310472551622	95.6627234698212	24118.229	3132.335	3424913.41
51.8652085078332	99.8554601156319	22180.714	4045.844	3883841.78
59.0565627547498	99.8916400866879	22820.801	4554.161	4186593.31
65.2430678055457	99.927820057744	28930.157	5075.63	4475846.87
72.7325818139345	99.998920000864	29195.755	5440.976	4795031.26
78.6723970620824	100.0	29618.46	6069.46	5051067.14
