0.000469999624000301	0.00845999323200541	3.005	1.007	213.46
0.00125999899200081	0.0226799818560145	10.241	1.28	543.07
0.00161999870400104	0.0291599766720187	4.933	1.25	772.19
0.00324999740000208	0.0584999532000374	7.43	1.275	1250.53
0.00393999684800252	0.0709199432640454	9.28	1.278	1740.91
0.00770999383200493	0.138779888976089	17.362	1.594	2922.7
0.00920999263200589	0.165779867376106	18.351	1.654	4108.48
0.0166299866960106	0.298259761392191	31.315	2.144	6886.07
0.0209499832400134	0.37511969990424	39.311	2.579	9193.37
0.0211599830720135	0.379259696592243	44.575	2.583	8739.16
0.0410099671920262	0.73367941305647	84.661	4.407	14849.12
0.0846599322720542	1.51073879140897	163.009	7.742	33834.79
0.106589914728068	1.88747849001721	272.591	9.621	45259.56
0.114499908400073	2.01689838648129	207.089	10.994	42996.31
0.239289808568153	4.16465666827467	491.905	20.708	100168.56
0.292269766184187	5.0061559950752	593.946	24.093	123854.21
0.555989555208356	9.28835256931795	1080.628	45.7	217544.78
0.871119303104558	13.4530092375926	1553.683	72.068	306587.53
0.950199239840608	15.3689277048578	1780.676	76.208	356045.31
1.68310865351308	23.7828409737272	2707.337	135.626	623192.68
3.04763756188995	38.6717090626328	4291.066	245.146	958183.22
3.68570705143436	40.1417678865857	4209.838	287.621	1145675.67
6.92217446226043	61.2319910144072	5662.305	540.92	1733663.13
9.87884209692632	67.0395063683949	5965.928	776.996	2068612.02
15.2920577663538	76.7344786124171	6676.961	1147.759	2306634.43
22.5868019305585	82.2806341754927	7350.167	1665.991	2626477.05
34.7867121706303	98.1690414647668	10183.167	5366.509	3139228.21
37.7790797767362	90.63838748929	9234.349	2890.839	3285240.88
51.513068789545	99.6832002534398	12592.073	6156.216	3858884.37
58.2165434267653	99.7192002246398	12412.766	8597.88	4172512.73
66.1005671195463	99.97840001728	12770.999	10226.239	4510955.93
72.9358116513507	99.999820000144	13855.216	9060.257	4800926.94
78.6654570676343	100.0	14913.569	11504.159	5050916.23
