0.000819999344000525	0.0147599881920094	12.116	1.212	330.03
0.00166999866400107	0.0300599759520192	4.599	1.282	752.09
0.00174999860000112	0.0314999748000202	4.786	1.249	715.92
0.00316999746400203	0.0570599543520365	9.389	1.646	1347.01
0.00317999745600204	0.0570599543520365	8.184	1.581	1318.87
0.0048399961280031	0.0871199303040558	10.464	1.875	1857.48
0.0107599913920069	0.193499845200124	21.505	2.966	4385.86
0.0115099907920074	0.206999834400132	24.462	2.842	4365.76
0.0251399798880161	0.451619638704289	48.948	4.327	10138.01
0.0370099703920237	0.662039470368424	71.115	5.435	15218.93
0.0433099653520277	0.777599377920498	124.549	6.275	19813.54
0.082759933792053	1.47563881948894	182.694	9.465	31784.66
0.0932699253840597	1.65761867390506	200.702	11.119	38534.11
0.144719884224093	2.55113795908963	382.767	15.717	59277.64
0.242359806112155	4.20983663213069	519.221	24.272	98435.7
0.420469663624269	7.1917142466286	840.33	37.762	165877.35
0.620029503976397	10.3597117122306	1205.627	55.64	229750.82
0.964649228280617	15.590507527594	1984.58	86.206	359569.64
0.978299217360626	15.0427679657856	1993.433	84.93	384220.89
2.11717830625736	27.2543181965454	3132.397	178.156	741086.56
2.17945825643339	30.9761752190598	3666.218	185.425	746166.25
3.07103754316997	34.2840325727739	3842.257	252.486	972258.92
6.30302495758003	55.4979156016675	6284.51	515.099	1667728.83
10.924721260223	75.056339954928	10569.834	884.769	2102706.42
14.9407480474016	74.950140039888	13306.868	1188.269	2290348.33
22.1967022426382	81.0065951947238	17112.209	1738.05	2609478.1
32.3129841496127	91.5479267616586	21886.414	2603.775	3046229.06
40.1735678611457	94.4770644183485	24046.94	3131.636	3396974.8
49.2132006294395	98.1562614749908	26391.535	3801.533	3783882.08
58.4459232432614	99.7681601854719	22334.976	4441.823	4156431.98
64.8927280858175	99.9006400794879	23341.476	4984.995	4439425.74
73.0708015433588	99.999820000144	30702.841	5574.402	4811074.16
78.6763670589064	100.0	29479.926	6049.134	5051180.41
