0.000539999568000346	0.00971999222400622	2.781	0.849	277.77
0.00165999867200106	0.0298799760960191	4.648	1.004	655.62
0.00230999815200148	0.0415799667360266	9.329	1.06	928.96
0.00269999784000173	0.0485999611200311	6.669	1.079	1013.37
0.00433999652800278	0.07811993750405	10.079	1.202	1881.6
0.00767999385600491	0.138239889408088	16.244	1.429	2906.62
0.0089099928720057	0.160199871840103	18.064	1.414	3738.67
0.0172999861600111	0.311399750880199	36.811	1.965	6902.15
0.0211799830560136	0.380159695872243	60.855	2.43	9068.76
0.0211999830400136	0.379799696160243	41.272	2.215	9193.37
0.0463299629360297	0.82817933745653	106.886	4.224	18149.35
0.0545599563520349	0.971999222400622	120.785	5.77	23881.59
0.0924899260080592	1.63853868916905	193.187	7.818	33083.1
0.17165986267211	3.02021758382593	341.217	14.874	67056.68
0.215339827728138	3.7459770032184	404.767	17.872	88915.22
0.367449706040235	6.29207496634003	809.881	30.423	142772.33
0.470359623712301	7.87643369885304	988.809	38.352	191066.81
0.899249280600576	14.5360683711453	1848.733	74.064	334654.6
0.985829211336631	15.1394278884577	1794.761	82.41	387475.91
1.60838871328903	22.8403617277106	2669.579	135.524	585977.6
1.93031845574524	25.036179971056	2950.759	148.745	655451.19
4.54500636399491	49.4141004687196	5536.741	357.536	1315187.76
7.31258414993268	65.2332078134338	7570.394	588.458	1784830.69
8.50091319926944	58.3465933227253	8444.654	642.998	1981864.82
13.8149589480328	69.7200642239486	12717.288	1025.039	2247222.25
20.377383698093	75.4577396338083	16212.316	1474.128	2534781.87
30.2630257895794	86.6305106955914	20926.634	2240.728	2962039.72
40.3619077104738	94.7713641829087	24871.973	4582.219	3404241.41
51.641408686873	99.7519601984318	25306.227	8926.995	3880571.18
58.4914132068694	99.7786001771199	23862.255	9726.83	4158239.48
66.3166569466744	99.984520012384	26690.171	12296.867	4510188.5
73.0762615389908	99.999820000144	30693.069	15766.507	4811136.98
78.6481470814823	100.0	32358.323	17207.779	5051796.71
