0.00270999783200173	0.0485999611200311	16.106	1.056	1093.77
0.00462999629600296	0.0833399333280533	28.795	1.252	1881.6
0.00928999256800594	0.166859866512107	53.735	1.591	3738.67
0.0107099914320069	0.192239846208123	61.816	1.692	4385.86
0.0371099703120238	0.664739468208425	216.352	4.045	15186.78
0.0487499610000312	0.872819301744559	274.469	5.125	19516.08
0.0516599586720331	0.923939260848591	323.502	6.18	19262.82
0.0941499246800603	1.66787866569707	576.18	9.318	39788.35
0.160929871256103	2.8070977543218	1002.281	15.178	68190.39
0.177379858096114	3.124077500738	1178.885	16.124	69794.48
0.24925980059216	4.28057657553874	1564.756	22.532	100876.16
0.551239559008353	9.2221126223099	3407.094	52.625	210820.54
0.916729266616587	14.133588693129	5174.5	88.798	344024.18
1.78978856816915	25.3130197495842	9159.829	155.749	646934.2
3.63874708900233	39.6642282686174	12616.699	322.919	1122884.26
5.30207575833939	47.4274420580464	14541.674	458.406	1482482.83
8.39111328710937	57.6958938432849	16212.002	709.112	1971066.4
34.5278823776941	97.4467020426384	27206.863	3559.642	3128359.67
38.5867291306167	91.9516664386668	27246.843	3327.828	3321351.92
66.4734768212185	99.992260006192	30742.557	7449.949	4524021.81
