0.00149999880000096	0.0269999784000173	9.624	1.01	623.46
0.00493999604800316	0.0889199288640569	72.471	1.302	2243.37
0.0157299874160101	0.282419774064181	96.608	2.169	6383.61
0.0330599735520212	0.592559525952379	199.315	3.662	13767.81
0.232889813688149	4.04117676705859	1380.909	21.108	96670.69
0.317119746304203	5.43887564889948	2047.372	29.311	132064.7
0.42122966301627	7.07057434354053	2480.657	37.423	174510.92
1.05689915448068	16.2039470368424	5691.916	94.338	390622.37
1.34353892516886	19.2689845848123	6670.479	112.919	473184.55
3.16956746434603	40.2879277696578	13621.727	276.575	999416.96
16.3688769048985	82.9703936236851	24637.352	1441.671	2340955.03
34.312282550174	96.83596253123	30059.322	3499.576	3126124.74
51.592008726393	99.7231602214718	28892.875	5401.503	3861886.67
65.2563277949378	99.929440056448	30702.437	7016.077	4476320.78
