0.000669999464000429	0.0120599903520077	3.019	1.179	213.46
0.000949999240000608	0.0170999863200109	3.383	1.25	446.6
0.00240999807200154	0.0433799652960278	7.104	1.553	977.2
0.00351999718400225	0.0633599493120405	8.222	1.742	1459.56
0.0040699967440026	0.0730799415360468	8.903	1.94	1423.38
0.00658999472800422	0.118259905392076	15.278	2.392	2854.36
0.00664999468000426	0.119519904384076	14.575	2.387	2906.62
0.0163699869040105	0.294659764272189	31.727	3.675	6468.03
0.0247599801920158	0.444059644752284	46.552	5.059	10158.11
0.0334299732560214	0.598499521200383	78.476	5.233	13506.53
0.0496999602400318	0.886139291088567	97.188	7.051	19262.82
0.0553799556960354	0.989819208144634	167.376	8.109	22735.94
0.111959910432072	1.98575841139327	233.075	12.846	45002.3
0.160509871592103	2.82455774035381	313.009	18	67382.34
0.204109836712131	3.54761716190627	474.597	20.268	73469
0.287329770136184	4.93253605397116	525.102	27.174	117863.32
0.645739483408413	10.8170913463269	1288.368	57.839	246437.72
0.71848942520846	11.5937907249674	1335.713	66.056	286024.32
0.925799259360592	14.2745285803771	1780.286	83.652	350473.22
1.60258871792903	22.7660217871826	2539.056	137.26	578235.62
2.55934795252164	32.3335541331567	3527.689	216.15	867323.08
3.65286707770634	39.8071481542815	4064.208	305.761	1131216.85
6.95342443726045	61.5084707932234	5876.563	581.118	1732216.55
7.811213751029	54.5280763775389	5597.9	644.235	1884593.77
13.5761591390727	68.701805038556	6286.989	1086.692	2238425.22
21.894482484414	80.0311759750592	7179.029	1816.609	2594722.51
33.7581529934776	95.317663745869	9447.016	2631.278	3105792.22
42.5898459281233	98.1391614886708	10696.175	3306.462	3488439.33
51.8725485019612	99.8531201175039	12176.834	4036.875	3884931.93
56.3494849204121	99.1034207172634	13889.509	4543.773	4066712.15
66.0033171973462	99.974980020016	12578.766	5109.473	4506180.07
73.0329415736467	99.999820000144	12830.116	5593.334	4804683.75
78.6531370774903	100.0	13951.042	5984.221	5050480.14
