0.000979999216000627	0.0176399858880113	7.415	0.914	370.23
0.00164999868000106	0.029699976240019	13.522	0.981	695.82
0.0018799984960012	0.0338399729280217	18.282	1.037	812.39
0.00282999773600181	0.0507599593920325	18.314	1.095	1254.55
0.00387999689600248	0.0698399441280447	21.608	1.208	1391.22
0.00715999427200458	0.128519897184082	38.869	1.397	2677.5
0.00823999340800527	0.148139881488095	61.669	1.608	3276.41
0.0151099879120097	0.271259782992174	86.672	2.13	6158.51
0.0159699872240102	0.286919770464184	105.452	2.817	6459.99
0.0228299817360146	0.409499672400262	127.8	2.918	8626.61
0.0496599602720318	0.885419291664567	333.45	5.444	19262.82
0.0556499554800356	0.993779204976636	357.314	5.715	21353.13
0.0768599385120492	1.36493890804887	494.095	9.042	28826.02
0.163389869288105	2.87405770075384	1062.024	18.722	64692.82
0.168609865112108	2.94173764660988	1065.167	16.815	64089.77
0.25043979964816	4.30901655278676	1583.563	22.901	95448.47
0.522479582016334	8.71559302752558	2988.298	47.433	204570.99
0.587579529936376	9.53999236800611	3319.295	51.947	212847.46
0.993389205288636	15.2427478058018	5393.62	85.504	390895.95
1.43871884902492	20.5727235418212	7248.37	124.443	540832.94
3.01102759117793	38.1781494574804	12981.624	260.58	980992.68
4.75323619741104	51.8763184989452	16326.804	429.942	1341062.47
5.47718561825151	48.7374810100152	14224.478	472.627	1504952.74
11.1453710837031	77.1124783100174	22357.527	989.164	2117675.9
16.6551766758587	84.9806320154944	23246.246	1470.711	2352750.45
23.7169010264792	86.3601509118793	24196.907	2093.028	2669200.55
32.6078839136929	92.2911461670831	25889.793	2830.678	3058946.75
43.2271254182997	98.9927208058234	27870.753	4468.06	3502305.9
51.7318186145451	99.7926401658879	28909.951	5506.271	3866654.25
58.5892531285975	99.8005601595519	30865.388	6295.437	4162172.44
66.6081367134906	99.995680003456	30990.713	7482.821	4527003.05
73.0417015666387	99.999820000144	30998.394	8455.715	4809757.51
78.6554370756503	100.0	31532.925	9288.217	5050580.75
