0.000939999248000602	0.0169199864640108	4.073	0.981	366.21
0.00215999827200138	0.0388799688960249	5.567	1.035	945.04
0.00387999689600248	0.0698399441280447	9.04	1.154	1455.54
0.00544999564000349	0.0980999215200628	11.499	1.293	2303.67
0.00548999560800351	0.0988199209440632	13.115	1.297	2187.1
0.0114999908000074	0.206819834544132	35.107	1.624	4217.01
0.034369972504022	0.614699508240393	101.426	3.611	14073.31
0.190369847704122	3.35231731814615	386.434	16.752	75241.94
0.26602978717617	4.55561635550692	505.657	21.754	104333.86
0.555279555776355	9.27485258011794	1093.805	44.807	212517.69
0.791219367024506	12.7481298014962	1542.463	65.449	311080.82
1.58949872840102	22.5799019360784	2677.849	126.259	560586.44
2.22792821765743	28.4961372030902	3537.637	173.881	765341.88
4.8494861204111	44.0605447515642	4980.64	372.114	1361183.39
4.89247608601913	53.6347370922103	5900.2	411.407	1369826.48
49.5560303551757	98.437961249631	27313.664	6490.829	3800239.39
78.6775770579384	100.0	32760.234	17102.791	5051201.41
