0.00085999931200055	0.0154799876160099	3.398	1.253	370.23
0.00173999860800111	0.03131997494402	5.033	1.587	732
0.00266999786400171	0.0478799616960306	7.028	1.586	973.18
0.00321999742400206	0.0579599536320371	7.833	1.913	1439.46
0.00496999602400318	0.0894599284320573	11.541	2.139	1941.9
0.00738999408800473	0.133019893584085	18.569	2.538	3103.56
0.0114199908640073	0.205199835840131	22.027	3.127	4715.45
0.0141799886560091	0.254879796096163	31.795	3.34	5941.43
0.0241599806720155	0.433259653392277	48.391	4.7	9518.98
0.0333199733440213	0.597779521776383	63.703	5.491	13514.57
0.0469999624000301	0.840419327664538	108.193	6.547	20336.14
0.0660599471520423	1.17431906054475	168.003	9.291	29493.31
0.0930999255200596	1.64969868024106	191.512	10.801	40117.98
0.162499870000104	2.86217771025783	359.019	17.017	64692.82
0.21889982488014	3.81059695152244	422.713	21.983	89051.93
0.373299701360239	6.26813498549201	693.655	34.176	150569.03
0.407569673944261	6.98147441482047	793.145	37.558	148594.71
0.701329438936449	11.3297309362153	1246.093	62.892	259296.28
1.33168893464885	20.372023702381	2226.217	113.369	491947.7
1.86694850644119	26.4205588635529	3078.866	164.311	649640.28
3.02710757831394	38.3198093441525	4260.304	259.107	972137.95
4.2166466266827	45.6900834479332	4562.503	360.602	1255883.22
7.00649439480448	62.0171503862797	5746.808	578.006	1733391.69
9.80735215411828	66.5450467639626	6059.519	781.991	2066926.55
12.2476402018878	63.3073893540885	5718.116	961.625	2175150.91
22.1101823118541	80.7299354160517	7007.107	1728.603	2604379.18
28.6281970974423	83.0249335800531	7594.817	2222.344	2888949.4
42.4895660083472	97.9987616009907	10341.632	3290.246	3484887.68
51.8495985203212	99.8488001209599	11394.979	4055.557	3878965.13
59.5389223688621	99.966160027072	12180.633	4606.763	4217232.46
66.2661269870984	99.985060011952	12348.005	5061.046	4518323.27
72.4465620427504	99.997660001872	12642.407	5609.125	4785320.03
78.6574170740663	100.0	13075.184	6049.305	5050631.19
