0.000709999432000454	0.0127799897760082	2.973	1.048	321.99
0.00153999876800099	0.0277199778240177	4.451	1.269	575.23
0.00259999792000166	0.04679996256003	11.49	1.484	973.18
0.0026599978720017	0.0478799616960306	8.742	1.527	1266.61
0.00361999710400232	0.0651599478720417	9.225	2.227	1620.32
0.00455999635200292	0.0818999344800524	10.073	1.842	1978.07
0.0110999911200071	0.199439840448128	22.222	3.073	4478.29
0.014009988792009	0.251279798976161	27.25	3.157	5760.57
0.0172799861760111	0.311039751168199	34.714	3.556	6902.15
0.0298899760880191	0.536219571024343	58.935	5.082	13233.18
0.0556399554880356	0.995579203536637	123.393	7.836	22735.94
0.0698099441520447	1.2443390045288	164.465	9.19	28022.03
0.115149907880074	2.04425836459331	250.516	12.844	50003.23
0.138929888856089	2.44943804044957	286.663	15.118	57745.96
0.182899853680117	3.19607744313805	357.064	18.78	71784.5
0.370729703416237	6.34913492069206	741.882	35.359	144006.77
0.556519554784356	9.30599255520596	1068.787	49.889	214062
0.941989246408603	15.1808278553377	1816.318	83.171	356423.47
1.34343892524886	20.5667835465732	2439.673	116.417	482682.72
1.67143866284907	23.6206611034711	2703.485	146.457	618827.93
3.2759773792181	41.7754465796427	4794.578	283.733	1019948.05
3.77650697879442	41.0181871854503	5256.343	326.261	1176562.27
5.87276530178776	51.8001785598572	5796.041	474.172	1594647.73
8.33139333488533	57.3839540928367	8109.822	663.77	1965086.81
16.7845965723227	85.869651304279	14225.056	1331.811	2359090.38
21.4300828559337	78.5661571470743	16618.89	1643.649	2579807.64
30.7156954274437	87.6867498506001	20948.647	2372.138	2979982.02
41.7545065963947	96.932082454334	23165.716	3214.019	3459364.35
50.7486094011125	99.2330206135835	21536.34	3970.676	3825876.25
57.4839240128608	99.5035603971517	21022.02	4468.452	4117264.26
64.9206280634975	99.9024400780479	28614.409	5043.823	4464978.42
72.9301516558787	99.99910000072	29631.944	5638.701	4804956.35
78.6773470581224	100.0	30313.594	5906.08	5051327.16
