0.000669999464000429	0.0120599903520077	5.265	0.932	293.85
0.00112999909600072	0.020339983728013	8.196	0.925	446.6
0.00278999776800179	0.0502199598240321	42.065	1.245	1093.77
0.00320999743200205	0.057779953776037	28.638	1.14	1294.75
0.00353999716800227	0.0637199490240408	25.277	1.224	1539.93
0.0573199541440367	1.02239918208065	384.942	6.614	25119.71
0.0774799380160496	1.37465890027288	486.575	7.578	28826.02
0.238549809160153	4.14935668051466	1443.388	23.077	100168.56
0.573359541312367	9.58517233186213	3381.137	53.047	227908.83
0.82768933784853	13.3432093254325	4668.62	78.211	308880.42
1.11903910476872	17.0897263282189	6875.149	96.945	435943.13
2.0241783806573	26.1332790933767	9348.018	177.872	681124.51
4.30413655669075	46.7027626377899	14547.248	390.113	1287366.48
5.79720536223571	51.2220190223848	15051.385	498.953	1587917.12
48.398661281071	97.4632620293904	28628.003	4715.221	3751800.48
57.6536538770769	99.5552203558237	29340.159	5900.139	4124656.58
65.9462372430102	99.970840023328	30721.277	7140.675	4503550.86
72.8411517270786	99.998740001008	30635.932	8476.693	4799471.74
78.6769870584103	100.0	31670.437	9544.959	5051440.37
