0.000769999384000493	0.0138599889120089	5.593	0.879	342.09
0.00117999905600076	0.0212399830080136	9.471	0.95	518.95
0.00153999876800099	0.0277199778240177	9.292	0.965	623.46
0.00328999736800211	0.0588599529120377	19.242	1.125	1294.75
0.00344999724000221	0.0619199504640396	24.845	1.15	1238.47
0.00563999548800361	0.101519918784065	31.812	1.374	2589.06
0.0115999907200074	0.208619833104134	95.494	1.859	4715.45
0.012429990056008	0.223019821584143	67.42	2.004	4494.37
0.0214199828640137	0.384299692560246	126.927	2.85	8739.16
0.0378899696880243	0.678779456976434	236.124	4.29	15214.91
0.0538599569120345	0.962639229888616	343.359	5.501	21353.13
0.0780099375920499	1.39031888774489	460.032	7.77	31366.58
0.121069903144077	2.15027827977738	748.581	11.999	46533.94
0.18794984964012	3.30263735789011	1214.353	17.669	75394.72
0.233109813512149	4.04783676173059	1443.399	21.322	91725.51
0.278879776896178	4.79393616485107	1691.336	25.564	112668.6
0.556239555008356	9.30167255866195	3343.757	50.254	214162.55
0.893499285200572	14.4210484631612	4834.169	80.883	332132.23
1.29445896443283	19.7949441640447	8375.122	117.269	489874.93
2.00261839790528	28.3611373110902	9867.078	178.468	699924.93
3.20654743476205	40.7980473615621	13891.527	290.074	1013890.51
4.95141603886717	54.4400564479548	17155.709	436.545	1380526.96
6.78539457168434	59.8416721266623	17762.74	601.471	1718768.17
10.7792513765989	73.8237009410392	20511.107	932.15	2094999.56
13.4318492545206	68.0916055267156	19446.723	1162.685	2233384.88
20.6455534835572	76.2308390153288	22704.328	1745.894	2546476.59
34.29461256431	96.7927625657899	27852.745	3476.093	3125847.96
43.5482851613719	99.3980804815356	28467.925	4552.828	3523686.61
48.7708309833352	97.7906817674546	43578.331	4714.639	3767193.57
59.0810027351978	99.8961400830879	30014.686	6579.202	4211236.26
65.4918776064979	99.94420004464	29582.177	7143.289	4468353.93
72.8120117503906	99.99910000072	30479.074	8024.735	4798574.52
78.6694870644103	100.0	32865.012	9244.222	5051150.99
