0.000469999624000301	0.00845999323200541	2.827	1.046	225.52
0.00129999896000083	0.023399981280015	7.883	1.359	631.5
0.0020299983760013	0.0365399707680234	6.481	1.169	860.63
0.00310999751200199	0.0557999553600357	8.505	1.272	1250.53
0.00501999598400321	0.0901799278560577	11.061	1.345	1941.9
0.00762999389600488	0.136979890416088	15.657	1.529	3236.21
0.0111899910480072	0.201059839152129	22.361	1.845	4727.51
0.0161099871120103	0.289799768160185	48.903	2.14	6158.51
0.021859982512014	0.392759685792251	54.375	2.659	9024.54
0.0274099780720175	0.490499607600314	53.873	3.154	12031.29
0.0415699667440266	0.741599406720475	101.408	4.106	17871.98
0.0571999542400366	1.01789918568065	128.111	5.302	23881.59
0.074999940000048	1.33055893555285	175.291	6.943	28826.02
0.164369868504105	2.89619768304185	345.982	14.773	64692.82
0.235289811768151	4.10237671809863	462.628	19.537	99468.98
0.341559726752219	5.83613533109173	650.372	28.572	133025.66
0.48433961252831	8.09009352792518	973.505	40.371	193704.88
0.886309290952567	14.2972085622332	1592.594	71.373	346252.96
1.44944884044093	22.2577021938382	2868.109	122.705	526245.06
2.09567832345734	29.708616233107	3291.716	174.682	703300.12
3.17105746315403	35.1968118425505	3647.176	251.158	1017314.5
3.27310738151409	41.7354866116107	4897.034	263.922	1020383.61
5.84370532503574	51.571038743169	4874.116	444.518	1592077.65
8.64838308129353	59.2176126259099	5231.307	659.286	1996691.59
16.9617264306189	87.2311702150638	7500.554	1311.692	2366134.79
24.1835106531915	88.2134294292565	7877.813	1802.752	2685889.36
31.5340847727322	89.6253482997214	8498.267	2398.088	3013384.27
43.4871252102998	99.3530805175356	10608.552	6969.101	3515237.56
51.1493090805527	99.4785404171677	12316.393	7752.446	3844397.22
59.2182426254059	99.918460065232	12892.01	6999.087	4215186.16
66.6274366980506	99.994420004464	13072.199	8034.878	4526059.64
72.8545517163586	99.998920000864	13638.796	9044.669	4799681.59
78.6693570645143	100.0	13564.563	9786.437	5051163.59
