0.000699999440000448	0.0125999899200081	3.199	1.455	330.03
0.00145999883200093	0.0262799789760168	6.415	1.463	627.48
0.00170999863200109	0.0307799753760197	5.432	1.373	623.46
0.00362999709600232	0.0651599478720417	8.463	1.824	1379.16
0.00445999643200285	0.079739936208051	9.964	1.949	1901.7
0.00720999423200461	0.129779896176083	28.019	2.61	3031.21
0.0117499906000075	0.210959831232135	23.296	3.111	4217.01
0.0131399894880084	0.236339810928151	28.574	3.209	5410.85
0.0158899872880102	0.284939772048182	31.671	5.077	6459.99
0.0298099761520191	0.533879572896342	67.092	5.447	12119.73
0.045389963688029	0.81179935056052	251.842	7.485	18149.35
0.07811993750405	1.39247888601689	160.318	9.104	33460.96
0.126499898800081	2.23811820950543	266.728	15.403	50666.54
0.159299872560102	2.78369777304178	295.063	17.364	68190.39
0.188519849184121	3.32009734392213	374.148	18.556	75237.92
0.423879660896271	7.26677418658065	843.088	38.893	165571.77
0.635779491376407	10.6394314884548	1414.91	57.667	243879.75
0.829319336544531	13.3756092995126	1753.724	74.908	308880.42
1.03270917383266	15.8425073259941	1817.696	91.368	349061.09
1.37376890098488	19.6678642657086	2125.073	116.949	497240.37
2.9754276196579	37.7168098265521	4172.103	254.825	993073.73
2.99484760412192	33.5327131738295	3634.233	248.779	950426.08
4.685106251915	42.8354657316274	4131.421	384.091	1342423.98
10.1684818652145	69.0402047678362	6044.82	821.101	2079174.77
15.556607554714	78.121917502466	7058.184	1224.435	2311888.41
24.4338304529356	89.2453686037051	8245.452	1928.826	2695692.88
33.3911532870774	94.3388245289404	8926.32	2609.302	3094948.8
43.5199151840679	99.3944804844156	10777.548	3397.517	3515723.89
47.0224423820461	96.1683430653255	9863.84	3661.984	3691616.86
58.6008831192935	99.8036201571039	12629.124	4575.177	4162600.17
66.6953666437067	99.996580002736	12382.458	5075.069	4532793.73
72.8797716961826	99.99910000072	12812.508	5610.226	4801878.66
78.6624770700183	100.0	13398.6	6047.915	5050815.42
