0.000809999352000518	0.0145799883360093	3.625	1.141	342.09
0.00106999914400068	0.0192599845920123	4.05	1.157	470.72
0.00143999884800092	0.0259199792640166	5.105	1.232	623.46
0.0037499970000024	0.0674999460000432	8.642	1.649	1379.16
0.00403999676800259	0.0727199418240465	9.084	1.717	1901.7
0.00665999467200426	0.119519904384076	15.811	2.267	2906.62
0.00906999274400581	0.163259869392104	19.061	2.658	4108.48
0.0136699890640087	0.245699803440157	26.383	3.184	6001.73
0.0147899881680095	0.26585978731217	29.327	3.511	5760.57
0.0341399726880219	0.612539509968392	70.948	5.447	15017.95
0.0412499670000264	0.738539409168473	80.707	6.321	14849.12
0.0520199583840333	0.927179258256593	105.23	7.526	19262.82
0.106629914696068	1.89089848728121	227.096	12.211	45259.56
0.125839899328081	2.21867822505742	301.052	12.842	53243.41
0.249159800672159	4.33619653104278	479.43	24.3	97229.56
0.297799761760191	5.10875591299527	595.39	28.641	123854.21
0.429189656648275	7.1931542454766	792.363	41.097	174510.92
0.919349264520588	14.8325281339775	1808.257	87.116	329038.6
1.36225891019287	20.8717033026374	2519.746	117.981	487025.38
1.79210856631315	25.3488397209282	3007.152	151.206	649684.58
1.94973844020925	25.2505597995522	2946.037	164.555	657927.83
4.49093640725087	48.7365810107352	5626.029	377.163	1326680.4
6.21818502545198	54.760096191923	6259.673	513.248	1640205.35
9.13942268846185	62.1528702777038	9139.315	731.258	2045197.9
15.584057532754	78.2882373694101	13423.037	1225.801	2312421.06
24.2047906361675	88.2978493617205	17917.655	1909.058	2686593.73
29.3610365111708	84.6128923096861	20370.661	2262.204	2922255.28
43.3757452994038	99.1761406590875	21672.715	3402.44	3511685.99
51.1187391050087	99.4625204299837	20328.796	4001.617	3843101.48
58.5546931562455	99.7971401622879	29511.688	4433.602	4188362.55
65.2073178341457	99.926020059184	28333.858	4959.163	4474589.03
72.8625417099666	99.99910000072	29834.774	5560.309	4801111.31
78.6769670584264	100.0	29485.82	6009.008	5051348.02
