0.000819999344000525	0.0147599881920094	25.556	1.337	293.85
0.00182999853600117	0.0329399736480211	5.129	1.459	699.84
0.00184999852000118	0.0332999733600213	5.426	1.429	732
0.0034399972480022	0.0619199504640396	8.617	1.783	1475.62
0.0053099957520034	0.0955799235360612	11.467	2.484	2050.43
0.00703999436800451	0.126719898624081	20.553	2.413	2906.62
0.00776999378400497	0.13985988811209	15.567	2.664	3007.09
0.0154699876240099	0.277919777664178	33.765	3.998	6126.36
0.0183099853520117	0.32813973748821	34.231	3.948	8031.68
0.0323799740960207	0.580859535312372	60.936	6.046	13506.53
0.0352899717680226	0.631259494992404	69.904	5.661	12927.7
0.0748699401040479	1.33325893339285	145.033	9.312	30108.36
0.104039916768067	1.84769852184118	297.699	12.344	43655.59
0.162569869944104	2.86235771011383	325.643	16.434	64692.82
0.181049855160116	3.16439746848203	344.433	17.654	71784.5
0.341259726992218	5.84981532014774	689.566	32.699	133025.66
0.425659659472272	7.13573429141257	811.357	39.328	174510.92
0.556849554520356	9.05147275882179	1002.354	48.796	221606.71
1.34156892674486	20.5306035755171	2472.367	119.759	483250.19
1.94080844735324	25.1499398800481	2820.579	165.764	656824.4
1.99756840194528	28.2777973777621	3281.895	172.432	701664.87
4.5231263814989	49.1174607060314	4943.947	384.937	1325246.29
6.76108459113233	59.6190123047902	5532.891	561.764	1716685.65
11.2961309630952	78.6367170906263	6894.076	905.9	2122036.71
12.49245000604	64.2556285954971	5617.853	980.629	2187205.94
23.0360115711907	83.8208929432856	7409.561	1777.28	2644431.91
30.3982056814355	86.9460504431596	7951.096	2413.871	2966870.06
43.5659351472519	99.4290404567676	10924.852	3377.992	3523300.74
51.0244091804727	99.4342604525916	11064.302	3935.613	3855416.64
58.9607128314297	99.8727401018079	11360.693	4562.481	4204728.54
66.6888766488987	99.996580002736	12217.814	5127.279	4533896.51
73.0084615932307	99.999640000288	12732.523	5595.279	4808268.87
78.6483270813383	100.0	12896.794	6028.456	5051796.73
