0.000819999344000525	0.0147599881920094	3.136	0.914	297.87
0.00159999872000102	0.0287999769600184	4.554	0.99	687.78
0.0018699985040012	0.0336599730720215	5.013	1.029	812.39
0.00268999784800172	0.048419961264031	6.805	1.149	1154.06
0.00459999632000294	0.082799933760053	11.911	1.229	1978.07
0.00516999586400331	0.0928799256960594	11.422	1.405	2207.2
0.0087499930000056	0.157139874288101	18.113	1.488	3738.67
0.0158299873360101	0.284939772048182	63.065	2.081	6886.07
0.0223899820880143	0.401219679024257	44.536	2.471	8698.97
0.0356099715120228	0.638999488800409	67.528	3.57	15186.78
0.0504299596560323	0.902159278272577	105.584	5.075	20239.64
0.0682299454160437	1.21373902900878	130.198	6.216	29493.31
0.0767799385760491	1.36313890948887	165.371	6.754	28826.02
0.169099864720108	2.9737776209779	334.98	15.391	67016.49
0.191029847176122	3.32693733845013	409.565	16.518	79266.31
0.386279690976247	6.49439480448416	783.621	32.879	141670.6
0.407709673832261	6.97589441928446	953.849	33.814	154706.7
0.800739359408512	12.8962696829843	1620.997	63.903	317243.66
1.30691895446484	19.9749440200448	2378.744	106.041	515461.6
1.94889844088125	27.5840779327377	3269.572	160.785	706917
1.97412842069726	25.5545795563364	3081.146	153.7	662192.48
3.5945071243943	39.2536485970811	4348.327	278.982	1105562.47
5.03417597265922	45.4395236483811	5105.045	381.606	1418651.57
10.3050617559506	70.0147239882208	10096.473	796.443	2085087
14.5074783940173	72.8214617428306	13064.089	1091.215	2275617.92
19.7235142211886	73.6419010864791	16576.065	1450.499	2502566.18
30.7480854015317	87.7598297921362	20859.749	2310.918	2981290.33
43.1746654602676	98.9522208382233	23534	6487.807	3505291.36
51.3997188802249	99.6391002887198	25596.086	9022.957	3868964.62
59.5990723207421	99.971740022608	26883.492	10712.945	4220528.22
66.6420666863467	99.996040003168	32923.489	12000.159	4529824.93
73.0715615427508	99.999820000144	30950.493	15917.462	4811074.26
78.6735370611704	100.0	31657.932	17106.012	5050933.15
