0.000739999408000474	0.0133199893440085	15.602	0.887	297.87
0.00128999896800083	0.0230399815680147	8.061	0.92	543.07
0.00204999836000131	0.0368999704800236	12.711	1.022	880.72
0.00208999832800134	0.0376199699040241	13.188	0.992	812.39
0.00542999565600348	0.0977399218080626	30.473	1.272	2183.08
0.00714999428000458	0.128699897040082	122.958	1.531	2906.62
0.00801999358400513	0.144359884512092	45.614	1.487	3497.49
0.0173199861440111	0.311039751168199	137.133	2.3	6886.07
0.018749985000012	0.336599730720215	120.504	2.562	7963.35
0.0216999826400139	0.388619689104249	129.041	2.757	8626.61
0.056249955000036	1.00601919518464	382.454	5.806	22735.94
0.0766599386720491	1.36511890790487	605.674	7.518	33460.96
0.104389916488067	1.85201851838519	695.489	9.859	43655.59
0.188839848928121	3.32675733859413	1126.567	17.463	75241.94
0.227869817704146	3.95945683243453	1451.715	21.358	89562.51
0.407349674120261	6.97427442058046	2545.378	38.133	154059.29
0.616939506448395	10.3114717508226	3657.264	56.35	229750.82
0.754909396072483	12.1660102671918	4496.043	74.705	313204.85
0.896429282856574	13.8230889415288	4863.282	80.824	326737.51
1.41838886528891	20.318743745005	7134.597	124.659	525516.5
2.00419839664128	25.9003592797126	8664.727	173.576	669964.87
3.54524716380227	38.7482090014328	13042.246	314.881	1092022.47
4.57295634163493	42.0800063359949	12709.898	387.569	1329383
9.71169223064622	65.8831872934502	18774.984	844.04	2064360.24
15.5199975840019	77.9257176594259	23396.151	1351.299	2311167.26
20.7943733645013	76.6626586698731	21651.376	1798.933	2552866.84
34.6140523087582	97.6812418550065	26715.499	3551.001	3130778.85
43.2985253611797	99.0832607333914	27503.893	4527.511	3507052.48
49.5242903805677	98.416001267199	29498.092	4908.307	3798608.25
58.9334728532217	99.8678801056959	30024.327	6421.893	4203214.84
65.60178751857	99.95320003744	30718.754	7199.739	4489315.23
73.0743515405188	99.999820000144	30888.282	8628.618	4810591.92
78.6616070707143	100.0	31604.712	9493.322	5050769.44
