0.000779999376000499	0.014039988768009	3.165	1.054	321.99
0.0014099988720009	0.0251999798400161	4.406	1.075	627.48
0.00166999866400107	0.0300599759520192	5.083	1.137	663.66
0.00204999836000131	0.0368999704800236	5.161	1.173	880.72
0.00432999653600277	0.0777599377920498	11.315	1.315	1953.96
0.00694999444000445	0.12509989992008	15.32	1.544	2802.11
0.0107099914320069	0.192239846208123	43.993	1.849	4365.76
0.0129099896720083	0.232019814384148	32.515	1.945	5455.07
0.0220599823520141	0.394019684784252	51.719	2.601	9193.37
0.024949980040016	0.447659641872287	48.615	2.714	10138.01
0.0548999560800351	0.982439214048629	106.002	5.247	22784.18
0.0839699328240537	1.49975880019296	209.738	7.906	33834.79
0.113179909456072	1.99223840620928	234.912	10.047	42996.31
0.12450990039208	2.21039823168141	244.847	11.323	47506.78
0.177699857840114	3.09797752161798	330.134	15.667	71784.5
0.267779785776171	4.58603633117094	527.344	22.581	106818.58
0.628569497144402	10.4983116013507	1264.477	51.339	244338.25
0.82842933725653	13.3651693078646	1589.459	67.244	309411.44
1.04395916483267	16.0162071870343	1805.694	87.231	363500.36
1.67632865893707	23.6876210499032	2570.546	136.596	621791.43
2.72434782052174	34.4588124329501	3888.543	221.384	908544.36
4.72038622369102	51.488058809553	5305.353	381.982	1328053.93
6.70442463646029	59.1060127151898	5390.6	519.382	1711811.71
10.8576313138949	74.4844804124157	6583.834	841.941	2099934.81
14.5278983776813	72.9053416757267	6240.932	1100.964	2276422.98
19.8011341590927	73.8555609155513	6468.049	1484.409	2506381.93
34.7988221609423	98.2156614274709	10101.463	5457.322	3139332.88
43.5095151923878	99.3410205271836	10902.845	6926.87	3521154.1
51.1168191065447	99.4861004111197	11151.923	5992.476	3859391.86
58.8386429290857	99.8484401212479	12066.057	6885.604	4173166.98
64.8839480928415	99.8997400802079	13956.424	7937.769	4463812.79
72.8904316876547	99.99910000072	12912.811	8609.845	4802440.38
78.6538570769143	100.0	13564.461	9757.739	5051821.93
