0.00135999891200087	0.0244799804160157	5.466	0.945	478.76
0.00197999841600127	0.0356399714880228	5.4	1.006	715.92
0.0045299963760029	0.0815399347680522	11.791	1.264	1978.07
0.00454999636000291	0.0817199346240523	9.831	1.198	1881.6
0.00752999397600482	0.135539891568087	15.472	1.379	3007.09
0.0168399865280108	0.302759757792194	34.299	2.178	6886.07
0.0197199842240126	0.353699717040226	47.502	2.335	8091.97
0.0342699725840219	0.612539509968392	78.648	3.296	13514.57
0.0470899623280301	0.842939325648539	93.758	5.05	19616.57
0.0811299350960519	1.43855884915292	193.849	6.994	32319.3
0.255079795936163	4.44581644334685	542.433	20.871	99686.08
0.436339650928279	7.30223415821267	842.544	35.625	182714.37
0.944569244344605	15.2472478022018	1916.348	76.701	356041.29
2.1824782540174	31.0334151732679	3702.856	173.747	743334.34
2.74554780356176	34.6983922412862	3975.68	216.338	909963.24
3.63713709029033	39.6555882755294	4419.334	288.377	1122299.16
7.28445417243666	64.9214480628415	7738.089	575.742	1778364.44
20.5913935268852	76.0778391377287	16526.56	1511.721	2544078.23
32.6470838823329	92.3906860874511	21207.599	2579.477	3060510.78
64.9433680453056	99.9051400758879	30594.481	10937.345	4465728.87
73.0662815469748	99.999820000144	30320.5	15852.367	4808897.77
78.6591870726503	100.0	32456.202	17210.415	5050689.64
