0.00104001456020384	0.0185399851680119	8.623	1.14	410.86
0.00168002352032928	0.0300599759520192	11.349	1.314	853.24
0.00334004676065465	0.0597599521920382	20.036	1.686	1198.94
0.00396005544077617	0.0707399434080453	32.305	1.905	1640.98
0.00600008400117602	0.106559914752068	33.881	2.744	2422.58
0.00875012250171502	0.155339875728099	121.686	3.123	3691.69
0.0130701829825618	0.227519817984146	79.982	3.604	4980.65
0.0191302678237495	0.329939736048211	99.685	5.09	6203.29
0.0280503927054979	0.472859621712303	146.966	6.02	10647.65
0.0418105853481949	0.685079451936438	220.598	7.199	16940.65
0.0609108527519385	0.951659238672609	251.981	9.011	23214.01
0.0936113105583478	1.36205891035287	312.569	12.399	32709.94
0.141191976687674	1.85741851406519	397.888	16.339	51728.72
0.213362987081819	2.43377805297756	327.994	19.323	71723.18
0.317694447722268	3.05765755387396	392.559	26.509	100124.34
0.475826661573262	3.5897371282103	332.352	32.275	146240.99
0.710799951199317	4.12559669952264	383.19	38.176	194944.9
1.06153486148806	4.62311630150696	401.892	46.658	356015.84
1.59952239331351	5.21999582400334	431.224	57.175	468559.34
2.3969435572098	6.04241516606787	546.033	70.096	566884.22
3.59531033434468	7.23527421178063	612.63	88.417	642981.98
5.39560553847754	9.04265276587779	621.602	112.201	713178.89
8.09688335636699	11.7322106142315	884.28	148.714	741057.47
12.1339798757183	15.7669073864741	1054.772	222.701	722820.95
18.2007748108474	21.840642527486	1335.765	318.897	736412.22
27.3078323096523	30.9459352432518	1978.288	458.882	756392.12
37.3147724068137	40.9393472485222	2441.467	589.047	778060.51
47.3094623324727	50.9554392356486	2859.517	736.189	800047.71
57.3048122673717	60.946331242935	3505.327	874.268	823568.46
67.3036322508515	70.8781832974534	4154.388	1039.093	845297.64
77.1128195794741	79.6117763105789	4385.856	1154.102	866847.02
87.3089023246325	90.9533872372902	5106.325	1324.269	889785.26
97.1045794641125	99.5285803771357	5459.295	1438.748	911105.45
