0.000860012040168562	0.0154799876160099	7.35	1.25	438.61
0.00201002814039397	0.0361799710560232	12.593	1.528	715.32
0.00293004102057429	0.0523799580960335	17.831	1.782	1030.2
0.00365005110071541	0.0647999481600415	22.856	1.962	1566.81
0.00551007714107998	0.0973799220960623	41.243	2.454	2038.29
0.00891012474174638	0.1567798745761	47.907	2.923	3480.35
0.0134301880226323	0.23489981208015	73.619	3.855	4889.2
0.0190302664237299	0.32759973792021	149.335	4.836	7237.54
0.0269203768852764	0.457019634384292	151.208	5.762	10265.55
0.0414705805881282	0.681479454816436	185.519	8.216	16305.97
0.0624208738922345	0.969839224128621	263.347	9.584	23331.08
0.094571323998536	1.37555889955288	377.741	12.989	36595.45
0.13255185572598	1.72673861860911	373.496	15.6	43064.35
0.20806291288078	2.36393810884951	335.293	21.328	63300.06
0.316374429242009	3.01589758728193	396.764	25.919	101051.76
0.476146666053325	3.5949571240343	374.037	34.347	138430.38
0.708249915498817	4.09373672501062	411.071	38.445	279193.32
1.07189500653009	4.64615628307497	367.614	46.098	364384.05
1.59835237693328	5.23025581579535	444.627	58.007	471607.93
2.39582354152958	6.03341517326786	3421.59	73.949	558740.17
3.60113041582582	7.21889422488462	564.063	89.54	665517.56
5.39317550445706	9.05255275795779	658.794	121.388	721532.69
8.02897240561368	11.0658511473191	673.486	159.539	740731.05
12.1320698489779	15.7670873863301	1033.444	238.586	722588.24
18.2066448930285	21.84586252331	1482.965	350.139	735816.06
27.3055422775919	30.9533152373478	1843.891	481.08	756360.57
37.3054222759119	40.9627472298022	2392.303	627.327	777986.39
47.306152286132	50.9698392241286	2996.835	781.162	800378.26
57.3081323138524	60.940031247975	3701.165	967.226	822712.56
67.3157424203939	70.9473032421574	4087.564	1115.76	845550.84
77.3052722738118	80.9448552441158	4632.221	1254.095	866935.01
87.3091823285526	90.9634672292262	5202.842	1441.424	889979.87
97.0616888636441	99.4295804563356	5663.066	1534.298	910903.9
