0.00116001624022736	0.0206999834400132	7.277	1.092	363.27
0.0015500217003038	0.0277199778240177	9.953	1.185	691.64
0.00290004060056841	0.0520199583840333	21.654	1.332	1136.19
0.00406005684079577	0.0725399419680464	22.539	1.455	1500.4
0.00594008316116426	0.105299915760067	42.152	1.669	2554.28
0.00850011900166602	0.150479879616096	62.676	1.934	3676.33
0.0126701773824834	0.21851982518414	79.302	2.518	4526.73
0.0193502709037927	0.330839735328212	98.058	2.982	7666.19
0.0281703943855214	0.474299620560304	132.94	3.963	10932.92
0.0416705833881674	0.682559453952437	245.53	5.583	17020.29
0.0630308824323541	0.98369921304063	278.347	7.728	22986.82
0.0946013244185419	1.37537889969688	425.279	10.357	35341.22
0.141341978787703	1.86173851060919	430.439	13.695	44650.29
0.209582934161078	2.40011807990554	381.434	17.161	64751.13
0.31979447712268	3.02651757878594	343.254	23.649	98741.07
0.472996621952707	3.61709710632231	345.422	28.672	140468.97
0.709109927538985	4.13189669448264	406.591	36.954	275404.79
1.06519491272878	4.64615628307497	394.465	47.534	377519.04
1.59879238309336	5.23187581449935	441.69	55.123	460365.88
2.40285363995096	6.05087515929987	484.312	67.173	577736.19
3.59586034204479	7.23923420861263	556.984	86.825	665297.46
5.39222549115688	9.0565127547898	619.033	117.701	715354.8
8.08740322364513	11.7336506130795	772.829	155.445	741041.66
12.1338498738982	15.7741073807141	1042.748	229.177	723853.67
18.2002048028672	21.828402537278	1427.788	334.889	736912.19
27.3130523827334	30.9444952444038	2501.015	477.72	756587.99
37.306262287672	40.9632872293702	2478.702	629.047	779189.43
47.3217825049551	50.9601192319046	3029.461	822.934	800775.35
57.3138323936535	60.929951256039	4123.016	935.648	822907.98
67.3125623758733	70.9460432431654	4321.453	1100.53	845123.66
77.3109023526329	80.9459352432518	4705.162	1242.657	867175.78
87.3107123499729	90.9733672213062	5780.458	3068.89	889953.74
97.2199110787551	99.8851600918719	5391.619	3248.503	911621.25
