0.000890012460174442	0.0160199871840103	6.551	1.213	367.24
0.00177002478034692	0.0316799746560203	10.407	1.041	790.22
0.00315004410061741	0.0565199547840362	18.444	1.262	1179.33
0.00406005684079577	0.0719999424000461	23.51	1.254	1656.59
0.00609008526119366	0.10871991302407	32.026	1.495	2251.94
0.00935013090183263	0.163979868816105	54.187	1.8	3472.66
0.0131101835425696	0.230039815968147	67.298	2.225	4809.15
0.0194702725838162	0.330119735904211	95.035	2.884	7865.17
0.0252103529449412	0.42245966203227	152.216	3.532	9212.2
0.0416605832481655	0.678599457120434	191.002	5.302	15583
0.0625608758522619	0.975239219808624	294.168	7.129	21048.45
0.0934713085983204	1.36349890920087	338.418	9.925	36472.31
0.142811999367991	1.86371850902519	367.279	13.494	53299.4
0.2102029428412	2.42099806320155	464.796	17.367	77157.67
0.316054424761947	3.02345758123393	368.927	23.699	97605.78
0.475096651353119	3.5953171237463	344.029	28.214	148081.42
0.711209956939397	4.13135669491464	396.21	34.858	283113
1.06358489018846	4.64597628321897	365.606	42.608	365704.84
1.59915238813343	5.23205581435535	421.572	51.879	453816.38
2.3989735856302	6.05249515800387	478.595	64.912	556601.93
3.60246043444608	7.22519421984462	524.317	80.795	648625.63
5.40161562261872	9.03131277494978	618.932	114.054	716140.78
8.09567333942675	11.7563305949355	798.141	145.512	740424.29
12.137949931299	15.7829273736581	1038.425	218.735	722112.97
18.2032248451478	21.848742521006	1359.542	315.806	735636.82
27.3083523169324	30.9425152459878	2048.957	447.291	756377.57
37.3141823985536	40.9614872308102	2380.04	582.734	778398.7
47.3078823103523	50.9503992396806	2888.47	728.525	800603.77
57.3077023078323	60.952991237607	3610.744	881.414	822448.53
67.2984621784705	70.7608233913413	3972.441	1031.521	845186.24
77.3095423335927	80.9385552491558	4602.967	1168.546	867109.19
87.122569715976	89.6730482615614	4881.205	1305.93	888600.79
97.2118409657735	99.8536601170719	5227.207	3171.689	911621.86
