0.00104001456020384	0.018719985024012	9.129	0.995	363.27
0.00195002730038221	0.0349199720640224	12.643	1.306	798.1
0.00294004116057625	0.0527399578080338	18.468	1.395	1269.48
0.00410005740080361	0.0728999416800467	22.79	1.294	1707.3
0.00586008204114858	0.104219916624067	53.446	1.511	2236.41
0.00915012810179342	0.162539869968104	55.543	1.839	3399.58
0.0130301824225539	0.227339818128145	104.957	2.4	4778.64
0.0197402763638691	0.341819726544219	103.616	3.62	6928.41
0.0255403575650059	0.432899653680277	122.508	3.753	9212.2
0.0419705875882262	0.685439451648439	201.809	5.565	15608.46
0.0630108821523501	0.983159213472629	326.357	7.496	23341.72
0.094321320498487	1.37069890344088	311.357	10.316	36595.45
0.141931987047819	1.8716385026892	456.709	14.497	49664.98
0.210272943821214	2.42045806363355	364.281	16.881	74401.38
0.316614432602056	3.02417758065794	367.155	22.926	101399.85
0.477046678653501	3.61925710459432	365.142	28.478	129389.37
0.711899966599532	4.13135669491464	360.485	35.237	285211.05
1.06463490488867	4.61969630424296	374.938	41.674	369324.4
1.5989823857534	5.21495582803534	509.75	51.321	476857.16
2.40768370757191	6.06545514763588	495.5	65.168	570949.11
3.5964303500249	7.24877420098064	564.613	81.849	660577.3
5.39311550361705	9.02357278114177	608.466	109.416	715908.49
8.08911324758547	11.7341906126475	832.712	146.385	741052.38
12.1315598418378	15.7652873877701	1033.755	219.039	722909.73
18.2117849649895	21.859902512078	1385.875	308.305	736549.33
27.3096723354127	30.9493552405158	1862.137	448.792	756443.06
37.3116723634131	40.9508672393062	2589.609	598.774	778802.54
47.3117523645331	50.9435592451526	2975.231	730.72	800183.58
57.3089323250526	60.938231249415	3578.07	876.997	822689.02
67.3129323810533	70.9741232207014	4019.788	1022.067	845587.94
77.3064822907521	80.9392752485798	4686.325	1166.257	866998.96
87.3103123443728	90.9514072388742	5177.254	2968.586	889761.42
97.071489000846	99.4511804390556	5571.382	3170.26	910945.5
