0.00119001666023324	0.0214199828640137	7.833	1.142	430.68
0.00215003010042141	0.0385199691840247	12.746	1.389	853.24
0.00324004536063505	0.057779953776037	23.468	1.367	1136.19
0.00421005894082517	0.0754199396640483	23.219	1.432	1629.28
0.0061800865212113	0.11015991187207	40.436	1.715	2519.43
0.00886012404173659	0.1560598751521	46.044	1.91	2983.44
0.0121901706623893	0.211859830512136	62.15	2.278	4358.58
0.0182502555035771	0.316259746992202	100.755	2.884	6607.73
0.0273003822053509	0.459719632224294	138.977	3.831	10832.93
0.043290606068485	0.705599435520452	196.859	6.144	15557.53
0.0633108863524089	0.985859211312631	271.922	7.17	24099.96
0.0927512985181793	1.34855892115286	383.498	10.151	33535.24
0.141951987327823	1.8750584999532	422.256	13.37	45451.39
0.210022940321165	2.41523806780955	383.595	17.623	73105.49
0.224713145984044	2.01167839065729	177.8	16.122	24521.31
0.474326640572968	3.5996371202903	386.683	28.698	154843.42
0.713179984519783	4.12595669923464	370.894	36.72	280106.64
1.066344928829	4.63013629589096	383.187	43.357	350915.32
1.60275243853414	5.24663580269136	437.42	57.042	482126.3
2.39653355146972	6.05429515656387	546.413	67.013	570739.13
3.60395045530637	7.24229420616463	567.192	85.271	655820.97
5.39503553049743	9.02717277826178	671.88	113.508	724259.72
8.09588334236679	11.7478706017035	821.66	157.884	741078.64
12.1312498374977	15.7694273844581	1050.751	230.4	722878.36
18.2015748220475	21.832182534254	1368.391	330.886	735426.68
27.3066422929921	30.9432352454118	1822.327	470.423	756273.27
37.3125623758733	40.9469072424742	2574.343	620.813	777920.93
47.3144124017736	50.9466192427046	2978.532	786.895	800467.81
57.3135223893134	60.964331228535	3624.625	940.984	822365.88
67.3116523631331	70.9509032392774	4159.076	1103.806	845139.13
77.3115123611731	80.9617752305798	4758.64	1251.014	867626.28
87.3137323922535	90.9442072446342	5197.938	3069.353	889817.75
97.0910392745498	99.5068003945597	5439.088	3276.458	910848.66
