0.000860012040168562	0.0154799876160099	6.572	1.202	430.68
0.00188002632036849	0.0332999733600213	12.539	1.429	837.49
0.00272003808053313	0.0487799609760312	15.995	1.541	1245.97
0.00363005082071149	0.0647999481600415	23.921	1.902	1566.81
0.00631008834123678	0.111239911008071	38.912	2.312	2131.56
0.00907012698177775	0.158939872848102	52.862	2.832	3480.35
0.0129201808825324	0.226259818992145	92.159	3.864	5380.17
0.0188602640436966	0.323099741520207	98.561	4.653	7086.93
0.0279003906054685	0.473219621424303	152.435	5.796	11025.46
0.0432006048084673	0.701459438832449	255.994	7.885	17020.29
0.0617508645121032	0.960839231328615	330.433	9.561	24224.26
0.0955813381387339	1.38131889494488	314.328	12.402	33559.36
0.141601982427754	1.86443850844919	417.145	17.115	44945.19
0.211972967621547	2.42801805758555	394.053	20.975	70756.28
0.316424429942019	3.02867757705794	375.859	26.102	92856.88
0.474966649533093	3.60503711597031	385.927	31.003	149741.92
0.710749950499307	4.12127670297864	353.506	36.458	289977.64
1.06748494478923	4.64057628753897	344.544	44.394	363529.97
1.59583234165278	5.25185579851536	406.4	55.454	470773.13
2.39811357359003	6.04187516649987	505.316	67.358	569073.78
3.59724036136506	7.23041421566863	548.483	83.785	649066.51
5.40064560903853	9.04823276141379	603.637	111.194	724598.79
8.08919324870548	11.7273506181195	795.124	153.175	741018.8
12.1343298806183	15.7665473867621	1071.27	232.451	723876.29
18.2072149010086	21.847302522158	1380.297	311.572	735967.01
27.3074223039123	30.9626752298598	1916.75	456.941	755786.85
37.3089823257526	40.9510472391622	2396.388	588.236	778856.23
47.3094523323327	50.9473392421286	3030.011	748.798	800490.48
57.3034422481915	60.947591241927	3490.676	877.867	822472.93
67.3119223669131	70.9383032493574	4059.573	1051.992	844750.95
77.3047722668117	80.9480952415238	4703.616	1177.89	867137.09
87.3107723508129	90.9485272411782	5135.611	1324.321	890044.44
97.1584302180231	99.6794202564638	5478.262	1448.664	911409.61
