0.00102001428019992	0.0183599853120118	10.538	1.314	422.76
0.00222003108043513	0.0397799681760255	14.992	1.59	865.05
0.00296004144058017	0.0527399578080338	20.008	1.758	1245.97
0.00399005586078205	0.0716399426880459	23.974	2.034	1691.7
0.00626008764122698	0.110699911440071	42.297	2.499	2372.19
0.00877012278171894	0.155159875872099	48.796	3.029	3829.86
0.0135401895626539	0.23399981280015	69.725	4.582	5349.76
0.0189202648837084	0.326879738496209	99.153	4.728	7226.25
0.0276203866854136	0.465839627328298	167.243	5.903	10810.71
0.0426005964083497	0.689939448048442	221.665	7.751	16305.97
0.0630008820123482	0.974879220096624	264.382	9.787	22172.2
0.0944213218985066	1.37105890315288	390.532	13.083	33886.68
0.140471966607533	1.85741851406519	380.642	16.04	44650.29
0.210022940321165	2.40911807270554	418.428	20.164	67971.66
0.315864422101909	3.02813757748994	368.112	26.865	100431.34
0.471246597452364	3.5897371282103	413.24	33.272	144402.45
0.708789923058923	4.10759671392263	404.744	40.389	290377.44
1.06695493736912	4.63985628811497	445.089	48.791	343240.73
1.59358231015234	5.22863581709135	411.242	56.448	460937.3
2.40398365577118	6.05879515296388	533.976	70.79	571867.16
3.59740036360509	7.24355420515664	546.284	92.846	643167.61
5.3938955145372	9.01655278675777	635.243	118.713	724277.23
8.09603334446682	11.7377906097675	806.232	167.621	741083.11
12.1345698839784	15.7829273736581	1075.223	236.366	722629.04
18.2148750082501	21.849102520718	1383.647	334.286	736079.95
27.3192524695346	30.9612352310118	1907.858	477.694	756318.66
37.3051922726918	40.9600472319622	2358.661	638.002	777947.1
47.3125323754533	50.9574192340646	2978.474	788.177	800783.16
57.3080223123124	60.945071243943	3805.773	963.859	823728.9
67.3089223249125	70.9501832398534	4080.825	1093.43	844380.93
77.3076623072723	80.9524152380678	4664.626	1238.311	867232.4
87.3083823173524	90.9278272577382	5101.397	1404.442	889486.88
97.2037408523719	99.8216201427039	5501.612	1549.147	911622.39
