0.000920012880180323	0.0165599867520106	6.274	1.086	391.04
0.00220003080043121	0.0395999683200253	13.277	1.393	758.69
0.00288004032056449	0.0514799588160329	16.457	1.535	1210.7
0.00428005992083889	0.0755999395200484	34.65	1.9	1613.66
0.00596008344116818	0.105479915616068	33.717	2.25	2236.41
0.00860012040168562	0.151379878896097	47.436	3.201	3614.88
0.0136901916626833	0.238499809200153	103.883	3.759	5041.59
0.0147202060828852	0.248399801280159	71.334	4.216	2325.65
0.0188702641836986	0.323999740800207	184.404	4.553	7045.47
0.0414505803081243	0.678239457408434	222.398	8.045	15830.24
0.0632508855123972	0.987659209872632	288.079	10.726	22456.84
0.0929413011782165	1.34243892604886	318.507	12.179	34461.93
0.14209198928785	1.86407850873719	489.801	15.914	49664.98
0.214112997581966	2.45537803569757	424.916	21.439	76561.13
0.316874436242107	3.03947756841795	400.747	26.526	102541.64
0.468226555171772	3.47165722267422	359.131	32.716	133010.14
0.713159984239779	4.11947670441864	357.695	37.914	288206.86
0.996263947695268	3.88979688816249	274.746	41.199	333621.66
1.59866238127334	5.24447580441936	423.98	58.455	440687.39
2.39426351968928	6.06275514979588	448.408	66.6	557127.69
3.59460032440454	7.22555421955662	525.444	86.526	655021.58
5.39191548681682	9.03473277221378	659.311	110.759	715989.87
7.71340798771183	9.95363203709437	624.88	137.704	740622.09
12.1331198636781	15.7811273750981	1072.309	222.525	722593.85
18.2047748668481	21.85216251827	1400.677	322.653	736815.2
27.3086523211325	30.9543952364838	1840.107	455.3	756386.19
37.3102323432528	40.9598672321062	2398.477	630.173	777996.78
47.316172426414	50.9545392363686	3129.672	737.843	801272.57
57.3131423839934	60.971711222631	3574.969	874.329	823744.48
67.3075223053123	70.9478432417254	4115.752	1026.475	844364.45
77.3065822921521	80.9349552520358	4578.577	1170.127	867062.55
87.3068022952321	90.9332272534182	6064.969	1351.016	889550.62
97.0133681871546	99.3170805463356	5510.629	1484.726	910500.17
