0.000950013300186203	0.0170999863200109	6.224	0.914	383.11
0.00159002226031164	0.0284399772480182	10.509	0.996	691.64
0.00305004270059781	0.0541799566560347	17.247	1.191	1030.2
0.00353004942069189	0.0628199497440402	21.053	1.255	1363.44
0.00940013160184243	0.164879868096106	49.159	1.93	3480.35
0.0414505803081243	0.670859463312429	216.902	5.275	15233.55
0.0635008890124462	1.00241919806464	337.895	7.252	25065.22
0.205422875920263	2.33045813563349	395.879	16.803	62372.81
0.317624446742254	3.02057758353793	342.384	22.676	103630.57
0.712869980179722	4.13189669448264	358.248	34.984	276667.47
1.59869238169334	5.22269582184334	468.168	53.505	468963.51
2.39829357611007	6.04097516721987	461.974	63.946	545813.76
8.09009326130566	11.7376106099115	807.231	147.27	741012.1
12.1407399703596	15.7746473802821	968.469	213.07	722645.05
27.3044222619117	30.9518752384998	1843.464	436.174	756971.64
37.3065222913121	40.9472672421862	2316.832	580.524	779154.68
57.3124423741932	60.982151214279	3488.788	869.16	823753.77
