0.000880012320172482	0.0158399873280101	6.196	1.131	418.79
0.00206002884040377	0.0370799703360237	12.963	1.78	861.11
0.00320004480062721	0.0566999546400363	25.735	1.906	1179.33
0.00369005166072325	0.0658799472960422	23.339	1.725	1363.44
0.00627008778122894	0.112319910144072	42.506	2.459	2286.86
0.00895012530175422	0.158759872992102	63.76	2.891	3753.12
0.0137001918026852	0.238859808912153	271.239	3.935	4995.89
0.01852025928363	0.317339746128203	117.753	4.474	6969.87
0.0270403785652999	0.456839634528292	137.56	5.523	10517.88
0.0425005950083301	0.689579448336441	197.505	7.556	16305.97
0.0629108807523305	0.977219218224625	282.087	9.551	24333.91
0.094061316858436	1.37501889998488	312.454	12.3	31675.04
0.140301964227499	1.85039851968118	386.739	18.19	49499.28
0.212482974761647	2.45393803684957	362.001	21.215	71723.18
0.315334414681806	3.01751758598593	370.979	25.674	105300.07
0.475026650373105	3.6001771198583	363.166	30.799	140394.42
0.711619962679477	4.11713670629064	373.591	37.364	282053.08
1.06694493722912	4.62599629920296	427.383	44.779	356979.73
1.59297230161222	5.12657589873928	418.734	57.527	465208.91
2.39255349574894	6.03719517024386	495.403	67.855	573520.99
3.59863038082533	7.25237419810064	543.075	84.659	660486.66
5.39600554407762	9.03995276803779	677.57	116.009	714306.17
8.09792337092719	11.7365306107755	826.581	150.586	741047.96
12.1450200302804	15.7845473723621	1038.898	223.795	723282.09
18.2104149458092	21.82606253915	1492.655	328.69	737167.22
27.3134623884734	30.9560152351878	1947.692	451.961	756746.46
37.3157424203939	40.9517672385862	2442.101	604.5	778615.11
47.3148024072337	50.9439192448646	2985.559	745.471	801322.29
57.2581316138426	60.3579117136706	3609.999	886.418	822965.88
67.3137923930935	70.9608032313574	4070.047	1024.472	845622.77
77.3122323712532	80.9497152402278	4655.698	1169.366	867087.2
87.3127723788133	90.9717472226022	5046.858	1306.156	889759.8
97.0730790231063	99.4637804289757	5547.212	1443.821	910759.14
