0.00108001512021168	0.0192599845920123	6.907	0.972	406.9
0.00609008526119366	0.108359913312069	44.175	1.538	2286.86
0.0136401909626735	0.237779809776152	75.882	2.282	4614.56
0.0183302566235927	0.317879745696203	119.67	2.817	6928.41
0.0636008904124658	0.988739209008633	291.19	7.168	23214.01
0.0940213162984282	1.37735889811288	380.03	10.11	34403.45
0.140191962687478	1.83905852875318	405.319	13.275	49681.54
0.210812951381319	2.41757806593755	385.219	19.353	71360.04
0.401155616178626	2.79395776483379	230.391	23.325	99644.1
1.06187486624813	4.64543628365097	407.635	42.968	368761.21
1.60030240423366	5.22827581737935	523.142	53.552	480216.29
2.4000136001904	6.03359517312386	544.935	64.477	553884.54
3.59604034456482	7.23527421178063	555.607	81.713	664667.53
5.3969555573778	9.03293277365378	697.444	108.231	724232.61
18.2053348746882	21.838122529502	1673.87	310.015	735546.56
27.3078723102123	30.9475552419558	1883.299	449.656	755185.08
37.3090323264526	40.9287272570182	2447.749	587.446	778422.24
47.3135323894534	50.9498592401126	2929.2	746.512	800113.8
57.3138123933735	60.949031240775	4485.571	880.949	823013.41
77.3104323460528	80.9360352511718	4541.661	1163.348	867618.13
