0.0011500161002254	0.0206999834400132	48.54	1.468	434.64
0.00212002968041553	0.0376199699040241	14.606	1.615	821.74
0.00314004396061545	0.0563399549280361	19.555	1.81	1179.33
0.00399005586078205	0.0710999431200455	31.594	2.349	1339.96
0.00581008134113878	0.103679917056066	39.973	2.663	2372.19
0.00879012306172286	0.154979876016099	48.779	2.985	3411.12
0.012750178502499	0.224099820720143	95.834	3.728	5444.77
0.0188102633436868	0.323819740944207	101.617	5.735	7628.62
0.0281803945255234	0.471959622432302	179.434	5.993	10517.88
0.0416605832481655	0.677699457840434	191.818	8.3	15189.84
0.0631408839723756	0.972899221680623	316.236	9.679	22986.82
0.094571323998536	1.38149889480088	357.665	12.893	32962.03
0.143432008048113	1.88909848872121	384.84	18.45	53121.94
0.210792951101315	2.42027806377755	372.246	21.188	74602.26
0.318274455842382	3.02435758051394	369.883	26.015	88100.8
0.474936649113088	3.5951371238903	348.297	32.704	144221.53
0.71086995217933	4.11137671089863	407.463	39.108	193126.17
1.06603492448894	4.62095630323496	380.559	46.182	379329.31
1.59940239163348	5.24069580744335	444.24	61.077	453856.17
2.39003346046845	6.04709516232387	497.729	72.843	561255.24
3.60536047504665	7.23041421566863	596.905	92.788	650398.37
5.39564553903755	9.02933277653378	626.742	118.176	720501.84
8.0888032432454	11.7313106149515	814.016	164.229	741015.11
11.8151954127358	14.129448696441	895.991	221.799	722451.97
18.2061248857484	21.842982525614	12936.637	343.266	735251.33
27.3118423657931	30.9502552397958	1869.562	476.737	756544.45
37.3153524149338	40.9515872387302	2392.059	635.207	777988.14
47.306232287252	50.9476992418406	3121.983	786.901	800725.58
57.3085123191725	60.938411249271	3533.122	938.915	822416.61
67.3099323390528	70.9501832398534	4193.645	1139.978	845605.84
77.3069922978922	80.9425152459878	4694.426	1285.589	867725.73
87.2834819687476	90.652607477914	5255.734	1476.114	889181.79
97.2233611270558	99.9100000719999	5570.055	1550.623	911619.77
