0.00193002702037829	0.0345599723520221	12.853	1.031	833.55
0.00321004494062917	0.0570599543520365	19.382	1.191	1151.88
0.00378005292074089	0.0676799458560433	23.176	1.25	1363.44
0.0188302636236907	0.326339738928209	115.103	2.854	6928.41
0.0623908734722286	0.974879220096624	270.023	7.866	22396.37
0.140671969407572	1.84103852716918	362.293	13.69	47021.7
0.21066294928129	2.41631806694555	400.216	17.766	72512.54
1.06567491944887	4.63895628883497	409.711	44.102	359785.78
1.59537233521269	5.22989581608335	449.641	54.665	454114.95
5.39394551523721	9.03491277206978	739.158	110.079	721988.43
12.137749928499	15.7760873791301	1198.736	213.996	723095.21
18.025582358153	20.5892835285732	1273.119	303.999	736477.26
27.3063922894921	30.9734752212198	1843.702	441.245	756168.52
37.3105823481529	40.9467272426182	2426.438	583.315	777913.17
47.3080623128724	50.9489592408326	2971.878	726.568	800941.76
67.1611702563836	69.8185241451807	3971.791	999.999	845324.09
77.3108023512329	80.9587152330278	4599.363	1161.266	867063.46
97.0943993215905	99.5179603856317	5372.959	3155.118	910870.25
