0.00193002702037829	0.0347399722080222	24.295	1.473	691.64
0.00576008064112898	0.102239918208065	43.432	1.677	2131.56
0.0135901902626637	0.235439811648151	75.468	2.453	4778.64
0.019760276643873	0.342899725680219	117.177	3.259	7226.25
0.0286704013856194	0.482759613792309	141.166	4.018	10551.25
0.0626608772522815	0.980279215776627	255.02	7.38	23331.08
0.0930813031382439	1.35611891510487	311.595	10.968	32187.94
0.104841467780549	1.33001893598485	312.335	10.764	11306.87
0.210462946481251	2.42369806104155	467.011	19.291	76561.13
0.474036636512911	3.6005371195703	351.615	29.533	147956.19
0.707269901778625	4.10975671219463	356.084	37.645	280697.56
1.06803495248933	4.63553629157097	380.043	43.442	383515.01
1.60119241669383	5.23457581233935	435.874	56.948	476933.49
3.60110041540582	7.23743421005263	578.456	85.953	666429.36
5.39826557571806	9.04823276141379	623.236	112.909	724270.23
27.3087723228125	30.9596152323078	1956.442	469.959	756031.09
37.3068622960721	40.9326872538502	2422.514	623.232	777866.14
67.3037922530915	70.9645832283334	4356.33	1115.026	845378.4
87.3086823215525	90.9281872574502	5303.288	3067.238	889455.75
