0.00109001526021364	0.0196199843040126	17.303	1.133	387.07
0.00198002772038809	0.0352799717760226	16.654	1.361	813.86
0.00288004032056449	0.0516599586720331	30.991	1.682	1289.06
0.00395005530077421	0.0701999438400449	29.467	1.799	1715.1
0.0057800809211329	0.101699918640065	42.746	2.236	2158.75
0.00912012768178755	0.161279870976103	71.25	2.831	3753.12
0.012260171642403	0.217439826048139	109.868	3.329	5129.15
0.0154602164430302	0.263699789040169	152.847	4.128	1590.24
0.0278303896254548	0.4681796254563	207.286	5.4	10699.56
0.0424205938883144	0.697859441712447	287.239	7.977	15233.55
0.0634208878924305	0.98387921289663	375.471	9.565	23008.12
0.0937413123783733	1.36493890804887	478.87	11.706	32906.8
0.140891972487615	1.83923852860918	539.915	14.69	51728.72
0.212342972801619	2.42621805902555	540.183	18.881	76811.09
0.318144454022356	3.03173757460994	472.265	23.489	108980.79
0.471356598992386	3.5936971250423	661.67	29.617	144573.61
0.711349958899425	4.12955669635464	455.036	35.393	195551.93
1.06233487268822	4.62509629992296	490.963	43.204	356241.76
1.60086241207377	5.23223581421135	517.912	55.424	478180.47
2.39502353032942	6.03125517499586	571.546	63.391	555328.6
3.5872702217831	7.23923420861263	668.168	80.442	637208.73
5.39832557655807	9.05201275838979	815.459	111.52	723942.69
8.08865324114538	11.7496706002635	917.818	146.32	741033.18
12.1366899136588	15.7768073785541	1176.633	214.102	723030.61
18.2029848417878	21.847842521726	1519.485	307.527	736862.31
27.3027422383913	30.9349552520358	2017.11	450.258	756087.06
37.3147124059737	40.9519472384422	2668.932	588.762	778777.61
47.3058622820719	50.9453592437126	3149.174	715.966	800564.23
57.3130823831534	60.949751240199	3746.622	852.024	823659.11
67.3172324412542	70.9410032471974	4277.403	994.462	845920.93
77.1404599664395	79.741196207043	4668.637	1125.394	866595.46
87.3145524037337	90.9463672429062	5519.77	1280.074	889826.26
97.2051708723922	99.8248601401119	6141.962	1413.635	911622.33
