0.000920012880180323	0.0165599867520106	7.873	1.075	363.27
0.00424005936083105	0.0759599392320486	31.505	1.53	1691.7
0.0130601828425598	0.228599817120146	108.683	2.546	5068.24
0.0189702655837182	0.325259739792208	154.839	2.896	7305.28
0.042270591788285	0.686699450640439	268.957	5.229	14167.62
0.0638808943325207	0.991439206848635	363.726	6.939	25065.22
0.0944513223185125	1.37177890257688	504.848	9.514	36075.29
0.712429974019636	4.11119671104263	512.574	34.676	193960.14
1.06606492490895	4.63787628969897	481.723	41.343	383347.16
3.59857037998532	7.25021419982864	671.549	83.064	642433.96
37.3080223123124	40.9308872552902	2816.67	610.262	778026.13
57.316582432154	60.949571240343	3743.887	908.131	823012.36
87.2582516155226	90.3781076975138	5324.486	2201.422	889069.45
