0.0011000154002156	0.0197999841600127	19.32	1.116	351.37
0.00224003136043905	0.0403199677440258	17.837	1.405	691.64
0.00285003990055861	0.0507599593920325	22.687	1.577	1069.47
0.00389005446076245	0.0691199447040442	29.898	1.814	1527.75
0.00594008316116426	0.105659915472068	46.216	2.22	2569.76
0.00891012474174638	0.157499874000101	75.938	3.061	3806.84
0.0135401895626539	0.23363981308815	99.441	3.557	4809.15
0.0191102675437456	0.329219736624211	142.572	4.741	6562.41
0.0233903274645845	0.392579685936251	176.231	5.319	9212.2
0.0414605804481263	0.675179459856432	354.108	7.047	15557.53
0.0624208738922345	0.974519220384624	372.438	9.571	23611.2
0.0956713393987516	1.38725889019289	460.106	11.793	32388.54
0.139291950087301	1.85525851579319	522.857	14.7	47738.46
0.209072927020978	2.41487806809755	498.239	18.614	69151.42
0.316444430222023	3.02039758368193	459.96	24.1	105300.07
0.474966649533093	3.60773711381031	538.779	28.906	146930.15
0.708319916478831	4.14071668742665	531.169	34.385	277326.77
1.06064484902789	4.64255628595497	522.265	42.853	360857.05
1.59664235299294	5.22287582169934	498.191	54.501	474744.5
2.39877358283016	6.02747517801986	533.292	66.027	573656.35
3.59863038082533	7.24373420501264	675.324	82.925	660671.81
5.38662541275578	9.03059277552578	795.026	111.336	722030.86
8.09554333760673	11.7305906155275	968.416	143.929	741083.59
12.1317498444978	15.7809473752421	1178.252	213.523	722998.11
18.2058948825284	21.859722512222	1500.568	309.875	736957.75
27.311332358653	30.9477352418118	2093.487	440.801	756459.09
37.2586116205627	40.3572277142178	2389.252	570.422	777550.38
47.3096723354127	50.9638992288806	3187.604	713.29	801596.37
57.316132425854	60.935711251431	3713.583	848.514	822938.36
67.2132509855138	70.0608039513568	4172.862	995.694	844801
77.219551073715	80.0844559324352	4716.432	1131.871	867150.78
87.2734918288856	90.4902476078019	7382.018	1248.431	889439.1
97.1753804553264	99.7487202010238	5708.237	1402.681	911404.53
