0.000990013860194043	0.0176399858880113	8.935	0.959	418.79
0.00190002660037241	0.0338399729280217	14.565	1.092	790.22
0.00315004410061741	0.0565199547840362	45.976	1.213	1249.89
0.00366005124071737	0.0653399477280418	26.44	1.348	1570.72
0.00634008876124266	0.113579909136073	51.459	1.474	2422.58
0.00937013118183655	0.164339868528105	69.453	1.822	3411.12
0.0131001834025676	0.229139816688147	97.933	2.18	4809.15
0.0197102759438632	0.336059731152215	161.595	3.064	7214.96
0.0278603900454606	0.470519623584301	196.702	4.032	10832.93
0.0428105993483909	0.701279438976449	270.288	5.062	15830.24
0.0615608618520659	0.960119231904614	361.651	6.875	20139.39
0.0956013384187379	1.38293889364889	518.665	9.662	35059.8
0.141781984947789	1.8728985016812	558.212	12.607	49681.54
0.21025294354121	2.41037807169754	542.683	16.289	65036.96
0.31719444072217	3.02111758310593	565.553	21	101111.27
0.476756674593444	3.61781710574632	473.959	26.703	154043.18
0.710239943359207	4.11821670542664	454.884	32.737	283633.23
1.0673349426892	4.64615628307497	515.017	39.943	373043.56
1.59657235201293	5.24915580067536	585.306	49.49	471077.48
2.39126347768869	6.04403516477187	529.606	60.088	561194.13
3.59292030088421	7.23977420818063	638.386	77.896	642892.68
5.39345550837712	9.04211276630979	749.281	100.908	708314.84
8.09723336126706	11.7534505972395	1001.384	140.74	741020.88
12.1337298722182	15.7683473853221	1382.546	206.474	723080.45
18.2026448370277	21.84316252547	1432.251	299.968	735434.24
27.3040722570116	30.9554752356198	1938.458	423.538	757054.1
37.1189296650153	39.6527082778334	2425.191	547.26	776737.82
47.3080023120324	50.9532792373766	3096.48	711.489	800556.54
57.3104423461928	60.943271245383	3727.33	843.275	822607.87
67.3052622736718	70.9433432453254	4359.709	993.712	845253.17
77.3055722780119	80.9500752399398	4941.926	1135.886	867133.44
87.3077823089523	90.9127072698342	5710.089	2190.562	889953.51
97.1779204908869	99.7544801964158	5654.118	2341.921	911426
