0.00199002786039005	0.0356399714880228	18.262	1.068	802.04
0.00311004354060957	0.0557999553600357	23.468	1.22	1210.7
0.00612008568119954	0.10907991273607	43.564	1.476	2131.56
0.0940813171384399	1.36313890948887	455.946	9.288	32212.15
0.130471826605572	1.69307864553708	508.06	11.521	43064.35
0.210292944101217	2.42567805945755	499.822	15.738	72512.54
0.709059926838976	4.09787672169862	480.003	32.04	183716.1
1.06007484104777	4.63751628998697	518.733	39.478	361788.01
2.39564353900955	6.05105515915587	563.852	60.892	573493.82
3.59854037956531	7.24049420760463	625.94	77.43	642515.17
8.08868324156538	11.7449906040075	935.75	141.449	741088.81
12.1359699035786	15.7726673818661	1177.758	211.827	723722.96
18.204314860408	21.850182519854	1514.76	306.299	735304.97
27.3033422467915	30.9250552599558	2010.818	445.384	755497.37
77.311172356413	80.9452152438278	4818.073	1140.21	867150.42
97.1585202192831	99.6988602409118	5672.762	2337.091	911280.49
