0.0011500161002254	0.0205199835840131	11.819	1.191	367.24
0.00203002842039789	0.0365399707680234	23.847	1.401	790.22
0.00312004368061153	0.0559799552160358	26.995	1.671	1198.94
0.00422005908082713	0.0755999395200484	33.575	1.897	1715.1
0.0056300788211035	0.100799919360065	58.631	2.624	2465.2
0.00911012754178558	0.161999870400104	77.552	2.985	3680.17
0.0136901916626833	0.237779809776152	112.51	3.609	5463.77
0.0183902574636045	0.317159746272203	134.19	4.245	7045.47
0.028760402645637	0.48491961206431	206.802	5.741	10647.65
0.0417205840881772	0.683099453520437	364.279	7.094	15590.27
0.0622008708121914	0.973439221248623	352.725	8.675	24263.17
0.0941313178384497	1.36529890776087	490.029	12.495	36075.29
0.140871972207611	1.85075851939318	800.052	14.902	50159.02
0.210602948441278	2.42711805830555	533.449	18.312	68926.02
0.31678443498209	3.02669757864194	552.552	24.199	92832.67
0.474866648133074	3.60827711337831	474.786	29.283	144776.35
0.710799951199317	4.12109670312264	459.498	34.193	284252.45
1.06687493624911	4.64453628437097	570.304	41.973	371202.67
1.59417231841246	5.21225583019534	724.582	52.74	472642.92
2.40061360859052	6.04115516707587	587.543	64.24	575354.18
3.56588992245891	6.81605454715636	534.646	83.541	656699.79
5.0448906284688	7.31861414510868	572.102	94.229	701346.87
8.09805337274722	11.7516505986795	956.824	146.761	741024
12.137539925559	15.7886873690501	1168.777	215.241	723110.23
18.1855745980444	21.5067427946058	1415.172	306.461	737046.37
27.3066322928521	30.9423352461318	2116.097	434.318	755690.07
37.3159224229139	40.9562672349862	2775.676	577.179	778815.07
47.316582432154	50.9527392378086	3140.466	718.853	801255.85
57.3104423461928	60.966311226951	3671.583	852.221	823666.38
67.311352358933	70.9525232379814	4415.203	999.515	845589.62
77.3084223179124	80.9606952314438	4839.172	1137.706	866957.14
87.3102323432528	90.9569872344102	5636.662	1277.454	889913.17
97.2167310342345	99.8875000899999	6029.595	1408.508	911614.59
