0.000860012040168562	0.0154799876160099	8.058	1.11	398.97
0.00200002800039201	0.035999971200023	22.479	1.345	758.69
0.00291004074057037	0.0520199583840333	22.386	1.529	1210.7
0.00401005614078597	0.0712799429760456	33.431	1.843	1629.28
0.00601008414117798	0.106559914752068	62.39	2.718	2236.41
0.00870012180170522	0.151199879040097	89.79	2.986	3334.15
0.0129301810225343	0.225179819856144	108.147	3.473	4980.65
0.0186602612436574	0.322019742384206	145.237	4.65	7504.61
0.0290604068456958	0.487439610048312	247.718	5.724	10647.65
0.0408905724680146	0.667799465760427	281.131	7.172	16305.97
0.0630608828523599	0.978659217072626	335.584	8.998	24029.15
0.0947413263785693	1.36133891092887	475.329	11.683	33535.24
0.142992001888026	1.8806384954892	569.541	15.482	48952.09
0.211482960761451	2.42783805772955	605.208	18.86	70648.71
0.315444416221827	3.01949758440193	486.247	24.301	108117.36
0.472606616492631	3.61331710934631	444.741	28.457	149741.92
0.70948993285906	4.11227671017863	495.217	35.591	281522.5
1.05549477692688	4.45355643715485	445.903	42.448	351144.33
1.60528247395464	5.22647581881934	518.452	56.021	463043.02
2.39078347096859	6.03125517499586	581.474	63.795	544846.38
3.60322044508623	7.25543419565264	714.719	81.589	654161.54
5.39789557053799	9.04625276299779	740.108	107.023	724440.54
8.09878338296736	11.7388706089035	903.847	147.341	741086.34
12.1112195570738	15.4070876743299	1005.866	208.159	724152.65
18.2075949063287	21.842802525758	1492.382	305.263	735751.08
27.3068022952321	30.9378352497318	2056.058	451.2	756353.75
37.3119023666331	40.9555472355622	2633.939	575.771	778713.45
47.3156524191339	50.9647992281606	3219.87	720.8	800878.36
57.2544315620419	60.3341517326786	3613.921	855.621	822964.17
67.3063922894921	70.9509032392774	4446.339	1028.983	845317.49
77.3056222787119	80.9353152517478	4862.863	1125.731	867755.46
87.3078323096523	90.9334072532742	5629.423	1268.046	889824
97.0270283783973	99.3534405172476	5822.134	1402.725	910756.74
