0.000840011760164642	0.0151199879040097	11.866	1.092	391.04
0.00210002940041161	0.037439970048024	16.698	1.331	853.24
0.00291004074057037	0.0518399585280332	42.988	1.746	1155.8
0.00373005222073109	0.0667799465760427	30.322	1.767	1629.28
0.0060300844211819	0.107459914032069	51.739	2.247	2333.41
0.00860012040168562	0.150119879904096	62.904	2.714	3572.61
0.0126601772424814	0.219779824176141	87.804	3.327	4858.71
0.0191202676837476	0.32831973734421	138.472	4.448	7086.93
0.0281103935455096	0.4687196250243	199.368	5.89	9569.95
0.0413705791881086	0.683279453376437	277.323	7.486	16469.6
0.0631408839723756	0.986579210736631	408.953	8.922	22929.55
0.0947213260985654	1.36925890459288	509.395	12.087	34069.16
0.142051988727842	1.86191851046519	503.032	14.998	51018.53
0.212392973501629	2.41973806420955	492.663	19.091	61324.31
0.316914436802115	3.00671759462592	460.032	24.513	108809.69
0.474446642252992	3.6016171187063	480.393	29.73	140394.42
0.709939939159148	4.10957671233863	477.148	36.506	196812.11
1.06742494394922	4.62797629761896	522.769	42.888	382798.07
1.59545233633271	5.24177580657935	548.975	53.923	467237.08
2.40284363981096	6.04979516016387	611.92	64.838	577719.35
3.5933603070443	7.23419421264463	639.941	81.234	652574.56
5.39484552783739	9.0602927517658	791.728	106.613	721600.13
8.09380331324638	11.7246506202795	980.147	148.04	740397.27
12.132699857798	15.7773473781221	1127.042	212.823	722958.51
18.2055248773483	21.849102520718	1521.16	306.34	736715.36
27.3080023120324	30.9471952422438	2431.189	435.726	755086.48
37.3050722710118	40.9292672565862	2610.063	577.329	778002.95
47.3129523813333	50.9844192124646	3288.425	719.015	801653.59
57.3072023008322	60.929951256039	3733.628	854.05	823102.94
67.3156024184339	70.9395632483494	4249.233	991.519	845051.13
77.3145324034537	80.9470152423878	4875.831	1127.594	867159.03
87.2949921298898	90.7121874302501	5391.892	1274.724	889550.31
96.9708975925663	99.2224006220795	5745.707	1391.999	910332.32
