0.00101001414019796	0.0179999856000115	8.785	1.14	410.86
0.00197002758038613	0.0352799717760226	17.951	1.209	837.49
0.00300004200058801	0.0536399570880343	25.597	1.339	1179.33
0.00370005180072521	0.0656999474400421	37.93	1.377	1535.56
0.0060800851211917	0.108179913456069	59.2	1.956	2395.45
0.00874012236171306	0.152099878320097	113.58	1.898	2983.44
0.0127301782224951	0.222479822016142	95.219	2.484	5463.77
0.019260269643775	0.331199735040212	133.031	3.055	7214.96
0.0264503703051843	0.446939642448286	188.334	4.002	10647.65
0.042020588288236	0.68687945049644	256.706	5.527	14938.03
0.062030868432158	0.962279230176616	346.252	6.655	20139.39
0.092321292498095	1.34207892633686	444.331	9.571	32792.85
0.14122197710768	1.86641850686519	510.849	12.541	49664.98
0.212002968041553	2.43377805297756	552.363	17.371	74288.37
0.317454444362221	3.02561757950594	491.336	21.58	104202.8
0.477176680473527	3.61619710704231	507.672	27.871	144874.94
0.710699949799297	4.11461670830663	502.364	33.216	184259.71
1.06592492294892	4.63949628840297	503.76	41.271	387211.49
1.59269229769217	5.23763580989135	531.936	52.562	461526.43
2.39860358045013	6.04205516635587	589.871	64.619	577744.61
3.59565033910475	7.23311421350863	611.708	82.022	650034.98
5.39244549423692	9.03221277422978	758.442	109.054	716293.7
8.08395317534445	11.7467906025675	902.206	151.579	741039.06
12.1401099615395	15.7741073807141	1214.237	225.198	722480.91
18.2067648947085	21.859902512078	1555.656	319.467	735934.63
27.3107023498329	30.9315352547718	2031.769	459.466	756482.58
37.3079423111924	40.9519472384422	2586.698	615.288	777864.17
47.3095323334527	50.9511192391046	3318.167	758.144	800952.81
57.3142423993936	60.945251243799	3787.58	907.616	822849.57
67.3103323446528	70.9350632519494	4440.283	1073.564	845485.48
77.3099423391927	80.9398152481478	5103.497	1225.612	867109.49
87.2978121693704	90.7550273959781	5436.696	2240.964	889590.89
97.1855705979884	99.7766201787039	6763.116	2452.944	911485.27
