0.000980013720192083	0.0176399858880113	9.107	0.928	438.61
0.00201002814039397	0.035999971200023	20.331	1.247	809.92
0.00307004298060173	0.0550799559360352	34.234	1.228	1210.7
0.00400005600078401	0.0714599428320457	29.539	1.25	1582.43
0.00627008778122894	0.111959910432072	50.641	1.503	2333.41
0.00924012936181107	0.164159868672105	70.545	1.811	3534.18
0.01301018214255	0.227519817984146	107.141	2.416	5380.17
0.0194702725838162	0.334079732736214	176.225	2.904	6316.77
0.0287104019456272	0.482579613936309	189.185	3.694	11528.6
0.0417305842281792	0.674639460288432	258.539	5.376	14948.97
0.0631408839723756	0.972899221680623	330.227	6.625	22986.82
0.0951013314186399	1.37897889681688	432.054	9.417	36034.2
0.141271977807689	1.85597851521719	519.841	12.255	51728.72
0.209062926880976	2.39399808480153	459.44	16.835	70648.71
0.316184426581972	3.03101757518594	452.458	21.223	104798.05
0.477106679493513	3.61205711035431	534.273	27.201	142847.56
0.711539961559462	4.12811669750664	467.77	32.04	279390.6
1.06312488374837	4.64183628653097	500.187	39.446	350147.66
1.59340230763231	5.23205581435535	571.99	50.06	445812.27
2.39165348314876	6.04061516750787	560.559	60.488	561171.73
3.59932039048547	7.25741419406864	638.756	78.241	641749.7
5.39523553329747	9.02789277768578	786.03	102.871	724293.82
8.09037326522571	11.7260906191275	921.553	142.229	740335.46
12.1356098985386	15.7827473738021	1173.38	216.863	723208.98
18.2095649339091	21.844422524462	1488.805	305.892	735732.27
27.3048722682118	30.9360352511718	2055.148	440.254	756850.51
37.3073123023722	40.9483472413222	2671.065	575.599	777906.82
47.3086323208525	50.9635392291686	3173.134	708.85	800315.09
57.3099923398928	60.945971243223	3720.677	850.213	822527.06
67.3076523071323	70.9613432309254	4306.186	1000.111	845444.17
77.3102123429728	80.9453952436838	4806.978	1135.177	867201.14
87.2604616464631	90.3692877045698	5304.512	2112.085	889390.9
97.0888692441694	99.5021203983037	5591.302	2338.236	910839.06
