0.00257003598050373	0.0462599629920296	19.722	1.161	1175.41
0.00305004270059781	0.054719956224035	25.796	1.251	343.43
0.0414505803081243	0.678419457264434	291.267	4.971	15557.53
0.0634008876124266	0.994499204400636	400.844	6.577	23341.72
0.0936213106983498	1.36367890905687	510.64	9.999	35059.8
0.209562933881074	2.43323805340956	465.911	17.143	72392.76
0.314884408381717	3.02507757993794	498.29	21.049	97424.98
0.474486642812999	3.60881711294631	472.612	26.739	146856.5
1.59775236853316	5.20847583321933	508.253	50.114	479944.78
3.59544033616471	7.24643420285264	647.246	78.992	661576.99
5.39435552097729	9.05057275954179	810.18	105.937	720549.29
8.0903232645257	11.6998106401515	851.707	141.329	740210.68
12.1392499494993	15.7877873697701	1100.56	210.37	721869.33
47.3027722388113	50.8503193197445	3134.163	713.284	800755.91
67.311402359633	70.9492832405734	4329.432	999.58	844866.17
77.3119523673331	80.9462952429638	5014.334	1157.599	867200.61
87.3074323040523	90.9305272555782	5567.014	2196.005	889831.83
