0.0011500161002254	0.0206999834400132	9.636	1.336	402.94
0.00213002982041749	0.0383399693280245	16.502	1.519	821.74
0.00301004214058997	0.0539999568000346	24.762	1.776	1249.89
0.00440006160086241	0.0784799372160502	35.448	2.161	1609.76
0.00587008218115054	0.104399916480067	44.003	2.41	2554.28
0.00959013426187967	0.167399866080107	82.162	3.101	3480.35
0.0126101765424716	0.221399822880142	121.916	3.742	5129.15
0.0186702613836594	0.322919741664207	134.425	4.818	6203.29
0.0230703229845218	0.385559691552247	158.645	5.014	4530.55
0.043020602288432	0.70325943739245	345.115	7.305	15284.54
0.0516307228301196	0.791819366544507	283.066	8.339	9260.68
0.0791911086755215	1.12643909884872	377.911	9.673	29457.72
0.141641982987762	1.85813851348919	484.871	15.133	53299.4
0.209192928701002	2.39957808033754	496.231	19.956	70648.71
0.318184454582364	3.03587757129794	462.391	24.181	109437.79
0.476076665073311	3.61655710675431	445.493	29.926	142574.1
0.714650005100071	4.11857670513864	535.94	36.355	186030.32
1.06721494100917	4.64183628653097	473.66	43.855	383924.47
1.59850237903331	5.22701581838735	606.859	56.88	455335.16
2.40162362273072	6.03431517254786	644.478	68.636	573241.6
3.59177028478399	7.24049420760463	666.818	84.682	651490.28
5.3959055426776	9.03203277437378	735.702	115.387	720576.61
8.09493332906661	11.7347306122155	925.761	159.202	741084.93
12.1381299338191	15.7836473730821	1191.054	228.793	721862.58
18.2126949777297	21.869082504734	1541.685	326.912	736499.47
27.3070622988722	30.9443152445478	1975.902	469.453	755111.7
37.3122423713932	40.9458272433382	2635.782	625.18	778089.97
47.3100623408728	50.9640792287366	3283.767	762.323	801513.98
57.3140323964535	60.951191239047	4458.393	927.398	822384.76
67.3109023526329	70.9577432338054	4391.856	1085.926	844548.26
77.306022284312	80.9408952472838	4932.763	1232.556	867152.3
87.3075523057323	90.8936272850982	5718.018	1373.455	889874.51
97.1506601092415	99.6560202751838	5991.358	1526.449	911363.79
