0.000880012320172482	0.0158399873280101	8.232	0.976	438.61
0.00204002856039985	0.0363599709120233	15.058	1.013	762.63
0.00307004298060173	0.0545399563680349	23.546	1.411	1069.47
0.00396005544077617	0.070379943696045	30.142	1.212	1418.21
0.00597008358117014	0.105839915328068	52.159	1.436	2003.29
0.00905012670177383	0.159119872704102	72.521	1.739	3534.18
0.0129501813025382	0.226079819136145	94.547	2.557	5068.24
0.0188802643237005	0.325079739936208	152.538	2.772	7865.17
0.0252403533649471	0.425159659872272	181.104	3.651	9212.2
0.0428806003284046	0.697499442000446	302.954	5.43	15837.51
0.0644709025926363	0.99971920022464	398.928	6.822	22396.37
0.0928512999181988	1.34963892028886	432.25	9.047	35495.58
0.139171948407278	1.83419853264117	573.308	12.381	49426.37
0.209262929681016	2.41865806507355	515.394	16.085	66670.94
0.31821445500237	3.03335757331394	537.395	21.545	105388.62
0.472176610472547	3.5926171259063	518.839	25.693	142574.1
0.708249915498817	4.11695670643464	451.68	32.474	191372.48
1.06076485070791	4.64237628609897	515.064	39.157	360611.49
1.60317244441422	5.23007581593935	568.069	51.006	477187.38
2.39159348230875	6.04079516736387	663.986	62.308	561171.73
3.59561033854474	7.23347421322063	681.073	78.284	643086.71
5.11003154044157	7.46261402990878	537.282	91.184	705061.31
8.09070326984578	11.7284306172555	880.03	142.751	741096.08
12.1349198888784	15.7755473795621	1252.286	210.596	722612.64
18.2126249767497	21.83596253123	1505.956	302.303	736177.22
27.3130923832934	30.9372952501638	1955.731	423.368	757103.75
37.316182426554	40.9551872358502	2542.202	570.718	778775.26
47.310982353753	50.9565192347846	3199.918	708.721	800782.69
57.3122523715332	60.956051235159	3813.103	850.945	822505.52
67.306112285572	70.9449632440294	4491.554	988.728	844396.98
77.3098423377927	80.9608752312998	4958.311	1128.768	867207.77
87.3125423755933	90.9665272267782	5436.986	2182.483	889945.32
97.2150810111342	99.8754400996479	5570.053	2346.132	911614.33
