0.00103001442020188	0.0183599853120118	3.564	1.292	391.04
0.00193002702037829	0.0345599723520221	5.266	1.548	853.24
0.00311004354060957	0.0556199555040356	7.324	1.727	1128.34
0.00370005180072521	0.0660599471520423	9.375	2.037	1535.56
0.0059800837211721	0.106559914752068	12.646	2.609	2372.19
0.00877012278171894	0.154799876160099	17.701	2.88	3334.15
0.0126101765424716	0.21869982504014	24.23	3.825	5068.24
0.0199002786039005	0.341999726400219	34.882	4.459	7504.61
0.0281303938255136	0.473399621280303	45.027	5.404	10161.57
0.0426505971083595	0.696419442864446	85.793	7.059	17020.29
0.0628608800523207	0.972899221680623	86.197	9.152	22456.84
0.0943613210584948	1.36709890632087	131.786	11.748	36472.31
0.140981973747632	1.8682185054252	148.011	14.873	53121.94
0.210542947601266	2.42153806276955	139.464	18.425	73152.71
0.314144398021572	3.03029757576194	140.726	25.134	108701.21
0.475416655833182	3.60467711625831	159.386	30.026	138347.23
0.713149984099777	4.12685669851464	148.903	36.931	292455.31
1.06693493708912	4.63121629502696	174.033	44.317	342945.73
1.33119863678091	3.68369705304236	123.599	41.825	337604.41
2.39503353046943	5.99993520005184	176.95	66.411	575963.37
3.59534033476469	7.24751420198864	230.019	86.054	661411.23
5.39528553399748	9.02771277782978	329.933	114.044	725003.34
8.08801323218525	11.7370706103435	329.605	155.442	741092.54
12.1340798771183	15.7674473860421	437.711	229.863	723884.73
18.2059548833684	21.869802504158	599.737	332.775	736676
27.3081123135724	30.9534952372038	868.798	459.654	756441.73
37.3096123345727	40.9379072496742	1214.741	614.869	778653.82
47.3057522805319	50.9451792438566	1569.687	761.221	800772.69
57.3127823789533	60.969011224791	1886.182	933.348	823738.06
67.3151224117138	70.9411832470534	2292.938	1076.354	846161.15
77.3051722724118	80.9482752413798	2631.105	1211.985	866918.64
87.2964621504701	90.8066873546501	2995.973	1388.104	889300.61
97.0895892542496	99.4929404056477	3260.774	1515.276	911033.48
