0.000980013720192083	0.0176399858880113	3.195	1.151	426.72
0.00172002408033712	0.0307799753760197	9.027	1.345	762.63
0.00213002982041749	0.0376199699040241	5.315	1.394	343.43
0.00291004074057037	0.0514799588160329	11.239	1.539	1249.89
0.00609008526119366	0.107459914032069	12.706	2.259	2476.82
0.00914012796179147	0.161099871120103	17.459	3.031	3156.98
0.0128801803225245	0.224999820000144	23.151	3.504	5292.74
0.0194202718838064	0.334799732160214	33.27	4.16	7504.61
0.0281203936855116	0.474839620128304	44.54	5.218	11583.99
0.0421005894082517	0.681659454672436	74.834	6.828	14167.62
0.0635608898524579	0.989999208000634	84.23	9.2	24733.33
0.0931913046782655	1.35611891510487	124.809	12.45	33535.24
0.14316200426806	1.8786584970732	167.597	15.587	47274.97
0.204102857440004	2.31119815104148	125.575	17.175	62372.81
0.315884422381913	3.00545759563392	149.776	23.819	106515.78
0.476136665913323	3.61241711006631	138.378	29.547	144776.35
0.711269957779409	4.12883669693064	140.899	34.786	281863.77
1.06233487268822	4.62473630021096	130.076	42.965	356993.48
1.59384231379239	5.20127583897933	150.122	52.14	475385.27
2.39879358311016	6.04169516664387	189.297	64.714	578882
3.60023040322565	7.22843421725263	202.999	81.256	665113.13
5.38814543403608	9.03599277120578	259.821	109.469	712235.93
8.09049326690574	11.7223106221515	301.201	146.721	741011
12.1397799569194	15.7966073627141	427.732	215.768	724471.78
18.2024648345077	21.855222515822	573.653	315.009	735968.43
27.3123123723732	30.9587152330278	851.397	438.985	755748.05
37.3077223081123	40.9535672371462	1193.033	574.096	777867.46
47.311042354593	50.9707392234086	1543.049	708.482	801545.43
57.311402359633	60.944531244375	1900.53	864.212	822520.66
67.3124823747532	70.9381232495014	2194.65	989.38	845557.95
77.3047522665317	80.9542152366278	2567.673	1150.296	867157.64
87.3094723326127	90.9467272426182	2939.636	1278.121	889864.13
97.1669603374447	99.7071402342878	3137.92	1405.97	911474.74
