0.00103001442020188	0.0183599853120118	3.607	0.964	414.83
0.00223003122043709	0.0397799681760255	5.759	1.047	833.55
0.00617008638120934	0.10961991230407	12.333	1.372	2569.76
0.00886012404173659	0.1558798752961	17.793	1.81	3645.61
0.0133801873226225	0.23381981294415	52.334	2.191	5380.17
0.0185802601236417	0.321299742960206	33.326	3.051	7913.94
0.0278403897654567	0.467099626320299	46.405	3.405	11173.75
0.0932613056582792	1.35341891726487	104.629	8.807	33535.24
0.140531967447544	1.85615851507319	117.45	11.873	49585.45
0.209722936121106	2.41541806766555	185.625	16.63	73718.88
1.59669235369295	5.21009583192333	179.642	50.811	476168.16
2.39458352416934	6.02675517859586	180.807	60.704	570371.61
3.60085041190577	7.23635421091663	204.277	77.493	666414.46
5.39984559783837	9.05021275982979	269.972	102.083	715739.54
8.09270329784617	11.7440906047275	325.669	143.848	740333.98
47.3141523981336	50.9505792395366	1525.412	707.671	800539.17
67.3124823747532	70.9420832463334	2172.651	985.854	845720.11
77.3114923608931	80.9455752435398	2545.948	1135.032	867198.94
