0.00103001442020188	0.0185399851680119	4.171	0.944	414.83
0.00221003094043317	0.0397799681760255	5.255	1.021	790.22
0.00299004186058605	0.0534599572320342	7.614	1.129	1155.8
0.00408005712079969	0.0730799415360468	10.72	1.196	1711.2
0.00440006160086241	0.0784799372160502	10.003	1.302	509.88
0.00901012614176598	0.158219873424101	17.521	1.596	2983.44
0.0129301810225343	0.225899819280145	24.138	1.983	5266.12
0.0194302720238083	0.333719733024214	34.691	2.632	6928.41
0.0276203866854136	0.466739626608299	69.563	3.665	10832.93
0.0422305912282772	0.689399448480441	84.109	4.965	16444.21
0.0630308824323541	0.981899214480628	81.249	6.347	22531.54
0.0943413207784909	1.37753889796888	125.347	9.018	36595.45
0.140821971507601	1.85075851939318	134.26	11.883	46985.04
0.208542919600874	2.38787808969753	120.292	16.841	67971.66
0.316934437082119	3.02651757878594	200.284	21.417	106403.85
0.473786633012862	3.60485711611431	133.717	26.044	142968.5
0.715130011820165	4.14647668281865	130.761	32.363	290357.01
1.06782494954929	4.64399628480297	161.674	40.257	373392.26
1.59791237077319	5.20901583278733	184.955	50.445	479863.5
2.40325364555104	6.03215517427586	165.142	61.871	545487.9
3.5943803213245	7.23869420904463	234.01	77.73	662583.44
5.39737556325789	9.03905276875778	262.975	106.356	714557.15
8.09094327320583	11.7296906162475	346.404	142.975	741095.69
12.0499886998418	14.9448480441216	410.539	199.011	723886.5
18.2055848781883	21.846582522734	543.08	302.18	736949.37
27.3052222731118	30.9408952472838	820.597	430.121	756208.17
37.316582432154	40.9575272339782	1214.376	567.34	778818.68
47.311022354313	50.9599392320486	1521.68	711.919	800023.77
57.3136423909935	60.938051249559	1855.917	857.012	823183.41
67.311502361033	70.9514432388454	2196.303	989.302	844888.74
77.3117523645331	80.9484552412358	2518.092	1095.986	867443.38
87.3069922978922	90.9307072554342	2888.689	1539.336	889824.51
97.1972607616507	99.8151401478879	3137.422	1688.041	911598.03
