0.000780010920152882	0.014039988768009	3.187	1.24	351.37
0.00213002982041749	0.0381599694720244	5.814	1.707	829.61
0.00303004242059389	0.0541799566560347	8.356	1.718	1269.48
0.00389005446076245	0.0692999445600443	10.27	2.053	1594.14
0.00642008988125834	0.115019907984074	12.724	2.376	2519.43
0.0090801271217797	0.159659872272102	17.704	3.149	3472.66
0.0132801859226029	0.23399981280015	26.449	3.563	5266.12
0.0192302692237691	0.330479735616212	34.037	4.862	7346.67
0.0281603942455194	0.470339623728301	46.193	5.953	10551.25
0.0423105923482929	0.689759448192441	63.409	7.517	14430.76
0.0630208822923521	0.982979213616629	174.559	9.014	24948.75
0.0932613056582792	1.36115891107287	113.608	11.738	36407.32
0.139601954427362	1.83005853595317	133.63	15.047	49426.37
0.213512989181849	2.44061804750556	131.853	19.706	64616.54
0.316204426861976	3.04181756654595	140.159	25.083	100151.18
0.474906648693082	3.60413711669031	153.773	29.787	153422.37
0.710549947699268	4.11497670801863	151.787	35.694	184259.71
1.07196500751011	4.63571629142697	164.841	45.196	336068.18
1.60047240661369	5.23583581133135	190.179	55.587	485623.34
2.40056360789051	6.03989516808387	186.196	67.157	547684.05
3.5948903284646	7.24355420515664	241.511	85.453	640378.21
5.35449496292948	8.51003319197345	209.471	109.83	721098.1
8.08977325682559	11.7235706211435	321.992	155.413	741036.05
12.1330698629781	15.7728473817221	468.57	228.629	722674.12
18.2086549211689	21.842982525614	563.556	331.509	735942.53
27.3055422775919	30.9565552347558	880.911	469.66	756239.04
37.3029222409114	40.9510472391622	1256.593	636.021	777936.64
47.311192356693	50.9698392241286	1577.329	768.847	800031.49
57.3085223193125	60.962891229687	1911.034	924.593	823198.35
67.3128723802133	70.9453232437414	2254.768	1064.088	845042.89
77.3050522707318	80.9369352504518	2663.735	1248.804	867072.23
87.3100623408728	90.9283672573062	3032.686	1382.492	889856.93
96.9783276965878	99.2402206078235	3259.859	1498.075	910361.9
