0.00187002618036653	0.0334799732160214	4.932	0.986	833.55
0.00304004256059585	0.0543599565120348	6.906	1.135	1175.41
0.00385005390075461	0.0685799451360439	8.184	1.173	1531.66
0.00569007966111526	0.100979919216065	12.249	1.307	2003.29
0.0127201780824932	0.221939822448142	60.074	2.142	4988.27
0.0191102675437456	0.327239738208209	59.717	2.448	7883.93
0.0634008876124266	0.981719214624628	106.897	6.314	23830.88
0.141411979767717	1.8748785000972	170.626	11.809	50245.03
0.316984437782129	3.04217756625795	139.909	21.807	102541.64
0.472436614112598	3.5942371246103	160.041	26.527	132227.13
0.707969911578762	4.13801668958665	132.04	32.578	275761.66
2.36467310542348	5.61095551123559	151.339	58.844	556944.3
3.58692021688304	7.0352943717645	195.471	75.512	659913.41
5.39664555303774	9.03293277365378	278.479	104.417	724202.19
12.1425199952799	15.7861673710661	419.867	210.124	723425.87
27.3077523085323	30.9741952206438	857.854	425.303	756133.36
37.3104723466129	40.9352072518342	1194.556	574.609	777900.03
67.3121423699932	70.9500032399974	2228.513	993.599	844849.82
77.3073223025122	80.9570952343238	2542.298	1130.435	866997.39
