0.000840011760164642	0.0151199879040097	3.028	1.101	363.27
0.00187002618036653	0.0332999733600213	5.088	1.341	865.05
0.00295004130057821	0.0527399578080338	6.746	1.67	1195.02
0.00408005712079969	0.0728999416800467	9.689	1.761	1726.8
0.00606008484118778	0.107279914176069	12.686	2.129	2116.02
0.00880012320172482	0.154079876736099	16.233	2.635	3787.66
0.0135401895626539	0.23489981208015	30.541	3.465	4995.89
0.0192102689437652	0.330839735328212	33.952	4.949	7902.69
0.0282303952255332	0.470879623296301	43.459	5.157	11528.6
0.0423205924882948	0.684899452080438	61.28	7.036	14167.62
0.0634408881724344	0.980639215488628	81.243	9.038	24733.33
0.0942613196584752	1.38059889552088	111.451	11.842	33886.68
0.142942001188017	1.8732585013932	131.149	14.703	53299.4
0.208732922260912	2.38931808854553	129.689	18.118	76720.48
0.317554445762241	3.04253756596995	135.261	24.089	92699.59
0.47474664645305	3.60521711582631	351.943	28.318	147980.67
0.709209928939005	4.12613669909064	148.888	36.027	184259.71
1.06143486008804	4.61609630712295	137.735	44.961	373758.29
1.60241243377407	5.23799580960335	175.068	54.143	486234.83
2.40397365563118	6.04331516534787	176.028	64.867	545560.51
3.27490584868188	5.58071553542757	151.114	68.529	603101.13
5.40020560287844	9.05255275795779	253.952	108.622	724614.01
8.09545333634671	11.7395906083275	360.799	149.613	741092.69
12.1370199182789	15.7525073979941	376.396	214.073	722910.72
18.2028448398278	21.844242524606	576.216	309.145	736893.34
27.3083623170724	30.9520552383558	829.039	441.939	756426.11
37.3049622694718	40.9645472283622	1164.393	574.342	777985.6
47.3116323628531	50.9559792352166	1546.257	726.989	800038.72
57.3050622708718	60.968111225511	1978.928	862.757	823301.9
67.3151824125538	70.9438832448934	2220.871	1008.926	846073.13
77.2887920430886	80.7142754285797	3428.205	1111.659	867634.35
86.9394971529601	89.1996486402811	2787.839	1258.202	887841.25
96.9806277287882	99.2452606037915	3192.297	1406.585	910369.88
