0.001000014000196	0.0179999856000115	3.501	1.298	414.83
0.00191002674037437	0.034379972496022	6.294	1.546	861.11
0.00296004144058017	0.053099957520034	7.005	1.776	1010.56
0.00406005684079577	0.0728999416800467	8.749	2.029	1594.14
0.00599008386117406	0.105659915472068	11.815	2.33	2329.53
0.0090301264217699	0.158399873280101	20.358	3.059	3829.86
0.0130601828425598	0.226619818704145	25.485	3.406	5277.52
0.019510273143824	0.334619732304214	58.315	4.515	7214.96
0.028020392285492	0.470699623440301	55.535	5.73	10832.93
0.041270577788089	0.678059457552434	67.425	7.245	15583
0.061540861572062	0.960119231904614	80.231	9.014	23008.12
0.0942513195184733	1.37159890272088	111.685	12.706	34461.93
0.142101989427852	1.85921851262519	847.401	15.197	49664.98
0.211652963141484	2.42675805859355	129.028	19.539	76392.35
0.318134453882354	3.04109756712195	133.606	25.337	104516.24
0.472616616632633	3.5886571290743	132.49	28.54	150122.97
0.708809923338927	4.11947670441864	140.95	35.451	280536.85
1.07005498076973	4.63733629013097	139.506	44.089	344769.6
1.59807237301322	5.21045583163533	167.385	54.915	479904.05
2.39367351142916	6.02657517873986	181.194	66.888	573901.18
3.59650035100491	7.23185421451663	243.268	88.191	664207.46
5.39885558397818	9.04697276242179	281.194	117.646	723535.43
8.09100327404584	11.7289706168235	325.867	154.116	741014.64
12.1436000104001	15.7640273887781	417.597	227.027	724384.61
18.2015648219075	21.839202528638	588.782	329.465	735429.43
27.3120423685932	30.9655552275558	850.641	468.331	757303.86
37.3108023512329	40.9442072446342	1185.736	615.559	778834.51
47.3104423461928	50.9637192290246	1614.333	787.138	800022.58
57.3135423895935	60.930671255463	1934.501	940.653	822899.86
67.3097123359727	70.9498232401414	2263.435	1080.05	845372.18
77.306262287672	80.9320752543398	2661.192	1222.298	867061.78
87.3084123177725	90.9440272447782	3007.156	1376.899	889866.48
96.9787277021878	99.2420206063835	3251.716	1524.045	910563.18
