0.000430006020084281	0.00773999380800495	4.386	1.064	92.58
0.00194002716038025	0.0347399722080222	5.226	1.44	837.49
0.00310004340060761	0.054719956224035	7.318	1.594	1296.89
0.00360005040070561	0.0644399484480412	7.974	1.715	1429.94
0.0061800865212113	0.10925991259207	12.54	2.515	2286.86
0.00911012754178558	0.160739871408103	22.929	2.803	3534.18
0.0134001876026264	0.233099813520149	24.899	3.521	5380.17
0.0188002632036849	0.321659742672206	32.098	4.13	7628.62
0.0276803875254254	0.466919626464299	88.793	5.432	11458.41
0.0424605944483223	0.688499449200441	73.85	8.09	16305.97
0.0629108807523305	0.978839216928626	95.259	9.299	25216.92
0.0937313122383713	1.36493890804887	131.796	11.51	35341.22
0.138701941827186	1.83401853278517	125.028	15.271	53549.74
0.212542975601658	2.43251805398556	134.733	19.141	70217.41
0.316414429802017	3.02975757619394	132.631	24.066	94259.16
0.472996621952707	3.61097711121831	138.108	30.079	144095.39
0.713159984239779	4.12055670355464	137.821	35.221	288223.29
1.06536491510881	4.64417628465897	142.303	41.748	360461.86
1.59914238799343	5.21981582414734	171.184	54.351	440282.19
2.38986345808841	6.04457516433987	201.669	65.325	561253.79
3.59727036178506	7.23887420890063	212.244	81.708	665728.22
5.39161548261676	9.03707277034178	268.289	109.179	713775.07
8.0923332926661	11.7410306071755	1033.227	146.065	740688.29
12.1357199000786	15.7822073742341	449.538	217.296	722408.58
18.203844853828	21.851442518846	564.714	304.817	735232.56
27.3052122729718	30.9414352468518	914.242	459.968	755570.89
37.3144124017736	40.9548272361382	1235.249	566.531	777865.97
47.3081523141324	50.9586792330566	1741.93	727.159	800032.47
57.3092123289726	60.953531237175	1906.755	858.618	823018.63
67.3138323936535	70.9627832297734	2186.689	1001.112	845074.37
77.3160424245939	80.9637552289958	2532.391	1120.3	867537.69
87.3104923468929	90.9415072467942	2899.945	1275.156	889623.85
97.2227311182357	99.9092800725759	3140.895	1410.879	911619.43
