0.000930013020182283	0.0167399866080107	3.07	0.94	367.24
0.00199002786039005	0.0356399714880228	6.704	1.03	798.1
0.00296004144058017	0.0529199576640339	6.754	1.122	1269.48
0.00413005782080949	0.0739799408160473	9.337	1.169	1656.59
0.0059800837211721	0.105479915616068	13.75	1.392	2275.22
0.00789011046154646	0.138599889120089	15.232	1.491	3041.31
0.0109201528821403	0.190439847648122	19.09	1.738	4358.58
0.0189702655837182	0.324539740368208	32.254	2.411	7237.54
0.0283403967655547	0.476279618976305	49.131	3.47	11362.31
0.0426805975283654	0.696599442720446	74.09	4.983	16444.21
0.0619208668921365	0.959759232192614	103.414	6.502	24224.26
0.0940213162984282	1.37807889753688	102.357	9.147	33886.68
0.214042996601952	2.45501803598557	122.764	15.883	76561.13
0.47586666213327	3.6008971192823	144.429	26.237	143427.26
3.59815037410524	7.26083419133265	241.148	78.466	642720.98
8.09090327264582	11.7282506173995	317.066	142.119	741014.61
18.2068648961085	21.846402522878	545.341	304.336	735725.1
27.3123523729332	30.9554752356198	830.542	428.146	756402.75
67.2888920444886	70.6985434411652	2147.17	1025.232	845985.35
97.2204310860352	99.8891200887039	3190.45	1697.877	911621.2
