0.000920012880180323	0.0165599867520106	3.211	1.252	383.11
0.00184002576036065	0.032759973792021	16.001	1.362	809.92
0.00260003640050961	0.04679996256003	10.386	1.576	1245.97
0.00404005656079185	0.0725399419680464	8.699	1.827	1562.91
0.00602008428117994	0.107459914032069	12.72	2.391	2554.28
0.00905012670177383	0.159299872560102	17.297	2.912	3480.35
0.0125501757024598	0.221759822592142	23.072	3.744	4980.65
0.0193402707637907	0.334619732304214	34.278	4.493	7504.61
0.0280403925654959	0.466739626608299	48.264	5.816	11173.75
0.0420705889882458	0.681119455104436	66.086	7.193	16792.16
0.0621108695521737	0.963359229312617	78.806	8.11	25096.97
0.0942013188184635	1.36619890704087	122.215	11.349	32388.54
0.139711955967384	1.85435851651319	118.656	14.298	46985.04
0.211602962441474	2.45069803944157	151.089	20.671	69818.24
0.313464388501439	3.00959759232193	126.249	24.166	110041.71
0.47433664071297	3.5942371246103	146.451	30.371	154395.73
0.70545987643827	4.10957671233863	133.8	34.785	194499.41
1.06662493274906	4.64759628192297	213.361	45.586	352665.57
1.60412245771441	5.22575581939534	158.998	53.771	462521.82
2.39929359011026	6.02513517989186	196.293	63.787	574534.96
3.59668035352495	7.23149421480463	204.138	80.848	664159.39
5.39753556549792	9.03527277178178	293.765	106.583	714138.94
8.08527319382471	11.7331106135115	306.379	146.507	740971.29
12.1361699063787	15.7861673710661	494.96	228.343	723111.18
18.2036948517279	21.857202514238	526.348	309.366	736685.68
27.306152286132	30.9673552261158	823.694	436.919	756192.03
37.3093223305126	40.9598672321062	1223.628	578.348	777744.22
47.3137923930935	50.9534592372326	1544.761	714.647	800112.91
57.311422359913	60.941651246679	1862.446	867.68	823623.05
67.2108409517733	70.0447839641728	2145.522	991.395	844773.63
77.3116523631331	80.9592552325958	2521.661	1125.662	867620.46
87.3057322802519	90.9089272728582	2872.239	1266.773	889405.55
97.2241411379759	99.9101800718559	3222.771	1400.809	911620.21
