0.00317004438062133	0.0565199547840362	7.053	1.167	1281.23
0.00545007630106822	0.0970199223840621	11.194	1.376	2131.56
0.00917012838179735	0.162539869968104	20.364	1.654	3518.8
0.0289604054456762	0.486899610480312	49.3	3.803	10517.88
0.210522947321263	2.42963805628955	172.135	15.676	72512.54
2.40165362315072	6.05159515872387	191.199	62.055	564051.5
3.59075027050379	7.24229420616463	208.211	76.954	652520.42
5.39273549829698	9.00017279986176	259.011	104.044	724057.35
37.3109223529129	40.9674272260582	1180.943	563.818	779197.02
87.2598816383429	90.3935876851299	2871.956	1622.668	889076.66
