0.00102001428019992	0.0183599853120118	3.4	1.096	438.61
0.00215003010042141	0.0386999690400248	5.305	1.364	837.49
0.00299004186058605	0.0527399578080338	6.697	1.571	1089.1
0.00422005908082713	0.0754199396640483	8.964	1.818	1449.58
0.00609008526119366	0.10871991302407	12.356	2.252	2236.41
0.0090801271217797	0.158939872848102	17.272	3.105	3472.66
0.0125901762624677	0.221579822736142	23.105	3.366	5444.77
0.0192902700637809	0.332459734032213	66.331	4.756	7628.62
0.0286504011056155	0.475379619696304	63.408	5.819	10532.71
0.0428105993483909	0.698039441568447	69.66	7.638	17042.01
0.0626908776722874	0.98441921246463	119.045	8.456	23331.08
0.0947813269385771	1.37357890113688	126.333	11.52	33390.42
0.141321978507699	1.85561851550519	152.659	14.442	51583.62
0.211942967201541	2.44241804606556	157.122	18.334	71697.93
0.31673443428208	3.04181756654595	141.68	23.578	105300.07
0.4729566213927	3.60233711813031	139.848	29.162	142067.8
0.711119955679379	4.10507671593863	140.654	35.058	287229.68
1.01676423469929	4.0546767562586	108.258	39.536	337691.52
1.59879238309336	5.20991583206733	160.146	53.952	471045.67
2.39952359333031	6.04691516246787	223.214	64.468	545289.74
3.59452032328453	7.23221421422863	258.688	81.169	652208.49
5.3938755142572	9.03923276861378	281.473	110.302	721800.86
8.09760336644713	11.7359906112075	325.275	149.95	741086
12.1353498948985	15.7712273830181	412.902	210.554	722321.31
18.06135285894	20.7264434188453	644.894	303.867	736700.99
27.3106323488529	30.9579952336038	831.637	434.894	755077.27
36.9779976919677	39.2718285825371	1148.042	561.276	776149.26
47.3136323908535	50.9478792416966	1606.825	704.221	800081.46
57.316372429214	60.940031247975	1868.072	859.707	822940.92
67.3039022546316	70.9428032457574	2210.294	1004.772	845355.22
77.3078723102123	80.9617752305798	2588.663	1141.193	866892.19
87.3128723802133	90.9389872488102	2896.187	1266.985	890082.24
97.2175010450146	99.8723801020959	3143.385	1401.523	911621.51
