0.000860012040168562	0.0154799876160099	3.329	1.317	363.27
0.00188002632036849	0.0336599730720215	5.477	1.5	691.64
0.00308004312060369	0.0552599557920354	7.179	1.801	1249.89
0.00402005628078793	0.0719999424000461	9.132	1.912	1715.1
0.00604008456118386	0.108179913456069	23.54	2.542	2399.32
0.00936013104183459	0.162719869824104	35.243	3.414	3614.88
0.0126501771024794	0.223199821440143	22.799	3.515	5463.77
0.0186102605436476	0.319319744544204	32.706	5.249	6687
0.0283603970455586	0.478799616960306	66.053	5.464	11583.99
0.0420005880082321	0.689759448192441	63.655	6.766	14948.97
0.0623108723522129	0.973079221536623	84.736	8.861	22172.2
0.0941613182584556	1.37105890315288	112.233	11.611	33535.24
0.140601968427558	1.8692985045612	121.434	14.467	47861.58
0.2117329642615	2.45015803987357	135.072	21.101	69913.33
0.316744434422082	3.02885757691394	140.198	24.631	105823.31
0.474806647293062	3.5884771292183	149.045	29.43	147517.62
0.70948993285906	4.13621669102665	142.992	36.804	275404.79
1.06501491020874	4.64921628062698	152.897	45.261	367499.85
1.59392231491241	5.21927582457934	199.83	55.17	463705.55
2.39508353116944	6.05519515584388	185.636	68.73	573858.35
3.59992039888558	7.23059421552463	216.014	84.128	643585.61
5.39544553623751	9.04265276587779	256.128	113.41	712990.38
8.09126327768589	11.7161906270475	347.541	158.123	740375.14
12.1297298162174	15.595907523274	442.009	231.879	724271.99
18.2019248269476	21.839922528062	588.493	333.829	735434
27.3169924378941	30.9615952307238	870.302	472.712	756128.42
37.3139423951935	40.9521272382982	1238.543	626.436	778687.26
47.3144024016336	50.9530992375206	1574.926	777.023	800531.19
57.3075423055923	60.949211240631	1908.181	929.817	822545.74
67.3109623534729	70.9456832434534	2269.458	1087.471	845002.7
77.3094023316326	80.9570952343238	2648.274	1226.932	867000.13
87.3093423307926	90.9355672515462	2942.06	1384.755	889858.73
97.2229911218757	99.9098200721439	3287.541	1529.185	911619.54
