0.00107001498020972	0.0192599845920123	3.442	0.97	422.76
0.00190002660037241	0.0341999726400219	5.021	0.991	821.74
0.00286004004056057	0.0509399592480326	6.601	1.151	1155.8
0.00405005670079381	0.0716399426880459	8.686	1.234	1629.28
0.00585008190114662	0.104039916768067	14.806	1.392	2542.66
0.00892012488174834	0.157859873712101	17.452	1.614	3480.35
0.0127401783624971	0.223019821584143	26.576	2.131	5266.12
0.0159402231631243	0.263879788896169	26.712	2.41	2325.65
0.0188202634836888	0.323099741520207	33.315	2.584	6562.41
0.0422305912282772	0.688319449344441	66.705	5.056	15032.81
0.0632108849523893	0.972179222256622	79.531	6.362	21048.45
0.0714910008740122	1.01249919000065	80.746	6.61	7624.87
0.141591982287752	1.85921851262519	129.473	12.233	48918.91
0.212732978261696	2.44169804664156	140.87	18.123	70543.46
0.313844393821514	3.01733758612993	134.053	21.03	97275.1
0.474176638472939	3.60323711741031	150.451	26.114	149538.35
0.712679977519685	4.13207669433864	139.558	32.517	293556.07
1.06595492336893	4.62977629617896	154.935	40.107	379640.84
1.60116241627383	5.22809581752335	158.626	50.615	477077.98
2.39901358619021	6.03431517254786	179.819	60.506	575034.27
3.59172028408398	7.23455421235663	201.961	77.357	658476.3
5.397955571378	9.05057275954179	244.043	102.421	723959.97
8.08972325612559	11.7356306114955	305.612	143.705	741027.47
12.1347098859384	15.7906673674661	454.845	208.521	723077.86
18.2069848977886	21.836142531086	604.719	298.223	735767.45
27.3135023890334	30.9549352360518	853.919	426.932	756407.34
37.3142223991136	40.9690472247622	1209.332	575.446	778397.34
47.3099323390528	50.9399592480326	1542.066	713.437	801033.29
57.3132423853934	60.956411234871	1894.752	849.691	822584.97
66.9247569465973	69.1469446824443	2248.091	980.829	843169.96
77.3079523113324	80.9506152395078	2719.687	1133.305	866966.82
87.3079623114724	90.9488872408902	2881.06	1648.755	889864.93
97.1254797567166	99.6085003131998	3176.188	1784.482	911055.68
