0.00217003038042533	0.0388799688960249	6.726	1.215	774.46
0.0128101793425108	0.223199821440143	30.054	2.324	4858.71
0.140901972627617	1.85867851305719	122.358	12.427	47274.97
0.1770424785947	1.94255844595324	102.538	13.226	51428.58
0.477466684533583	3.63671709062633	138.995	27.415	152255.51
0.708809923338927	4.11317670945863	219.99	32.846	276202.18
1.06340488766843	4.61807630553896	150.833	40.635	349318.62
3.59658035212493	7.23779420976463	206.461	82.852	664219.07
26.9816277427884	29.2820165743867	798.182	444.714	755483.68
47.3100623408728	50.9365392507686	1575.194	767.326	801032.41
