0.000720010080141122	0.0129599896320083	2.829	1.03	351.37
0.00176002464034496	0.03131997494402	5.565	1.301	790.22
0.00310004340060761	0.0554399556480355	7.189	1.65	1269.48
0.00397005558077813	0.0701999438400449	8.46	1.845	1594.14
0.0056300788211035	0.100439919648064	12.166	2.188	2469.08
0.00877012278171894	0.155159875872099	16.324	2.718	3534.18
0.0132001848025872	0.228779816976146	33.014	3.988	5224.28
0.0189802657237201	0.329579736336211	34.288	4.174	7883.93
0.0279303910254744	0.469799624160301	45.282	5.901	10532.71
0.0414605804481263	0.67229946216043	64.393	6.551	16893.59
0.062290872072209	0.973979220816623	83.972	9.125	24224.26
0.0943413207784909	1.36673890660887	109.7	11.241	33559.36
0.127421783904975	1.64429868456105	162.595	13.317	43064.35
0.210492946901257	2.41307806953754	131.802	17.909	74602.26
0.315434416081825	3.01211759030593	137.106	24.237	106515.78
0.472416613832594	3.5969371224503	156.319	28.595	149538.35
0.710489946859256	4.11497670801863	136.021	35.166	285438.81
1.06670493386907	4.64057628753897	206.186	44.71	376281.32
1.60687249621495	5.24267580585936	176.664	54.856	467229.09
2.3989735856302	6.04061516750787	194.721	64.975	569591.82
3.59925038950545	7.24949420040464	337.823	81.505	658499.56
5.25784360981054	7.93619365104508	232.338	99.723	715241.18
8.08997325962564	11.6589506728395	357.197	150.951	740268.66
12.1322598516379	15.7730273815781	421.395	215.866	723860.76
18.2057648807083	21.858102513518	572.709	308.365	736716.95
27.3126923776933	30.9702352238118	844.771	438.869	757321.17
37.3090123261726	40.9386272490982	1164.298	575.53	777896.63
47.3076123065723	50.9359992512006	1521.999	730.36	800763.97
57.3023422327913	60.8476913218469	1855.551	862.64	823093.61
67.3121123695732	70.9446032443174	2200.072	993.402	845693.97
77.3115723620131	80.9479152416678	2547.036	1158.642	867182.73
87.3096523351327	90.9641872286502	2895.344	1274.415	890019.66
97.127789789057	99.6137203090237	3147.638	1401.739	911070.86
