0.00111001554021756	0.0199799840160128	3.63	1.325	438.61
0.00182002548035672	0.0323999740800207	4.929	1.364	259.99
0.00219003066042925	0.0394199684640252	5.482	1.44	821.74
0.00395005530077421	0.0707399434080453	9.454	1.854	1504.31
0.00596008344116818	0.106019915184068	12.749	2.539	2395.45
0.00922012908180714	0.161279870976103	17.413	3.021	3353.4
0.0125701759824638	0.219959824032141	52.395	3.5	4526.73
0.0185502597036359	0.318239745408204	31.893	4.073	7793.86
0.0285003990055861	0.481679614656308	48.942	5.179	9636.97
0.0421805905282674	0.692999445600443	64.078	7.191	17042.01
0.062300872212211	0.979559216352627	81.005	8.916	24029.15
0.0936913116783635	1.36133891092887	103.275	12.155	32906.8
0.141381979347711	1.86371850902519	129.83	15.343	52549.68
0.21403299646195	2.45915803267357	138.715	18.483	75756.45
0.299014186198607	2.13101829518536	87.441	18.218	35951.99
0.315874422241911	3.04019756784195	141.032	25.264	109560.75
0.711649963099483	4.12739669808264	139.108	34.482	279390.6
1.06355488976846	4.62077630337896	144.369	42.902	368442.72
1.59454232359253	5.25095579923536	175.389	53.538	471998.97
2.39462352472935	6.04295516563587	187.103	62.591	563927.7
3.59815037410524	7.23941420846863	217.255	80.842	660370.98
5.39093547309662	9.03023277581378	276.994	106.321	715569.58
8.08563319886478	11.7230306215755	337.946	147.319	741090.95
12.1405899682596	15.7919273664581	403.285	213.37	723207.64
18.2031948447278	21.849282520574	558.857	309.347	736546.62
27.3092223291126	30.9408952472838	841.934	436.792	756374.71
37.3140423965935	40.9683272253382	1186.078	570.085	778397.33
47.3075623058723	50.9487792409766	1544.495	706.448	800693.17
57.311172356413	60.951011239191	1889.262	862.907	823099.12
67.3124323740532	70.9433432453254	2233.477	997.613	844460.26
77.3098423377927	80.9428752456998	2536.181	1135.345	867201.19
87.3102823439528	90.9445672443462	2895.507	1277.265	889768.81
97.1963407487705	99.7993001605599	3148.001	1407.108	911622.67
