0.000970013580190123	0.0172799861760111	3.469	1.251	426.72
0.0018000252003528	0.0322199742240206	5.287	1.47	813.86
0.00311004354060957	0.0548999560800351	7.124	2.186	1245.97
0.00376005264073697	0.067139946288043	8.674	1.983	1656.59
0.00607008498118974	0.107459914032069	13.108	2.594	2546.53
0.00893012502175031	0.157859873712101	147.986	3.46	3180.1
0.0132001848025872	0.230579815536148	24.443	3.56	4526.73
0.0191002674037437	0.329759736192211	38.435	4.569	7504.61
0.0281203936855116	0.470339623728301	45.434	5.371	11095.77
0.042020588288236	0.689759448192441	63.649	6.984	15032.81
0.0625308754322561	0.975779219376624	130.053	8.524	22929.55
0.0951413319786477	1.37789889768088	117.713	12.136	33483.53
0.142221991107876	1.86479850816119	277.281	15.777	49664.98
0.210932953061343	2.42171806262555	138.049	19.723	74423.38
0.319314470402586	3.05621755502596	147.261	24.48	100911.86
0.47627666787335	3.61115711107431	132.132	29.744	149212.47
0.708749922498915	4.12109670312264	139.533	35.254	195591.78
1.0627448784283	4.64651628278697	141.273	43.807	355881.04
1.59808237315322	5.22215582227534	152.875	56.838	447684.19
2.39468352556936	6.04169516664387	179.506	70.168	541905.88
3.60060040840572	7.24841420126864	216.616	86.836	661998.74
5.39033546469651	9.04445276443779	267.388	114.89	719635.52
8.08945325234553	11.7250106199915	311.377	155.317	741034.01
12.1353998955985	15.7793273765381	436.295	225.406	722707.01
18.209164928309	21.84946252043	602.877	327.65	735735.49
27.3116423629931	30.9615952307238	857.349	464.868	756786.96
37.3140923972936	40.9397072482342	1236.784	615.516	778710.35
47.3046522651317	50.9568792344966	1551.253	764.726	800813.9
57.1698003772053	59.8546321162943	1918.283	913.083	822521.54
67.3115523617331	70.9458632433094	2319.117	1080.12	844863.04
77.3068322956521	80.9536752370598	2673.673	1254.383	867038.43
87.3106923496929	90.9679672256262	2982.669	1376.132	889977.06
97.1391499480993	99.6464802828158	3337.512	1526.84	911145.2
