0.000970013580190123	0.0174599860320112	3.226	0.972	406.9
0.00185002590036261	0.0331199735040212	5.032	1.163	770.52
0.0133701871826206	0.233279813376149	24.19	2.121	5380.17
0.0187202620836692	0.323099741520207	32.468	2.675	6969.87
0.0421305898282576	0.691199447040442	74.071	5.125	16019.19
0.0628608800523207	0.982079214336628	90.372	6.503	24263.17
0.207812909380731	2.39723808220953	187.33	16.672	77157.67
0.314784406981698	3.00743759404992	142.969	20.731	92977.84
0.476126665773321	3.60521711582631	135.523	27.767	138430.38
0.711149956099385	4.13963668829065	139.584	32.944	293715.94
1.061214857008	4.61645630683495	142.713	41.632	373580.38
1.59850237903331	5.23817580945935	159.438	51.274	453843.58
5.39118547659667	9.04931276054979	261.036	105.061	713227.95
8.09360331044635	11.7262706189835	380.318	143.546	741061.81
27.3077523085323	30.9547552361958	869.271	429.55	755103.37
47.3108723522129	50.9664192268646	1520.624	703.475	801524.43
77.3135223893134	80.9651952278438	2548.218	1122.389	867400.16
