0.00202002828039593	0.0361799710560232	7.536	1.235	802.04
0.00305004270059781	0.0548999560800351	17.246	1.374	1281.23
0.00601008414117798	0.106199915040068	14.72	1.644	2469.08
0.00925012950181303	0.163799868960105	17.982	1.86	3480.35
0.0128801803225245	0.224459820432144	35.366	2.537	5068.24
0.0638308936325108	0.991439206848635	121.693	6.908	25008.75
0.140621968707562	1.85237851809719	141.297	12.667	51504.45
0.473136623912735	3.60683711453031	147.223	26.768	146292.89
0.716250027500385	4.12073670341064	153.102	33.482	174992.67
1.06907496704954	4.64453628437097	145.46	41.093	376641.68
3.596940357165	7.23563421149263	221.484	84.775	662595.16
5.39367551145716	9.03653277077378	249.761	112.049	719631.17
8.09019326270568	11.7466106027115	316.513	152.065	741091.28
12.1347698867784	15.671867462506	462.304	223.53	724335.92
27.306152286132	30.9356752514598	868.124	464.203	756384.19
47.3157324202539	50.9658792272966	1586.547	761.844	800445.1
57.3076623072723	60.955151235879	1918.83	909.276	823236.15
87.0363285085991	89.4134884692092	2920.137	1383.297	887978.36
