0.00104001456020384	0.018719985024012	3.365	1.099	387.07
0.00208002912040769	0.037439970048024	5.943	1.242	853.24
0.00373005222073109	0.0665999467200426	29.912	1.409	1609.76
0.0127001778024892	0.222479822016142	24.554	2.089	5277.52
0.0618908664721306	0.954359236512611	98.268	6.57	22051.13
0.474886648413078	3.60593711525031	149.562	26.451	148352.13
0.710169942379193	4.11695670643464	133.897	34.041	293096.82
3.59455032370453	7.24553420357264	249.081	82.812	662171.54
5.38896544551624	9.04211276630979	273.001	111.402	721114.68
12.1406099685396	15.7795073763941	659.321	222.324	722523.43
18.2111849565894	21.86386250891	577.553	323.841	736409.98
27.3100023400328	30.9525952379238	864.518	465.909	756449.97
47.3139523953335	50.9422992461606	1588.777	758.165	800828.57
77.3077423083923	80.9542152366278	2632.223	1237.213	866892.24
87.3106723494129	90.9364672508262	2969.555	1716.114	889859.16
97.1007894110517	99.5352403718077	3281.161	1875.237	910903.8
