0.000960013440188163	0.0172799861760111	3.463	1.307	430.68
0.00169002366033124	0.0304199756640195	4.875	1.445	790.22
0.00312004368061153	0.0559799552160358	7.828	1.786	1289.06
0.00412005768080753	0.0730799415360468	9.711	2.362	1726.8
0.00609008526119366	0.108539913168069	14.189	2.668	2372.19
0.00927012978181694	0.163439869248105	20.274	2.932	3411.12
0.0130601828425598	0.228419817264146	23.932	3.655	5121.54
0.0190002660037241	0.327239738208209	56.943	4.44	7865.17
0.0280403925654959	0.472319622144302	46.841	5.638	11583.99
0.0426305968283556	0.688499449200441	66.242	7.901	13402.03
0.0627708787923031	0.981179215056628	86.668	9.405	22531.54
0.0928312996381949	1.35431891654487	123.636	11.478	32212.15
0.142381993347907	1.86155851075319	168.6	14.629	42326.08
0.181762544675625	2.00663839468928	123.554	16.116	62372.81
0.316824435542098	3.03281757374594	130.152	24.225	101200.54
0.473816633432868	3.5899171280663	134.025	30.138	149174.45
0.710019940279164	4.12091670326664	144.551	36.917	282372.69
1.07031498440978	4.64399628480297	178.024	46.867	372745.88
1.60261243657411	5.23709581032335	198.346	58.456	477634.51
2.39526353368947	6.05807515353988	204.776	69.053	555211.66
3.60297044158618	7.23239421408463	217.722	87.153	647579.7
5.38907544705626	9.04283276573379	297.654	117.821	714275.33
8.08790323064523	11.7311306150955	395.486	153.939	741049.98
12.1360899052587	15.7692473846021	458.219	229.499	722360.25
18.2026048364677	21.83866252907	573.045	329.824	736823.93
27.3045022630317	30.9509752392198	875.371	478.386	756271.48
37.0245283433968	39.3918884864892	1202.735	608.488	776311.42
47.3089523253326	50.9442792445766	1578.189	762.729	800936.37
57.3092723298126	60.953891236887	1897.573	912.353	823050.85
67.3116823635531	70.9392032486374	2276.958	1087.178	844766.26
77.306232287252	80.9457552433958	2651.293	1222.704	867732.1
87.2151410119742	90.0586079531136	2961.86	1383.011	889262.5
97.1467400543608	99.6455802835358	3270.163	1542.972	911339.09
