0.000910012740178362	0.0163799868960105	3.226	1.165	418.79
0.00200002800039201	0.0358199713440229	5.181	1.391	802.04
0.00293004102057429	0.0521999582400334	6.948	1.645	1136.19
0.00427005978083693	0.0755999395200484	9.133	1.912	1629.28
0.0058800823211525	0.104219916624067	20.138	2.587	2422.58
0.00885012390173462	0.1555198755841	17.047	3.19	3353.4
0.0128601800425206	0.225539819568144	24.152	3.699	4782.45
0.0193102703437848	0.332639733888213	32.896	4.597	7865.17
0.027270381785345	0.458999632800294	44.919	5.186	10647.65
0.0421805905282674	0.681479454816436	74.206	7.354	17042.01
0.0624108737522325	0.96893922484862	80.859	8.294	24948.75
0.0939113147584066	1.36961890430488	135.353	12.519	36472.31
0.139141947987272	1.83905852875318	121.591	14.674	47021.7
0.211702963841494	2.43233805412956	146.101	18.345	64574.89
0.315774420841892	3.02183758252993	136.895	24.409	106601.15
0.46035644499023	3.39137728689817	110.487	27.172	128055.83
0.704979869718176	4.02137678289857	134.941	34.879	191224.34
1.06698493778913	4.64435628451497	154.803	43.632	349948.24
1.59835237693328	5.21567582745934	161.89	53.628	476156.39
2.39506353088943	6.05159515872387	189.105	65.507	570721.82
3.59574034036476	7.25147419882064	206.052	82.884	661890.66
5.39353550949713	9.04589276328579	286.169	108.487	720506.91
8.09598334376681	11.7230306215755	318.741	146.764	741044.25
12.1311998367977	15.7708673833061	407.229	214.306	722854.06
18.2070348984886	21.842802525758	633.99	310.359	735765.45
27.3096723354127	30.9416152467078	842.469	436.206	755934.62
37.3108023512329	40.9499672400262	1176.025	574.464	778268.28
47.3116423629931	50.9489592408326	1581.288	715.519	800202.44
57.3125523757333	60.958571233143	1897.752	851.988	822745.09
67.3121423699932	70.9588232329414	2220.264	1007.419	845031.6
77.3053422747918	80.9399952480038	2546.999	1132.81	866951.42
87.3094523323327	90.9330472535622	2947.748	1328.047	889857.61
97.2214611004554	99.8929000856799	3162.079	1422.666	911621.03
