0.000820011480160722	0.0147599881920094	3.092	1.062	395
0.00182002548035672	0.032759973792021	4.911	1.337	861.11
0.00307004298060173	0.0550799559360352	7.079	1.633	1128.34
0.00391005474076637	0.0696599442720446	9.981	1.73	1531.66
0.00649009086127206	0.115199907840074	13.144	2.224	2286.86
0.00909012726178167	0.161279870976103	18.332	2.702	3538.02
0.0126601772424814	0.221759822592142	23.633	3.225	5490.36
0.0196402749638495	0.335879731296215	32.808	4.183	7666.19
0.0279003906054685	0.471419622864302	44.79	6.1	10832.93
0.0420905892682498	0.685979451216439	63.032	7.72	16019.19
0.0636308908324717	0.98369921304063	91.143	8.147	23341.72
0.0945513237185321	1.37699889840088	115.666	12.01	35059.8
0.140301964227499	1.83563853148917	122.136	14.299	52743.8
0.211672963421488	2.41829806536155	129.782	20.756	67971.66
0.315794421121896	3.02111758310593	164.86	25.022	105763.28
0.474456642392994	3.60323711741031	164.973	28.502	146240.99
0.710439946159246	4.11353670917063	169.57	35.95	184259.71
1.0678749502493	4.62725629819496	156.339	43.401	375045.49
1.59248229475213	5.23583581133135	169.303	52.837	460185.5
2.39280349924899	6.05141515886787	197.336	66.044	559587.62
3.60129041806585	7.23995420803663	212.651	82.47	657655.77
5.39522553315746	9.05291275766979	330.491	109.048	723476.64
8.08994325920563	11.7412106070315	323.598	147.951	741024.45
12.1423199924799	15.7829273736581	415.212	217.479	722561.67
18.2029248409478	21.834882532094	576.092	305.089	735425.96
27.3052122729718	30.9504352396518	821.268	441.639	755901.09
37.3083923174924	40.9739072208742	1177.454	585.946	777863.82
47.3131723844134	50.9880192095846	1514.745	722.048	801667.17
57.311382359353	60.940751247399	1880.11	860.307	822803.76
67.0377785288994	69.4117244706204	2127.207	979.183	843632.2
77.3116723634131	80.9315352547718	2559.884	1132.62	867604.21
87.0494286920017	89.4480484415612	2851.785	1255.391	888034.67
97.1425099951399	99.6306402954878	3167.549	1391.339	911313.72
