0.000840011760164642	0.0151199879040097	3.211	1.015	351.37
0.0196502751038515	0.336599730720215	35.012	2.65	7045.47
0.0283403967655547	0.475739619408304	48.799	3.325	10647.65
0.0632808859324031	0.982979213616629	80.868	6.331	24729.8
0.0949913298786183	1.37141890286488	105.931	9.304	31116.9
0.142791999087987	1.8750584999532	167.405	12.316	49681.54
0.317714448002272	3.02597757921794	159.438	21.485	108980.79
1.06912496774955	4.63319629344296	176.259	38.985	373493.93
3.59809037326523	7.24157420674063	234.198	81.158	657403.13
8.08466318528459	11.7201506238795	377.181	142.732	741091.64
18.1999547993672	21.850902519278	552.534	299.389	736557.31
47.3064622904721	50.9475192419846	1543.668	714.822	800556.06
57.311092355293	60.940031247975	1880.148	851.246	822398.17
67.3131823845534	70.9500032399974	2191.923	996.94	845139.89
