0.000899999280000576	0.0161999870400104	6.356	0.978	371.21
0.00165999867200106	0.0298799760960191	10.515	1.142	738.98
0.00196999842400126	0.0354599716320227	12.051	1.088	671.91
0.00338999728800217	0.0610199511840391	19.913	1.242	1527.75
0.00471999622400302	0.0845999323200541	29.749	1.402	1816.44
0.00494999604000317	0.0889199288640569	28.472	1.547	1968.28
0.0116599906720075	0.209519832384134	66.732	2.258	4163.29
0.0159899872080102	0.286019771184183	89.528	2.607	5630.84
0.0242499806000155	0.433079653536277	157.837	3.593	8812.76
0.0369499704400236	0.657179474256421	261.825	5.282	14587.78
0.0630799495360404	1.11725910619272	460.66	7.901	23015.22
0.09374992500006	1.64843868124906	527.41	12.006	31630.01
0.138009889592088	2.40479807616154	816.716	16.373	49972.96
0.211689830648135	3.62843709725032	1217.349	26.481	67379.51
0.221069823144141	3.66875706499435	1104.7	25.898	76748.62
0.424559660352272	6.80309455752435	2059.457	47.398	142260.47
0.707269434184453	10.8226713418629	2891.047	78.018	193743.77
0.830559335552532	11.4260308591753	2548.523	81.141	294112.47
0.896239283008574	11.2013910388872	2074.191	89.102	325582.01
2.38892808885753	26.0654191476647	3686.626	271.811	550188.21
3.55387715689827	31.241855006516	3374.875	332.917	658155.42
5.38101569518744	37.541669966664	3747.116	406.518	717463.32
8.06683354653316	42.7031658374673	3821.11	471.029	741086.46
12.1131403094878	47.8734817012146	4145.217	549.567	723064.77
18.1141655086676	53.0029375976499	3887.133	608.581	736242.05
26.2236590210728	54.1113767108986	3558.199	669.299	753832.55
36.7316206147035	67.179186256651	4094.252	835.112	777192.19
45.1514038788769	69.9726040219168	4588.379	885.347	795699.49
57.0696343442925	90.1610278711777	5534.987	1115.929	822202.06
66.5127267898186	95.1970638423489	5492.84	2917.283	842924.44
74.7095302323758	97.2373622101102	5491.851	2982.588	862631.59
83.9699328240537	99.97480002016	5109.265	3054.466	882712.28
90.556577554738	100.0	5140.092	3066.562	897251.54
