0.000519999584000333	0.00935999251200599	4.458	1.149	228.16
0.00130999895200084	0.0235799811360151	8.602	1.397	450.49
0.00304999756000195	0.0548999560800351	23.162	1.855	1253.8
0.00388999688800249	0.0694799444160445	33.948	1.995	1473.04
0.00489999608000314	0.0880199295840563	41.188	2.509	1816.44
0.00556999554400356	0.100259919792064	32.957	2.4	1983.84
0.0123799900960079	0.222119822304142	91.123	4.049	4618.38
0.0130199895840083	0.233099813520149	72.808	3.804	5113.93
0.0267199786240171	0.475919619264305	158.389	6.033	10265.55
0.0414199668640265	0.736019411184471	266.798	7.851	15932.01
0.0519699584240333	0.919799264160589	329.293	10.123	21512.53
0.0942199246240603	1.65905867275306	621.893	13.992	33286.97
0.14083988732809	2.45213803828957	975.271	21.14	51867.18
0.198509841192127	3.38939728848217	1072.184	27.579	62411.44
0.315359747712202	5.26481578814737	1662.647	41.58	95709.7
0.370589703528237	5.66135547091562	1590.283	45.585	122657.07
0.471469622824302	7.57565393947685	2516.444	60.033	141822.74
1.06272914981668	15.0614879508096	3789.916	150.556	361657.02
1.47974881620095	18.2923053661557	3534.697	194.964	444710.39
2.11448830840935	22.0525023579981	2660.552	225.797	538656.34
2.36882810493752	19.8995240803807	2132.542	219.767	566735.34
5.10150591879527	33.6767130586296	2844.63	370.36	708315.71
8.07067354346117	42.4693460245232	3707.927	495.903	741081.41
9.6921722462622	32.9441136447091	2527.041	397.5	733326.28
17.7145958283233	48.6615210707831	3343.718	601.663	735726.57
27.2769081784735	62.9182296654163	4716.514	787.708	756266.83
37.2509301992558	72.3914420868463	4972.351	936.045	778183.49
47.0175523859581	79.6099763120189	5125.236	1045.77	799485.17
55.8894852884118	82.5058139953488	5032.064	1114.731	818984.02
65.3241477406818	90.3944876844099	5631.834	1249.974	840403.55
74.8556801154559	97.5982619213905	5811.489	1359.742	861528.15
83.9480528415577	99.97210002232	5510.252	1440.014	882685.42
90.583497533202	99.999820000144	5656.701	1434.82	897276.31
