0.000839999328000538	0.0151199879040097	5.799	0.906	430.68
0.00122999901600079	0.0221399822880142	10.451	0.982	667.97
0.00165999867200106	0.0298799760960191	12.187	1.007	790.22
0.0039099968720025	0.070379943696045	23.408	1.349	1488.68
0.00490999607200314	0.0881999294400564	27.55	1.411	1960.5
0.009369992504006	0.168119865504108	54.439	2.14	3307.21
0.0116599906720075	0.209339832528134	80.305	2.141	4163.29
0.0118799904960076	0.212579829936136	80.047	2.146	4132.66
0.028119977504018	0.502919597664322	197.691	3.928	9916.3
0.0409899672080262	0.725399419680464	247.304	5.966	16367.67
0.0424999660000272	0.755639395488484	300.551	6.153	14759.3
0.0918799264960588	1.61909870472104	519.918	11.546	35951.99
0.102249918200065	1.77083858332913	575.396	12.476	42939.82
0.207229834216133	3.53825716939426	1169.622	25.413	75512.23
0.315019747984202	5.27183578253137	1725.689	38.696	96503.01
0.395109683912253	6.30359495712403	1796.585	47.883	122898.01
0.706839434528452	10.7578713937029	2959.809	78.397	196799.67
1.06392914885668	14.9885880091296	3615.226	140.948	374430.28
1.59748872200902	20.267083786333	3772.321	205.118	473587.46
2.39231808614553	25.9881992094406	3699.879	271.052	558355.64
3.04842756125795	25.3689997048002	2319.98	267.931	621077.98
3.79123696701043	24.1635406691675	2212.54	268.375	667376.39
7.99805360155712	41.0741671406663	3234.86	443.862	740916.53
12.1062803149757	47.6823218541425	3940.199	565.897	722670.36
18.2042754365796	54.4792964165629	4205.741	634.106	736535.17
23.5201411838871	45.8517233186213	3159.297	560.26	748382.74
35.3339317328546	60.5589715528228	3824.219	755.527	774298.29
47.0367323706141	79.7861961710431	5084.498	974.519	799543.64
57.1887142490286	91.5308267753386	5820.381	2793.974	822434.88
65.8318073345541	92.0290663767469	5586.373	2894.767	842732.36
74.1434806852155	96.3325029339977	5524.984	2978.152	859819.02
83.7361530110776	99.940780047376	5113.87	3051.251	882275.3
90.5334875732099	99.999640000288	5301.784	3090.6	897148.49
