0.000849999320000544	0.0152999877600098	17.561	1.097	395
0.00122999901600079	0.0221399822880142	8.165	1.195	450.49
0.00227999817600146	0.0410399671680263	13.968	1.481	986.98
0.00375999699200241	0.0676799458560433	39.228	1.782	1570.72
0.00581999534400372	0.104579916336067	36.231	2.314	2108.25
0.00864999308000554	0.154799876160099	62.992	2.952	3526.49
0.00899999280000576	0.161639870688103	54.539	2.909	3272.55
0.0183999852800118	0.330299735760211	127.001	4.722	7767.58
0.0275699779440176	0.490859607312314	181.739	5.958	11069.87
0.028089977528018	0.502559597952322	164.799	6.937	10146.72
0.0521899582480334	0.919079264736588	378.118	9.158	19357.42
0.0627199498240401	1.11239911008071	381.9	10.145	21844.53
0.14015988787209	2.43737805009756	858.668	20.283	49972.96
0.199859840112128	3.42071726342619	1173.525	29.784	64356.92
0.222969821624143	3.69305704555436	1063.407	28.292	89309.25
0.474279620576304	7.63991388806889	2343.003	58.212	148610.52
0.601729518616385	9.04895276083779	2383.598	69.293	179143.59
0.955229235816611	11.8405705275436	2379.51	125.632	326766.94
1.06517914785668	15.0874079300737	3675.253	151.379	372826.41
2.00986839210529	20.8421833262533	2523.762	216.668	525450.69
3.4304772556182	29.666496266803	3858.564	339.513	637772.41
3.56090715127428	22.9643816284947	2095.204	247.986	657546.54
7.17041426366859	33.7494330004536	2589.128	386.926	739864.37
12.1139303088558	47.8250617399506	4144.535	556.575	723007.08
17.9231356614915	50.6411594870724	3554.714	600.381	735654.92
27.1090383127693	60.7368114105509	4013.967	747.106	756103.72
37.3072601541919	73.5247211802231	5242.492	887.871	778334.45
47.2866121707103	83.1372534901972	5776.941	1033.604	800679.48
56.9442044446364	88.8256089395128	5591.461	1146.534	821748.47
66.0600171519863	93.0320255743795	5831.412	1214.501	841867.2
74.3136905490476	96.6318426945258	6849.258	1276.371	860255.79
84.1000127199898	99.987760009792	5397.263	1342.754	882834.44
90.597807521754	99.999820000144	5425.783	1366.92	897267.27
