0.000519999584000333	0.00935999251200599	4.393	1.25	232.14
0.00173999860800111	0.03131997494402	11.716	1.193	616.63
0.00237999809600152	0.0428399657280274	16.799	1.471	916.2
0.00400999679200257	0.0719999424000461	29.002	1.452	1508.22
0.00500999599200321	0.0901799278560577	30.68	1.843	1968.28
0.00596999522400382	0.107279914176069	34.442	1.646	2193.71
0.0106999914400068	0.192059846352123	82.856	2.202	4102
0.012439990048008	0.223379821296143	78.809	2.334	4995.89
0.0237899809680152	0.425699659440272	133.515	3.66	8861.32
0.0290199767840186	0.516779586576331	197.043	4.252	11069.87
0.0537999569600344	0.949499240400608	346.94	7.117	19493.86
0.0553499557200354	0.980099215920627	435.679	7.513	19278.37
0.123709901032079	2.11607830713735	653.767	14.726	41863.97
0.138859888912089	2.42027806377755	893.367	18.265	46594.8
0.237659809872152	3.94055684755452	1177.233	28.821	74291.51
0.306329754936196	4.88177609457912	1511.769	34.138	93014.1
0.427489658008274	6.44273484581212	1630.994	47.385	124270.18
1.05402915677667	14.8953480837215	3483.139	142.797	359954.77
1.59644872284102	20.260783791373	4124.485	209.612	449241.24
2.06920834463332	21.5143027885578	2672.17	217.181	532272.15
3.5866571306743	32.0320543743565	3614.315	345.754	640251.73
5.20409583672333	34.9151120679103	3019.919	376.95	715419.15
8.07390354087717	42.7235058211953	3803.826	477.793	741020.39
10.1583118733505	34.4948124041501	2586.141	409.56	729829.59
17.9575456339635	51.0139391888486	3506.874	626.243	735702.97
27.2155782275374	62.0441503646797	4484.236	772.894	756643.64
36.6775006579995	66.7903865676907	4511.502	887.703	777133.31
47.0056123955101	79.4726364218909	5067.495	1047.662	799455.24
57.0510443591645	89.9687880249696	5612.859	1204.789	822047.81
65.2034678372257	89.9263080589536	5470.053	1240.667	841459.56
75.1902598477921	98.2081014335188	5254.405	3072.351	862110.4
84.1127927097658	99.989920008064	5276.786	3153.765	883003.3
90.591517526786	99.999820000144	5335.224	3175.499	897275.33
