0.000959999232000614	0.0172799861760111	7	1.175	450.49
0.00104999916000067	0.0188999848800121	7.225	1.179	398.97
0.00153999876800099	0.0277199778240177	12.279	1.29	667.97
0.00240999807200154	0.0433799652960278	15.432	1.466	884.73
0.00559999552000358	0.100799919360065	44.428	2.303	2387.69
0.00860999311200551	0.154799876160099	108.532	2.868	3349.55
0.0112499910000072	0.201419838864129	88.053	4.103	4163.29
0.0160599871520103	0.288179769456184	103.929	4.888	6070.81
0.0173399861280111	0.310319751744199	99.329	4.331	6044.31
0.0292399766080187	0.521279582976334	163.039	6.337	13603.62
0.0477299618160306	0.84311932550454	296.794	8.93	16469.6
0.0654899476080419	1.15163907868874	434.94	10.985	24000.84
0.110939911248071	1.89611848310521	642.487	15.175	41549.35
0.122619901904078	2.12543829964936	711.673	17.38	45916.21
0.29669976264019	4.93253605397116	1561.592	38.626	89613.71
0.472599621920302	7.61471390822887	2146.429	59.425	136695.54
0.700899439280449	9.69461224431021	2185.876	76.466	273941.06
0.705619435504452	10.7915313667749	3123.475	84.755	274681.87
1.60020871983302	20.274103780717	4043.314	209.706	458250.13
2.15908827272938	22.6276018979185	3485.808	236.424	548856.23
3.5897471282023	32.0639143488685	3817.259	347.091	649344.24
5.38396569282745	37.502429998056	3719.029	420.865	717914.37
8.07013354389317	42.6698658641073	3866.881	487.794	741092.14
12.0099103920717	45.9131032695174	3381.675	513.889	723324.18
18.1610954711236	53.8186969450424	4336.364	645.518	736334.33
26.4582488334009	55.4077356738115	3653.584	674.522	754430.52
37.3105101515919	73.6257010994391	5329.31	897.699	778850.18
46.907502473998	78.5083771932982	4882.672	982.412	799375.7
55.4138956688835	80.7945553643557	5134.053	1034.847	818205.25
66.6147267082186	95.7808033753573	5665.867	1215.409	843109.54
76.0404991676007	99.6889602488318	5374.593	1302.269	864705.36
83.7779429776456	99.94780004176	5509.287	1363.519	882371.14
90.582897533682	99.999820000144	7557.342	1376.926	897276.06
