0.000569999544000365	0.0102599917920066	5.018	1.164	228.16
0.00126999898400081	0.0228599817120146	11.348	1.534	557.35
0.00236999810400152	0.0426599658720273	16.602	1.647	1226.37
0.00380999695200244	0.0685799451360439	61.47	1.973	1453.49
0.0056199955040036	0.100979919216065	70.525	2.636	2294.62
0.00869999304000557	0.1562398750081	50.736	3.194	3557.24
0.00919999264000589	0.164879868096106	61.159	3.151	3545.71
0.018779984976012	0.336599730720215	132.758	4.932	7681.21
0.0277799777760178	0.496259602992318	152.156	6.532	10146.72
0.042269966184027	0.752579397936482	291.789	8.395	15703.01
0.0470899623280301	0.833039333568533	279.477	8.683	16469.6
0.09379992496006	1.65293867764906	575.578	14.464	33600.72
0.138529889176089	2.40731807414554	793.922	20.732	52378.5
0.201149839080129	3.4405172475862	1846.461	27.432	64356.92
0.315319747744202	5.27237578209937	1597.602	42.47	107440.65
0.442129646296283	7.09829432136454	2073.366	55.193	127251.37
0.709339432528454	10.8226713418629	2838.949	87.48	190013.75
1.05978915216868	14.9556480354816	3589.824	148.88	357426.59
1.15070907943274	14.062128750297	2431.377	140.967	416515.89
2.11292830965735	18.1322854941716	2235.887	198.513	524870.38
2.24177820657743	23.7077810337752	2990.805	260.702	540002.84
5.19447584441932	34.8305121355903	2928.588	389.037	714761.35
6.16788506569195	28.7619969904024	2278.723	331.487	733093
12.1301402958878	47.9877816097747	3962.415	562.906	723315.27
18.2176354258917	54.5152963877629	4450.663	672.827	736671.7
27.3153581477135	63.6663090669527	5069.247	812.277	756443.13
35.3518417185266	60.6232315014148	4268.064	833.692	774338.36
47.1114023108781	80.5758555393156	5106.658	1062.535	799938.41
56.9173644661084	88.5514691588247	5571.604	1192.303	822384.94
65.5026075979139	90.9731872214502	5740.783	1247.754	840674.22
74.4348304521356	96.849282520574	5739.432	1349.376	860536.36
83.3214333428533	99.8423201261439	5492.728	1416.404	881259.54
90.56583754733	100.0	5368.994	1437.234	897253.11
