0.000539999568000346	0.00971999222400622	4.028	0.875	228.16
0.00201999838400129	0.0363599709120233	12.843	1.202	809.92
0.00319999744000205	0.0575999539200369	18.871	1.165	1089.1
0.00403999676800259	0.0725399419680464	23.905	1.27	1668.3
0.00582999533600373	0.104579916336067	39.988	1.66	2500.06
0.00691999446400443	0.123299901360079	39.809	1.591	2705.17
0.010889991288007	0.195299843760125	63.38	2.015	4132.66
0.0133099893520085	0.238139809488152	105.746	2.28	5304.14
0.0268899784880172	0.479699616240307	202.365	3.854	10769.96
0.0349899720080224	0.620639503488397	187.153	4.708	13178.25
0.0418599665120268	0.745019403984477	249.002	5.668	16676.22
0.0777699377840498	1.34855892115286	439.021	10.102	28466.05
0.09374992500006	1.65149867880106	560.153	11.757	35599
0.14020988783209	2.39471808422553	787.505	17.864	51187.65
0.314619748304201	5.23907580873935	1682.411	36.679	95709.7
0.367829705736235	5.6291354966916	1578.814	40.769	119715.93
0.466589626728299	7.47881401694879	2348.361	53.892	145546.71
0.837429330056536	11.5198107841514	2527.635	85.069	297125.62
1.57910873671301	19.8817040946367	3898.641	211.341	471679.12
2.39087808729753	26.0960191231847	3616.135	278.751	569271.05
3.31485734811412	28.158277473378	2756.367	291.21	641367.45
5.37227570217944	37.1510702791438	3760.605	403.758	718225.89
7.36535410771671	35.0292319766144	2601.472	379.54	740429.7
12.1118003105598	47.8373017301586	4394.641	554.881	722991.52
17.8913456869235	50.2834997732002	3349.416	583.295	735592.86
26.599528720377	56.283254973396	3681.211	686.177	754687.21
34.6328522937182	58.4869932104054	3722.529	721.005	772558.45
47.2676221859023	83.0290735767411	5760.769	1036.852	800299.72
57.2025842379326	91.7137066290347	6020.618	2810.505	822420.6
64.062588749929	87.0963503229197	5869.672	1112.399	837434.33
74.8756400994879	97.6322818941745	5351.237	3014.74	861559.99
83.8500929199257	99.958240033408	5104.564	3039.297	882262.15
90.595067523946	99.999820000144	5179.217	3089.157	897270.78
