0.00088999928800057	0.0160199871840103	6.235	0.939	351.37
0.00188999848800121	0.0340199727840218	11.407	1.013	731.09
0.00291999766400187	0.0525599579520336	18.562	1.221	1167.57
0.0038999968800025	0.0698399441280447	23.937	1.253	1328.21
0.00415999667200266	0.0746999402400478	23.941	1.281	1488.68
0.00689999448000442	0.124019900784079	62.434	1.614	2469.08
0.0121299902960078	0.21797982561614	92.507	2.249	4950.17
0.0196399842880126	0.351719718624225	119.965	3.326	6864.31
0.0284599772320182	0.509039592768326	181.044	4.11	10851.45
0.0366599706720235	0.652139478288417	202.264	5.202	14587.78
0.0620499503600397	1.0981791214567	376.714	7.813	22794.55
0.0845599323520541	1.48445881243295	584.945	10.744	34905.26
0.14073988740809	2.44133804692956	794.304	19.123	49280.5
0.212009830392136	3.63653709077033	1108.169	25.202	67293.49
0.3128697497042	5.22917581665935	1575.392	39.746	99240.07
0.471439622848302	7.58645393083686	2360.802	54.976	136695.54
0.574619540304368	8.62325310139752	2295.883	65.024	161504.26
1.05529915576068	14.8832880933695	3842.229	142.484	360732.19
1.46953882436894	18.1659454672436	7825.847	189.644	451663.23
1.96393842884926	20.335123731901	2432.569	209.327	511487.61
2.73957780833775	22.6375018899985	2149.058	229.425	598939.36
4.36540650767479	27.5239579808336	2416.936	295.152	688998.43
7.98021361582911	40.8457473234021	3323.557	438.759	740934.97
12.0697703441837	46.7452426038059	3677.477	524.544	723218.26
16.5757767393786	42.5040859967312	3034.686	508.551	733029.41
27.3102281518175	63.4107092714326	4571.428	745.843	756264.75
37.2954801636159	73.3103413517269	5258.013	906.763	778238.21
44.1265546987562	67.2965461627631	4294.026	853.671	793456.95
56.6602046718363	86.4879508096394	5257.768	1085.343	822241.98
66.5038167969466	94.9798040161568	5536.302	2935.834	843644.15
75.9829792136166	99.5969803224157	4987.064	3006.475	864720.37
83.5447131642295	99.9019000784799	5473.578	3059.861	881866.76
90.591577526738	99.999820000144	5226.455	3075.049	897275.29
