0.000739999408000474	0.0133199893440085	5.439	1.085	232.14
0.00185999851200119	0.0334799732160214	27.228	1.331	731.09
0.00238999808800153	0.0430199655840275	22.029	1.521	837.49
0.00383999692800246	0.0691199447040442	26.147	1.925	1508.22
0.00449999640000288	0.0806399354880516	41.079	1.974	1656.59
0.00778999376800499	0.13985988811209	49.974	2.595	2848.17
0.00930999255200596	0.166859866512107	57.583	3.046	3730.09
0.0098499921200063	0.175679859456112	55.494	2.997	4102
0.0271899782480174	0.486899610480312	190.605	5.985	10554.96
0.0280399775680179	0.498959600832319	217.424	6.127	11069.87
0.0537499570000344	0.945179243856605	372.56	9.35	19357.42
0.0571399542880366	1.01195919043265	351.19	9.527	21326.97
0.129949896040083	2.25593819524944	723.663	17.577	45531.67
0.189729848216121	3.24053740757007	1141.741	25.367	73410.71
0.284089772728182	4.70951623238701	1377.754	38.676	104874.85
0.38998968800825	6.21269502984398	1743.795	48.23	121555.49
0.698089441528447	10.6090115127908	2880.681	82.199	289110.43
0.991249207000634	13.7674689860248	3989.473	138.888	344469.16
1.59979872016102	20.1945438443649	4007.535	215.892	455276.62
2.39136808690553	26.0389591688327	3708.553	285.07	551340.75
2.47117802305758	20.6279834976132	2196.042	223.485	585048.51
5.38382569293945	37.5994499204401	3720.997	418.261	712557.05
7.68401385278892	37.6847698521841	2700.697	421.824	741038.72
11.9574704340237	45.263483789213	3423.33	514.426	723048.29
18.1378454897236	53.3998372801302	3969.129	632.717	736179.37
27.1214683028254	60.898091281527	4271.192	757.284	756082.41
37.3078301537359	73.476301218959	5518.632	902.707	778294.81
46.945372443702	78.8406569274745	4868.786	947.01	799359.64
56.5850747319402	85.990251207799	5389.692	1111.337	822138.09
65.7412974069621	91.7871465702827	5794.723	1200.09	840966.51
76.0405991675207	99.6887802489758	5433.107	1310.838	864703.72
82.863733709013	99.7013802388958	5328.428	1333.967	880424.11
90.597127522298	99.999820000144	6059.842	1390.109	897269.16
