0.000939999248000602	0.0169199864640108	6.349	1.107	371.21
0.00182999853600117	0.0329399736480211	24.285	1.383	667.97
0.00209999832000134	0.0377999697600242	13.793	1.215	715.32
0.00347999721600223	0.0626399498880401	21.508	1.414	1316.47
0.00388999688800249	0.0698399441280447	23.857	1.441	1668.3
0.00822999341600527	0.147779881776095	54.259	1.851	3253.3
0.0124199900640079	0.222839821728143	79.166	2.432	5304.14
0.0186199851040119	0.333539733168213	128.668	3.58	7045.47
0.0279399776480179	0.50039959968032	197.107	4.181	10012.96
0.042219966224027	0.75041939966448	261.941	6.168	15010.94
0.0605499515600387	1.07477914017669	346.285	8.856	20816.19
0.095349923720061	1.67939865648107	581.008	12.014	34733.49
0.135099891920086	2.35367811705751	847.293	17.934	44465.88
0.211539830768135	3.62213710229032	1165.166	25.624	75274.15
0.308379753296197	5.14475588419529	1601.884	37.422	106506.95
0.475459619632304	7.6627738697809	2178.154	58.444	150483.54
0.70258943792845	10.7031514374788	2820.504	78.165	195258.98
1.06168915064868	14.9848080121536	3461.761	140.791	380142.46
1.4075688739449	14.8949880840095	2067.974	148.042	422349.81
1.59696872242502	20.266363786909	4064.008	211.276	469826.36
3.42825725739419	29.633016293587	2996.265	321.794	637549.01
3.68576705138636	23.6066211147031	2122.988	246.549	662484.06
7.1952942437646	33.8963128829497	2575.97	391.933	739981.07
12.0665203467837	46.6817026546379	3583.405	537.494	723242.8
18.2083854332917	54.5192563845949	4284.152	646.512	736535.15
27.2429582056334	62.3980300815759	4472.199	771.063	756667.43
37.2180502255598	71.878082497534	5090.824	921.864	778100.68
43.3894452884438	65.694907444074	4445.587	887.986	791999.67
56.9266944586444	88.6384090892727	5499.053	1189.85	822339.47
66.8594565124348	97.3408621273103	5541.293	3030.186	843523.3
75.9430392455686	99.5440603647517	5206.69	3111.147	864469.85
84.1247127002298	99.989920008064	5154.105	3152.338	882866.76
90.597597521922	99.999820000144	5246.73	3196.649	897269.06
