0.000769999384000493	0.0138599889120089	5.467	0.95	375.17
0.00127999897600082	0.0230399815680147	8.359	1.034	557.35
0.00294999764000189	0.0527399578080338	16.608	1.158	1132.27
0.00404999676000259	0.0727199418240465	24.926	1.289	1570.72
0.00470999623200301	0.0840599327520538	28.282	1.379	1968.28
0.00529999576000339	0.0948599241120607	29.274	1.462	1816.44
0.0113599909120073	0.204119836704131	86.903	2.201	4163.29
0.01564998748001	0.28133977492818	93.958	2.792	5630.84
0.0206099835120132	0.367919705664235	112.395	3.214	9186.09
0.0275199779840176	0.489419608464313	164.5	3.83	11069.87
0.0491399606880314	0.868319305344556	266.04	6.437	17992.74
0.0902999277600578	1.58759872992102	566.083	11.281	32706.48
0.103929916856067	1.80395855683315	641.738	14.106	40022.58
0.162299870160104	2.75849779320177	868.586	20.185	51471.46
0.316419746864202	5.29469576424339	1647.236	38.065	101230.28
0.332519733984213	5.29469576424339	1475.165	39.135	116605.29
0.663039469568424	9.9998920000864	2753.916	72.901	184942.52
0.779239376608499	10.7472514021989	2381.168	81.024	321461.84
1.59637872289702	20.2271238183009	4204.366	210.01	449427.34
2.39304808556153	26.0454391636487	3648.493	270.742	563265.36
3.5898371281303	31.7627745897803	3684.1	339.331	653600.39
5.30186575850739	25.4940996047203	2228.801	295.225	718033.55
5.38388569289145	37.6071899142481	3532.033	412.704	713885.84
12.0731003415197	46.837582529934	3751.799	520.204	723144.29
18.1457654833876	53.5287171770263	4208.247	633.905	736156.12
27.3085881531295	63.5163691869046	4680.82	749.713	756226.94
35.3783816972946	60.7116114307109	3898.443	758.535	774408.89
47.2842921725663	83.1131335094932	5965.166	1024.441	800647.7
57.1565342747726	91.1726270618984	5782.828	1180.089	822499.14
63.4006692794646	85.6738114609508	5224.399	1110.41	835815.6
75.7668893864885	99.2155606275515	5264.612	3023.891	864534.55
83.0035835971331	99.7465602027518	5077.889	3064.892	880663.97
90.553327557338	100.0	5226.617	3088.917	897251.15
