0.000919999264000589	0.0165599867520106	30.638	1.173	363.27
0.00195999843200125	0.0352799717760226	11.922	1.402	1026.27
0.00211999830400136	0.0381599694720244	13.823	1.473	790.22
0.00213999828800137	0.0385199691840247	13.553	1.548	884.73
0.00589999528000378	0.106019915184068	76.551	2.891	2387.69
0.00744999404000477	0.133919892864086	48.214	2.832	2921.68
0.00981999214400628	0.175679859456112	56.252	3.223	4102
0.0121699902640078	0.217439826048139	87.434	3.531	4622.2
0.0259599792320166	0.461879630496296	151.627	5.574	10265.55
0.0429999656000275	0.766979386416491	307.698	8.149	15462.93
0.0564499548400361	1.00025919979264	356.271	9.869	20737.51
0.0779699376240499	1.36763890588888	492.512	12.782	28354.18
0.130419895664083	2.26853818516945	757.865	18.163	43091.27
0.143219885424092	2.43611805110556	883.545	18.91	51187.65
0.316019747184202	5.28839576928338	1633.507	42.755	101230.28
0.455709635432292	7.33031413574869	2085.204	56.568	133691.33
0.565289547768362	8.50625319499744	2297.017	65.557	161504.26
1.06004915196068	15.0029879976096	3584.967	149.212	353262.83
1.4133088693529	17.3744861004111	3344.067	170.384	427733.78
1.8824884940092	19.4137044690364	2339.198	213.537	490356.7
3.50973719221025	30.6993354405316	3211.756	339.754	657028.04
5.21260582991534	35.0362519709984	3122.779	376.093	716424.85
7.87707369834104	39.6658482673214	3162.059	448.993	741089.08
12.0768003385597	46.863682509054	3749.089	543.319	723112.69
14.8061381550895	37.4028900776879	2821.117	471.541	728965.01
25.4189196648643	50.8490593207525	3631.126	657.126	752462.19
34.7072422342062	58.7008330393336	3829.578	729.15	772788.83
46.9764024188781	79.1324366940506	4891.955	975.445	799405.74
56.8756044995164	88.2773293781365	5363.6	1098.779	821700.39
66.4755468195625	94.9985240011808	6735.843	1234.907	842845.81
75.9625792299366	99.5555803555357	5226.125	1292.584	864663.02
84.0820727343418	99.9865000108	5589.737	1349.611	883090.13
90.564347548522	99.999820000144	5386.466	1363.704	897235.96
