0.00074999940000048	0.0134999892000086	7.126	1.263	287.82
0.00141999886400091	0.0255599795520164	15.074	1.428	561.3
0.00250999799200161	0.0451799638560289	37.091	1.751	884.73
0.0028199977440018	0.0507599593920325	25.19	1.698	1116.57
0.00606999514400389	0.10925991259207	48.364	2.602	2352.8
0.00953999236800611	0.17135986291211	89.93	3.789	3349.55
0.0127299898160081	0.228599817120146	99.428	3.832	4995.89
0.0189299848560121	0.339119728704217	186.868	4.852	7098.23
0.028199977440018	0.503999596800323	227.631	6.301	10614.28
0.0418899664880268	0.746999402400478	409.087	7.708	15317.31
0.0510599591520327	0.903599277120578	433.403	8.556	18778.21
0.0788199369440504	1.36871890502488	624.166	12.04	28466.05
0.085909931272055	1.51127879097697	738.252	12.551	31172.4
0.204349836520131	3.48749721000223	1649.857	25.123	65811.1
0.309099752720198	5.1537558769953	2334.22	37.012	107769.77
0.473449621240303	7.10999431200455	2681.25	49.658	148993.84
0.473859620912303	7.63541389166889	3189.918	53.877	143004.23
0.998459201232639	13.9260488591609	4361.314	133.17	338020.92
1.53182877453698	16.0354671716263	2903.853	150.485	445634.34
1.59623872300902	20.1900438479649	5221.547	204.814	444736
3.29246736602611	27.8711777030578	3329.653	286.002	638767.39
4.88596609122713	31.4546148363081	3080.284	343.292	707908.73
7.11654430676455	33.4094132724694	3126.807	367.738	739578.21
11.8214405428476	43.691005047196	3618.379	503.734	722579.4
18.1696954642436	54.0179567856346	4945.409	637.68	736430.88
27.3077681537855	63.5356291714967	5765.809	781.73	756178.58
35.5939115248708	61.4303508557193	4519.852	806.727	774749.15
46.87776249779	78.2835573731541	5530.443	1024.797	799390.13
57.1903742477006	91.6048067161546	6810.684	1203.58	822474.49
65.1247679001857	89.7887881689695	6109.052	1222.139	840057.12
75.5388995688803	98.8436809250553	5828.595	1363.038	862617.42
83.6165331067735	99.9173800660959	6317.946	1393.257	881391.51
90.551617558706	99.999640000288	5792.301	1448.386	897211.74
