0.000769999384000493	0.0138599889120089	17.876	1.09	311.66
0.00153999876800099	0.0277199778240177	14.196	1.281	738.98
0.00270999783200173	0.0487799609760312	23.364	1.567	1261.64
0.00434999652000278	0.0782999373600501	36.211	1.892	1473.04
0.00598999520800383	0.107639913888069	48.103	2.39	2193.71
0.00866999306400555	0.1556998754401	72.036	3.089	3507.27
0.0110799911360071	0.198359841312127	96.563	4.085	4186.26
0.0137499890000088	0.245699803440157	145.171	4.164	6297.86
0.0217799825760139	0.388619689104249	222.922	5.023	8213.89
0.0413099669520264	0.73385941291247	344.539	7.88	14445.37
0.0522199582240334	0.925919259264593	400.358	9.33	19378.96
0.0923499261200591	1.62755869795304	773.19	12.826	35951.99
0.138519889184089	2.40677807457754	1085.029	19.128	51824.34
0.169009864792108	2.87351770118584	1331.689	21.488	56016.88
0.241159807072154	3.99779680176256	1648.494	29.925	74291.51
0.273019781584175	4.3788564969148	1762.576	30.821	86888.48
0.684409452472438	10.4192916645667	3795.439	74.073	186179.89
1.06591914726468	15.0400679679456	4747.45	134.85	353923
1.44359884512092	17.8248457401234	4458.883	182.234	459741.95
2.28049817560146	24.2708205833435	4069.28	254.059	545510.29
2.96061763150589	24.5379403696477	3013.882	264.589	612890.82
5.37958569633144	37.6244699004241	4720.812	400.182	716325.97
7.73575381139695	38.0971495222804	3368.448	408.382	741046.39
12.1065603147517	47.8302817357746	4916.88	551.301	722969.89
17.9140156687875	50.5419795664163	4008.768	585.885	735630.83
25.7908493673205	52.1821382542894	4022.591	614.922	752720.14
36.1386910890471	63.6947490442008	4699.73	772.17	775846.87
46.7232026214379	77.1004183196653	5556.853	944.379	798778.96
56.8511445190844	88.0571895542484	6078.745	1089.033	821716.88
66.8950864839308	97.5170819863344	5932.29	1235.591	843820.79
74.2820305743755	96.4707428234057	7673.923	1238.175	861578.32
84.1183627053098	99.9910000072	5866.508	1342.035	882977.42
90.5354375716499	99.999640000288	5585.747	1323.005	897155.62
