0.000989999208000634	0.0178199857440114	9.963	1.352	351.37
0.00105999915200068	0.0190799847360122	9.546	1.291	371.21
0.00274999780000176	0.0494999604000317	28.04	1.734	1155.8
0.00392999685600252	0.0705599435520452	29.965	1.961	1449.58
0.0042199966240027	0.0759599392320486	35.51	2.131	2030.51
0.00866999306400555	0.1556998754401	69.416	3.001	3730.09
0.0104599916320067	0.18719985024012	95.854	3.458	4102
0.0113699909040073	0.204659836272131	94.07	3.565	4163.29
0.0272899781680175	0.486899610480312	234.157	5.921	10769.96
0.0330699735440212	0.589499528400377	310.077	6.342	12174.14
0.0620799503360397	1.1010591191527	538.752	10.032	23143.04
0.0914799268160585	1.61153871076903	743.182	13.334	34272.2
0.141859886512091	2.46959802432158	1135.696	19.173	46484.66
0.191759846592123	3.18491745206604	1447.422	23.331	60755.94
0.198219841424127	3.38129729496216	1503.28	24.475	62411.44
0.36004971196023	5.72633541893167	2315.27	41.655	106233
0.490399607680314	7.37225410219672	2718.26	52.347	152414.83
1.01887918489665	14.2774085780731	4390.866	133.501	347642.93
1.07946913642469	13.2238694209045	3168.936	127.94	383346.21
2.30223815820947	24.6297402962078	4555.056	261.944	543479.01
2.83837772929782	23.467481226015	2824.314	228.788	595391.46
5.37936569650744	37.6316698946641	4683.993	402.113	716947.78
7.1842842525726	33.8268329385336	3028.081	376.598	739933.36
11.3389809288153	39.9660880271296	3518.371	457.266	721847.41
15.686447450842	39.6494682804254	3451.057	473.663	731360.78
25.6010995191204	51.4693388245289	4074.482	648.287	752567.52
37.3046801562559	73.6307410954071	6189.382	925.879	778618.63
47.2259322192542	82.2835141731887	6248.543	1043.201	800945.11
57.1934942452046	91.5688067449546	6699.114	1186.419	822467.19
66.4922768061786	95.0788039369568	6510.057	1273.12	842892.99
73.3112513509989	94.9108640713087	6089.965	1305.076	857764.58
83.2686833850533	99.8340401327679	5771.403	1409.682	880590.83
90.593707525034	99.999820000144	5747.363	1442.162	897262.13
