0.00063999948800041	0.0115199907840074	6.363	1.06	232.14
0.0018699985040012	0.0336599730720215	14.991	1.331	841.43
0.00308999752800198	0.0556199555040356	25.245	1.681	1265.56
0.00376999698400241	0.0678599457120434	35.477	1.828	1449.58
0.00587999529600376	0.105659915472068	46.869	2.352	2500.06
0.00625999499200401	0.112319910144072	52.241	2.317	2453.58
0.0100299919760064	0.179639856288115	78.064	3.177	3883.56
0.0186299850960119	0.333899732880214	142.998	4.462	7688.72
0.0272699781840175	0.487439610048312	221.072	5.775	9528.99
0.0322499742000206	0.573839540928367	304.146	6.626	11140.46
0.0607199514240389	1.07711913830469	541.575	9.704	24648.52
0.076509938792049	1.34009892792086	649.339	12.26	26347.84
0.137139890288088	2.3421581262735	1171.85	18.701	51187.65
0.139129888696089	2.41613806708955	1137.716	18.968	48559.65
0.316699746640203	5.29775576179539	2187.319	37.685	106786.61
0.477569617944306	7.67501385998891	3278.865	53.686	135536.27
0.479039616768307	7.20467423626061	2643.976	48.948	148993.84
1.06396914882468	15.0485279611776	4877.006	137.475	365550.78
1.49180880655295	18.4987652009878	4727.442	187.036	437515.01
1.85193851844919	19.0790847367322	2983.805	197.266	489021.16
3.5888471289223	31.7762745789803	4630.936	330.856	653905.73
4.82572613941909	30.9378352497318	3160.33	335.244	707666.34
7.23016421586863	34.1051127159098	3163.519	372.306	740137.64
11.9455704435436	45.1119239104609	4001.02	506.597	723000.29
18.1954554436356	54.4400564479548	5353.468	626.875	736527.08
27.3154281476575	63.6645090683927	5659.052	729.071	756219.93
37.0997603201917	70.4665236267811	5207.982	837.97	777869.87
47.2693921844863	83.0566135547092	6616.053	1020.836	800276.01
53.8242269406184	76.575178739857	5499.723	957.892	814372.91
66.6490766807387	95.7602833917733	6082.47	1208.298	844084.12
75.7586193931045	99.1982806413755	5701.994	1267.219	864525.62
82.9278536577171	99.7343202125438	5644.478	1276.586	879874.9
90.563427549258	99.999820000144	5674.329	1341.694	897235.36
