0.00088999928800057	0.0160199871840103	7.635	0.934	351.37
0.00181999854400116	0.032759973792021	17.366	1.241	738.98
0.00229999816000147	0.0413999668800265	19.719	1.088	884.73
0.00263999788800169	0.0471599622720302	19.979	1.117	1030.2
0.00360999711200231	0.0647999481600415	30.889	1.249	1328.21
0.0089099928720057	0.159659872272102	96.341	1.83	3349.55
0.0114899908080074	0.205379835696131	91.767	2.057	5201.45
0.017249986200011	0.308699753040198	144.555	2.64	7467.02
0.0190599847520122	0.341459726832219	239.63	2.941	7681.21
0.0316499746800203	0.56267954985636	267.382	4.048	11140.46
0.0461599630720295	0.817919345664524	381.349	6.01	20078.49
0.0940299247760602	1.65671867462506	748.663	10.674	31917.99
0.13999988800009	2.43449805240156	1136.896	16.868	49323.6
0.174339860528112	2.9651376278899	1457.656	19.219	57569.3
0.252109798312161	4.17707665833867	1768.134	25.767	80675.62
0.460369631704295	7.40105407915674	3282.125	46.926	141151.79
0.672869461704431	10.2121118303105	3672.997	66.284	191943.47
1.06359914912068	15.0593279525376	4875.16	131.291	364205.52
1.4106488714809	17.3552261158191	4391.872	146.482	426705.89
1.57472874021701	16.4266068587145	2646.889	143.789	456451.63
3.58495713203429	32.0498743601005	4669.209	324.001	653788.68
5.27533577973138	35.7900913679269	3922.71	384.882	719109.75
7.59371392502886	36.8551505158796	3239.054	399.258	740785.62
12.1049903160077	47.4855820115344	4597.011	529.566	722684.99
18.0499355600516	52.1317382946094	4250.05	580.848	735914.41
25.3097697521842	50.4733996212803	3830.058	595.144	752284.27
34.2097926321659	57.4449740440208	4327.843	692.963	771478.2
46.846242523006	78.0157175874259	5442.761	944.805	799316.85
57.1999342400526	91.7209066232747	6521.363	2356.273	822457.48
65.1374378900497	89.7369482104414	6676.002	1165.109	841312.51
73.9424008460793	95.8821432942854	6191.781	2301.206	860672.57
83.3151533478773	99.8412401270079	5449.1	2220.099	881244.47
90.5415775667379	100.0	5545.426	2243.828	897242.91
