0.00100999919200065	0.0181799854560116	8.837	0.939	383.11
0.00164999868000106	0.029699976240019	19.1	1.003	561.3
0.00209999832000134	0.0377999697600242	17.211	1.056	986.98
0.00331999734400212	0.059399952480038	37.627	1.242	1316.47
0.0045299963760029	0.0811799350560519	36.936	1.367	1578.53
0.00674999460000432	0.121319902944078	56.684	1.523	2341.16
0.00887999289600568	0.159299872560102	98.052	1.78	3703.21
0.0183499853200117	0.32849973720021	152.038	2.828	7688.72
0.021899982480014	0.39131968694425	170.036	3.606	8213.89
0.0420699663440269	0.747719401824478	359.966	5.397	15010.94
0.0590299527760378	1.04471916422467	496.831	6.844	20264.75
0.0927099258320593	1.63259869392104	785.271	10.778	34712.87
0.14030988775209	2.44835804131357	1199.862	15.085	46624.83
0.207229834216133	3.55067715945827	1681.4	22.544	67357.19
0.317859745712203	5.29937576049939	2233.594	34.439	101757.62
0.321649742680206	5.11937590449928	2092.248	33.539	105677.75
0.591339526928378	8.91593286725371	3282.933	55.853	171957.52
1.01601918718465	14.2509485992411	6105.605	125.103	352747.93
1.44129884696092	17.8041457566834	4533.401	182.113	458672.52
2.38313809348953	25.7819193744645	4869.366	255.7	563673.71
2.5054479956416	20.8704433036454	2650.765	204.618	588654.32
3.82705693835445	24.3367005306396	2670.119	255.889	669258.01
6.70095463923629	31.176515058788	3016.075	338.978	737771.72
9.92269206184635	33.6961530430776	5261.089	372.229	731638.84
18.1895354483716	54.3113565509148	5101.747	623.19	736379.89
26.4370188503849	55.2642757885794	4171.053	668.898	754378.67
37.1369402904478	70.9026632778694	5339.525	820.913	777876.74
47.2813521749183	82.9945136043891	7672.445	1001.447	800542.37
57.1737742609806	91.4006868794505	6348.294	1115.244	822435.8
66.5929467256426	95.6450834839332	6000.566	2290.183	843044.21
74.2468306025355	96.4079228736617	6016.325	2283.194	861489.29
84.0825827339338	99.986320010944	5550.212	2212.904	882834.53
90.59838752129	99.999820000144	6532.856	2243.342	897268.78
