0.00102999917600066	0.0185399851680119	8.673	0.954	430.68
0.00177999857600114	0.0320399743680205	14.81	1.036	742.92
0.00190999847200122	0.0341999726400219	16.152	1.03	829.61
0.00407999673600261	0.073439941248047	36.367	1.25	1449.58
0.00604999516000387	0.10871991302407	52.541	1.679	2337.29
0.00799999360000512	0.143279885376092	64.722	1.664	3253.3
0.0136999890400088	0.245699803440157	117.79	2.276	4950.17
0.0185499851600119	0.332279734176213	165.902	2.923	6800.2
0.0282699773840181	0.505619595504324	238.71	3.954	9759.78
0.0422799661760271	0.753659397072482	363.628	5.396	14675.38
0.0628599497120402	1.11419910864071	488.054	7.917	24567.25
0.0805199355840515	1.3998588801129	694.254	9.223	28466.05
0.0939599248320601	1.65077867937706	783.67	11.006	31917.99
0.211559830752135	3.62033710373032	1569.637	23.481	75274.15
0.232759813792149	3.84659692272246	1658.625	25.036	84201.61
0.435949651240279	6.98399441280447	2880.225	43.779	133783.62
0.679799456160435	10.3287517369986	3674.501	67.567	182577.62
0.925459259632592	12.8098697521042	4068.897	116.032	346024.87
1.59889872088102	20.2022838381729	5452.804	195.822	456497.12
1.66090867127306	17.229946216043	2937.846	149.698	500455.31
3.5871171303063	32.0639143488685	4875.303	326.632	647302.89
4.03490677207458	25.5101195919043	2785.99	265.99	679646.63
8.06778354577316	42.7128858296913	4835.849	457.031	741082.56
10.2006218395025	34.6406122875102	3062.582	382.267	729509.58
18.2079854336117	54.5129563896349	5238.941	622.625	736527.4
27.3012081590335	63.5574091540727	5598.906	723.872	756232.12
37.3022501581999	73.6136411090871	6298.677	860.818	778447.15
47.2128922296862	81.8781544974764	6132.554	976.997	800406.43
54.9771960182432	79.4312364550108	5616.489	973.819	817397.37
64.9320780543376	89.2716485826811	6174.066	1120.444	839706.88
74.6685602651518	97.2697621841903	5877.548	2290.069	861109.5
83.9097028722377	99.968320025344	5476.678	2245.91	882556.45
90.573007541594	99.999820000144	5681	2257.186	897251.75
