0.00099999920000064	0.0179999856000115	8.883	0.94	402.94
0.00157999873600101	0.0284399772480182	17.583	0.961	731.09
0.00309999752000198	0.0557999553600357	24.942	1.313	1202.86
0.00339999728000218	0.0610199511840391	32.259	1.229	1304.72
0.00583999532800374	0.104939916048067	45.603	1.735	2248.05
0.00882999293600565	0.158939872848102	68.441	1.778	3730.09
0.00973999220800623	0.174599860320112	84.001	2.237	3883.56
0.0163199869440104	0.292499766000187	122.9	2.566	6044.31
0.0166699866640107	0.299159760672191	130.279	2.451	6758.7
0.0402599677920258	0.71891942486446	379.163	5.286	15703.01
0.0628799496960402	1.11203911036871	515.434	7.491	24567.25
0.0888899288880569	1.563838748929	689.53	10.903	30428.79
0.138709889032089	2.41127807097754	1135.424	16.325	50605.51
0.147289882168094	2.50901799278561	1239.036	16.475	51187.65
0.246899802480158	4.08779672976262	1752.359	27.362	76473.62
0.454559636352291	7.29359416512467	2953.472	46.567	130945.68
0.712779429776456	10.877571297943	4036.724	71.047	194947.39
1.03981916814467	14.6066283146973	4477.958	128.425	368989.53
1.49253880596896	18.5291851766519	4684.261	183.775	436348.47
2.29950816039347	24.5624203500637	4406.159	249.882	545128.79
3.5920871263303	32.0790343367725	4777.365	322.662	650856.76
5.38229569416344	37.6264498988401	4734.251	391.753	713854.74
7.84483372413302	39.3351885318492	4513.705	427.163	741098.65
11.5526707578634	41.4696268242985	3356.464	466.619	722105.97
17.3455361235711	46.0500831599335	3718.793	525.424	734883.03
27.2469882024094	62.443030045576	5205.692	717.419	756651.85
37.3095701523439	73.6312810949751	6118.9	863.088	778890.91
46.2656929874456	74.2431006055195	5235.158	897.945	797800.66
56.7020846383323	86.9345304523756	6050.189	1052.723	821244.05
66.6643566685147	96.0727631417895	6151.122	2291.563	843360.78
75.4085396731683	98.5976211219031	5562.805	2228.985	862398.87
83.0733035413572	99.7697801841759	5562.574	2224.448	880777.84
90.597807521754	99.999820000144	5385.172	2219.982	897267.15
