0.00100999919200065	0.0181799854560116	8.98	1.113	430.68
0.00142999885600092	0.0257399794080165	16.995	1.384	687.7
0.00219999824000141	0.0395999683200253	19.059	1.222	884.73
0.0032799973760021	0.0588599529120377	28.269	1.379	1132.27
0.00588999528800377	0.105659915472068	49.821	1.641	2511.68
0.00621999502400398	0.111419910864071	48.947	1.677	2453.58
0.00839999328000538	0.150659879472096	83.82	1.817	3526.49
0.0136199891040087	0.242639805888155	106.78	2.532	5113.93
0.0259899792080166	0.465299627760298	234.959	3.69	10977.34
0.0416899666480267	0.743219405424476	355.691	6.588	15317.31
0.0608199513440389	1.07693913844869	504.795	7.261	21312.7
0.0651699478640417	1.13939908848073	534.547	7.869	29227.11
0.111009911192071	1.92311846150523	874.485	12.566	38585.3
0.193859844912124	3.30461735630611	1479.479	22.104	65859.05
0.276599778720177	4.43267645385884	1833.066	27.859	87125
0.283259773392181	4.70249623800301	2048.025	29.8	85994.06
0.711599430720455	10.880451295639	4079.453	73.509	286621.31
0.894479284416572	11.1826710538632	2832.217	75.245	325539.31
0.934149252680598	12.9407296474163	4100.478	122.223	332235.33
2.38860808911353	25.8818192945446	4756.887	258.612	567899.27
3.00482759613792	24.945820043344	3185.909	258.914	618868.34
4.89333608533113	31.5388547689162	3035.309	336.451	708025.75
7.11395430883655	33.3957332834134	3027.324	364.306	739564.57
11.2633509893192	39.4889084088733	3295.563	443.684	721607.42
18.1093655125076	52.9156376674899	4529.08	609.97	736244.31
27.2504781996174	62.49865000108	5249.943	753.274	756630.27
37.2973601621119	73.2792013766389	6199.075	909.038	778294.01
44.0979247216602	67.232646213883	4834.232	876.152	793402.38
56.300894959284	84.448552441158	6092.121	1123.991	820209.14
65.8394973284021	92.146786282571	6264.259	2358.524	841193.08
74.0826407338874	96.2174830260136	6036.815	2366.789	859636.07
84.0242727805818	99.980560015552	5537.054	2313.588	882928.49
90.589397528482	99.999820000144	6325.76	2342.613	897261.1
