0.000579999536000371	0.0104399916480067	6.395	1.251	283.85
0.00183999852800118	0.0331199735040212	40.999	1.71	715.32
0.00212999829600136	0.0383399693280245	18.164	1.755	1026.27
0.00313999748800201	0.0565199547840362	44.457	1.967	1359.53
0.0039099968720025	0.0701999438400449	32.51	2.51	1328.21
0.00511999590400328	0.092159926272059	44.233	2.202	1968.28
0.0127099898320081	0.228599817120146	167.848	3.873	5361.17
0.018789984968012	0.336419730864215	167.64	4.67	6800.2
0.0188399849280121	0.336779730576216	148.168	5.195	7467.02
0.0246899802480158	0.439559648352281	229.724	5.489	8898.67
0.0588699529040377	1.03697917041666	451.175	9.596	19522.57
0.0629299496560403	1.11581910734471	550.244	10.241	23015.22
0.143269885384092	2.4969580024336	1157.425	19.462	46186.84
0.161379870896103	2.70107783913773	1103.556	20.422	59006.1
0.206459834832132	3.53339717328226	1666.066	25.451	73067.73
0.409389672488262	6.55199475840419	2715.686	47.004	134821.13
0.604919516064387	8.46683322653342	2945.6	59.588	172684.77
0.70363943708845	10.7204314236549	4097.531	77.77	282304.03
0.857869313704549	10.8084513532389	2910.025	79.39	321926.4
1.8689985048012	19.2866245707003	3122.486	201.903	488716.97
3.5896171283063	32.0540143567885	4945.187	328.851	640954.51
5.38614569108345	37.525109979912	4575.299	406.371	717806.51
8.07227354218117	42.5964259228593	4723.806	480.12	741087.43
12.1318802944958	48.0101015919187	5191.448	553.044	723331.82
18.2056954354437	54.5154763876189	5114.993	645.672	736549.29
27.1043483165213	60.6714714628228	4709.815	745.618	756111.51
37.3103701517039	73.6255210995831	6291.624	927.886	778850.98
44.3848144921484	67.9170056663955	5052.356	901.021	793981.7
57.1736742610606	91.4003268797385	6608.733	1179.778	822435.77
66.2865169707864	94.0756647394682	6211.797	1242.93	842287.95
75.7579793936165	99.2404006076795	5825.959	1343.617	863350.34
83.6942330446136	99.931780054576	5771.992	1419.849	881622.96
90.587597529922	100.0	5826.127	1433.248	897260.76
