0.00101999918400065	0.0183599853120118	8.975	1.108	430.68
0.00177999857600114	0.0318599745120204	15.537	1.169	616.63
0.00191999846400123	0.0345599723520221	15.656	1.224	671.91
0.00388999688800249	0.0698399441280447	30.853	1.365	1683.9
0.00419999664000269	0.0754199396640483	35.76	1.477	2030.51
0.00784999372000502	0.14021988782409	65.279	1.777	3253.3
0.0129099896720083	0.231659814672148	105.772	2.488	5026.36
0.0189199848640121	0.338219729424216	141.273	3.244	7241.31
0.0280299775760179	0.50039959968032	263.859	4.063	11195.94
0.0423799660960271	0.756359394912484	359.44	5.677	16563.86
0.0622799501760399	1.10357911713671	537.986	7.632	23504.86
0.0912199270240584	1.58831872934502	793.08	10.91	35197.09
0.0915299267760586	1.61063871148903	748.501	10.581	32340.11
0.209729832216134	3.58451713238629	1576.215	23.135	68222.94
0.29661976270419	4.92713605829115	2011.74	32.749	89613.71
0.4691796246563	7.55333395733283	3012.941	48.353	150372.41
0.709939432048454	10.863531309175	4065.247	80.161	273352.53
1.02388918088866	14.3638085089532	4436.308	129.17	343061.52
1.59346872522502	20.1306438954849	5253.671	195.08	472208.82
2.38974808820153	26.0774791380167	4866.542	256.971	550127.56
2.99977760017792	24.9056800754559	2944.296	258.647	618641.57
3.48550721159423	22.5872819301745	2382.788	225.8	654421.66
8.07363354109317	42.6693258645393	4768.364	471.973	741095.85
12.0106903914477	45.9260632591494	4205.713	508.618	723331.8
17.9113856708915	50.5093995924803	3894.243	589.139	735622.95
27.2997881601695	63.2631093895125	5484.341	840.274	756305.95
37.3028701577039	73.393861284911	6236.111	902.834	778157.52
47.2880921695263	83.1836934530452	6424.627	1062.215	800671.36
54.2118666305067	77.4636580290736	5398.995	1021.852	815259.57
66.1072471142023	93.2456854034517	6198.906	2358.308	841999.91
75.7506693994645	99.2263606189115	5739.489	2309.348	863319.88
83.7948829640936	99.948340041328	5425.821	2307.145	882019.35
90.597027522378	99.999820000144	5526.552	2332.442	897270.07
