0.000969999224000621	0.0174599860320112	8.948	1.307	363.27
0.00192999845600124	0.0347399722080222	16.3	1.343	742.92
0.00236999810400152	0.0426599658720273	20.426	1.496	1100.87
0.00427999657600274	0.0770399383680493	36.305	2.124	1555.09
0.00643999484800412	0.115919907264074	53.289	2.484	2217
0.00877999297600562	0.157679873856101	113.854	2.91	3418.81
0.0108099913520069	0.193679845056124	118.954	3.359	4186.26
0.012529989976008	0.224459820432144	109.438	3.892	5113.93
0.0158199873440101	0.282959773632181	149.194	4.634	5991.28
0.0292299766160187	0.518759584992332	241.572	6.884	11069.87
0.0611599510720391	1.08467913225669	536.338	9.65	21773.23
0.0809199352640518	1.42235886211291	777.956	11.705	31442.87
0.14129988696009	2.45645803483357	1132.282	19.257	47388.23
0.201239839008129	3.33809732952214	1448.996	23.884	60755.94
0.210429831656135	3.60125711899431	1930.629	26.203	74796.77
0.463849628920297	7.46927402458078	2967.656	51.829	151802.94
0.610629511496391	9.19547264362189	3328.368	65.737	185221.93
1.03728917016866	14.6138283089374	4613.834	134.647	363369.66
1.57632873893701	19.8005241595807	4939.202	197.73	478869.26
2.39661808270553	26.1480390815687	4911.052	266.76	561628.13
3.06887754489796	25.5300995759203	2958.432	268.131	622034.87
5.37462570029944	37.1388302889358	4534.629	394.4	718074.41
7.80357375714099	38.8144489484408	3427.82	416.217	741087.91
11.5906007275194	41.7403466077227	3549.896	475.75	722188.43
17.9081856734515	50.4805996155203	4190.02	597.379	735615.9
26.3286389370889	54.650836279331	4366.447	655.831	754147.36
37.3125501499599	73.483321213343	6256.981	879.47	778304.3
47.2793821764943	83.2067334346133	6683.835	1000.635	800558.35
57.1565942747246	91.1701070639143	6401.889	1111.769	822492.85
64.9171980662416	89.1377286898171	6121.38	1151.07	840782.68
75.6037295170164	98.9533008373593	5640.056	1251.509	862810.75
83.0657535473972	99.7667201866239	5642.45	1319.045	880767.45
90.569367544506	99.999820000144	5912.862	1339.034	897245.01
