0.00102999917600066	0.0185399851680119	11.201	1.146	391.04
0.00204999836000131	0.0368999704800236	16.266	1.388	750.81
0.0023499981200015	0.0422999661600271	23.392	1.774	884.73
0.00301999758400193	0.0543599565120348	26.383	1.601	1187.18
0.00585999531200375	0.105479915616068	47.912	2.258	2484.57
0.00602999517600386	0.108179913456069	63.089	2.288	2453.58
0.0128799896960082	0.230939815248148	101.826	3.626	4801.52
0.0190999847200122	0.342539725968219	187.705	4.873	7767.58
0.0201099839120129	0.35963971228823	178.873	4.757	9186.09
0.0416999666400267	0.744119404704476	382.523	7.369	16676.22
0.0419099664720268	0.745019403984477	386.475	7.722	16367.67
0.0869599304320557	1.52819877744098	715.917	12.332	29475.15
0.14061988750409	2.44439804448156	1243.382	17.925	46186.84
0.178099857520114	3.03821756942594	1361.965	23.167	60140.79
0.284269772584182	4.72319622144302	2048.385	32.27	104874.85
0.471969622424302	7.57673393861285	3063.638	52.423	141822.74
0.564829548136361	8.48663321069343	3135.782	60.379	161504.26
1.02344918124065	14.3609285112572	4473.094	134.1	343273.61
1.35733891412887	16.6325266939786	4057.957	150.206	434557.47
2.39096808722553	26.0961991230407	4967.98	263.213	569479.31
3.57488714009029	31.5701747438602	4402.53	330.071	655223.28
5.13940588847529	34.0683927452858	3430.069	345.56	709486.53
8.06783354573316	42.2997861601711	4405.641	456.446	741036.5
12.1155403075678	47.8587217130226	4923.492	537.904	723034.27
17.4519660384272	46.7267026186379	3810.363	537.49	735186.53
23.460841231327	45.7365234107813	3703.553	558.487	748268.3
33.5163831868934	55.9135352691718	4287.423	683.906	769874.31
47.0570323543741	80.0353159717472	5744.76	973.818	799657.44
57.1635142691886	91.2151070279144	6535.577	1106.223	822499.03
66.7572165942267	96.4223228621417	6055.84	1209.552	844488.46
73.6544910764071	95.4762436190051	6191.702	1319.153	858555.86
83.9664828268137	99.974440020448	5653.264	1325.899	882710.01
90.559157552674	100.0	5734.087	1323.556	897252.2
