0.000909999272000582	0.0163799868960105	8.436	1.125	430.68
0.00215999827200138	0.0388799688960249	18.174	1.482	782.34
0.00219999824000141	0.0395999683200253	20.958	1.607	884.73
0.0029699976240019	0.0534599572320342	46.417	1.62	1132.27
0.00599999520000384	0.107819913744069	45.861	2.347	2500.06
0.00742999405600476	0.133559893152085	80.072	2.656	2824.99
0.00896999282400574	0.161099871120103	69.529	2.871	3349.55
0.0132399894080085	0.236879810496152	106.226	3.952	5113.93
0.0173999860800111	0.309779752176198	165.767	4.226	6044.31
0.0410499671600263	0.723959420832463	333.844	7.646	13288.34
0.0416699666640267	0.743939404848476	346.477	7.634	14810.37
0.0934299252560598	1.64339868528105	811.02	12.846	32972.39
0.117999905600076	2.01977838417729	886.852	15.285	41549.35
0.141729886616091	2.46941802446558	1133.32	19.845	49280.5
0.3119097504722	5.22017582385934	2178.77	37.819	101757.62
0.470829623336301	7.57871393702885	3105.586	54.314	144675
0.711959430432456	10.889991288007	3986.281	76.833	287158.97
1.06674914660068	15.0389879688096	4876.394	136.891	356523.54
1.59513872388902	20.241343806925	5396.089	200.565	461438.04
2.39195808643353	26.0897191282247	4890.501	263.945	569970.89
3.06225755019396	25.4759196192643	2969.055	266.85	621710.68
4.3784564972348	27.6071179143057	2884.949	292.356	688879.75
7.12692429846056	33.4756532194774	3181.039	367.202	739641.59
11.4829508136393	40.9389872488102	3315.89	445.593	722040.14
16.3855668915465	41.8217065426348	3277.564	486.249	732849.2
25.3672997061602	50.6681594654724	3790.989	593.667	752382.3
37.3068701545039	73.5583811532951	6194.956	880.713	778351.48
47.2550721959422	82.5648539481168	6322.523	1003.427	800468.92
56.296194963044	84.426952458438	14384.78	1046.357	820194.69
65.8449973240021	92.0843263325389	6151.718	1159.412	842757.31
73.3217113426309	94.9295840563328	6051.544	1208.823	857796.37
83.3733633013094	99.8594201124639	5752.986	1292.285	880826.57
90.5354375716499	99.999640000288	5779.736	1338.007	897155.62
