0.00085999931200055	0.0154799876160099	7.864	1.274	351.37
0.00182999853600117	0.0329399736480211	46.752	1.544	778.4
0.00253999796800163	0.0455399635680291	19.769	1.926	916.2
0.00369999704000237	0.0665999467200426	30.756	2.075	1453.49
0.00584999532000374	0.105119915904067	63.847	3.039	2158.75
0.00834999332000534	0.150299879760096	72.756	2.895	2906.24
0.0132499894000085	0.236879810496152	111.672	3.645	5102.51
0.0185499851600119	0.332819733744213	162.653	4.759	7688.72
0.0237999809600152	0.423359661312271	219.452	5.491	9860.5
0.0318199745440204	0.567899545680363	279.086	6.46	11140.46
0.0467599625920299	0.830339335728531	469.276	8.378	16469.6
0.0648199481440415	1.13957908833673	534.177	9.986	24000.84
0.111219911024071	1.93121845502524	911.185	15.141	38585.3
0.209639832288134	3.5980171215863	1615.509	26.653	70775.26
0.309869752104198	4.93721605022716	1945.02	37.312	105677.75
0.311079751136199	5.20271583782733	2311.433	39.279	99478.93
0.68816944946444	9.54449236440611	2958.92	67.839	187595.4
0.709609432312454	10.862271310183	3944.484	75.459	189780.69
1.57103874316901	19.7146642282686	5100.91	196.408	480850.52
2.0299183760653	21.0767231386215	3511.884	211.44	532161.52
2.67038786368971	22.1043423165261	2814.682	228.578	596863.64
5.23358581313135	35.2794317764546	3958.372	370.771	717426.89
7.45599403520477	35.7053114357509	3294.248	411.048	740546.64
12.1330002935998	48.0174815860147	5089.384	556.9	723346.62
18.0249755800195	51.8529185176652	4320.524	608.505	735753.81
27.3035081571935	63.3617493106006	5548.526	773.162	756273.7
37.3079801536159	73.5513611589111	6755.691	933.916	778360.73
44.7940941647247	68.9581248335001	5072.211	898.904	795003.98
54.1670966663227	77.3610581111535	5623.947	1068.852	815147.77
63.8273889380889	86.5835307331754	6009.725	1186.019	836840.73
73.9408908472873	95.8780032975974	6148.04	1316.944	860666.32
83.1427834857732	99.7930001655999	5676.205	1393.888	880899.08
90.580717535426	99.999820000144	5873.163	1446.689	897269.06
