0.000989999208000634	0.0178199857440114	8.967	1.121	371.21
0.00159999872000102	0.0287999769600184	17.343	1.001	660.07
0.00201999838400129	0.0361799710560232	16.037	1.027	1026.27
0.00373999700800239	0.0673199461440431	31.891	1.264	1328.21
0.00392999685600252	0.0707399434080453	31.653	1.22	1410.39
0.00885999291200567	0.159299872560102	78.164	1.757	4343.29
0.00897999281600575	0.161459870832103	87.107	1.779	3453.43
0.0177099858320113	0.316979746416203	152.36	2.663	7530.92
0.028189977448018	0.504539596368323	247.596	3.937	10681.03
0.042239966208027	0.752579397936482	373.103	5.321	15703.01
0.0472099622320302	0.836459330832535	439.225	5.795	16469.6
0.0940199247840602	1.65563867548906	802.316	11.355	33786.78
0.14121988702409	2.45843803324957	1206.919	16.552	47641.96
0.197099842320126	3.36437730849815	1591.337	21.656	62411.44
0.229619816304147	3.81455694835444	1605.327	23.882	89309.25
0.424099660720271	6.79121456702835	2693.419	44.586	138103.21
0.431889654488276	6.51761478590817	2300.449	42.156	124270.18
1.00088919928864	13.989768808185	4295.366	119.896	340066.37
1.59571872342502	20.1823038541569	5337.022	192.357	444219.49
2.07361834110533	21.5652427478058	3576.465	207.553	532234.26
2.13333829332937	18.2644053884757	2490.796	186.96	527430.68
4.72160622271502	30.1031759174593	2952.37	320.163	706022.9
8.07226354218917	42.6360258911793	4646.69	457.695	741095.57
12.1057303154157	47.7820417743666	4687.837	533.056	722838.31
17.7168358265313	48.6746610602711	3757.625	552.717	735728.23
27.3024281580575	63.5482291614167	5587.596	726.65	756211.74
37.2881601694719	73.1033415173268	6218.378	871.641	778279.52
47.2347122122302	82.2694741844207	6308.348	994.593	800454.33
55.9595652323478	82.795613763509	5661.709	1024.068	819147.26
66.8264265388588	97.0573623541101	5804.062	2267.793	843496.55
75.8739393008486	99.4268804584956	5391.381	2230.691	863808.43
83.1452334838132	99.7937201650239	5430.112	2201.176	880905.52
90.599267520586	99.999820000144	5608.826	2231.79	897267.78
