0.0010999991200007	0.0197999841600127	22.856	1.15	379.14
0.00173999860800111	0.03131997494402	27.101	1.368	782.34
0.00303999756800195	0.054719956224035	24.015	1.638	1253.8
0.00306999754400196	0.0552599557920354	27.538	1.628	1108.72
0.00529999576000339	0.0953999236800611	41.054	2.126	1968.28
0.00605999515200388	0.10889991288007	50.273	2.858	2217
0.00678999456800435	0.121319902944078	54.133	2.746	2824.99
0.017189986248011	0.308519753184197	152.841	4.472	6040.52
0.0269399784480172	0.481499614800308	281.123	5.596	9528.99
0.0409299672560262	0.729539416368467	319.261	7.375	16418.45
0.0537799569760344	0.945179243856605	445.159	9.051	19357.42
0.0631699494640404	1.11797910561672	569.184	9.479	24379.9
0.139809888152089	2.43683805052956	1063.666	18.246	48559.65
0.185469851624119	3.15755747395402	1427.976	23.591	59813.87
0.309929752056198	5.17031586374731	2264.049	36.691	107599.35
0.409139672688262	6.54785476171619	2617.394	46.084	134821.13
0.6253394997284	9.41993246405403	3402.431	66.017	171184.96
0.920419263664589	11.4541108367113	2983.582	80.561	326037.44
1.06334914932068	15.0600479519616	4870.062	138.788	367456.23
2.19836824130541	23.0948815240948	3921.896	225.677	554404.89
3.33219733424213	28.3485373211701	3470.131	291.891	641853.86
3.88006689594648	24.6331602934718	2748.699	267.78	672166.96
7.91102367118106	40.0359279712576	3726.682	422.007	741074.93
12.1165403067678	47.9507016394387	4698.273	534.245	723050.52
16.7409266072587	43.1315654947476	3572.427	508.973	733438.45
27.2772481782015	62.9301096559123	5637.302	725.351	756248.65
37.0974603220317	70.4434836452131	5318.157	850.831	777870.13
47.0643023485581	80.0963359229313	5739.071	978.042	799704.9
57.0456143635085	89.8849080920735	6233.793	1095.027	822234.56
64.004438796449	86.9716104227117	5936.36	1081.411	837289.47
75.5954295236564	98.9381808494553	5846.668	1268.211	862785.45
83.0840635327492	99.7834601732319	5598.073	1291.647	880194.95
90.596627522698	99.999820000144	6793.631	1325.561	897270.22
