0.000819999344000525	0.0147599881920094	2.944	1.245	287.82
0.0012499990000008	0.0224999820000144	4.896	1.409	557.35
0.00196999842400126	0.0354599716320227	5.137	1.487	671.91
0.00260999791200167	0.04679996256003	6.764	1.452	1104.8
0.00558999552800358	0.100619919504064	12.321	2.128	2434.2
0.00785999371200503	0.14111988710409	16.38	3.101	3388.03
0.00824999340000528	0.147779881776095	16.796	2.694	3526.49
0.012429990056008	0.222119822304142	30.894	3.556	4132.66
0.0227899817680146	0.407339674128261	43.953	5.025	8213.89
0.0347499722000222	0.618659505072396	66.815	6.096	13123.2
0.0569799544160365	1.01105919115265	103.198	8.705	19278.37
0.0919599264320589	1.61765870587304	185.465	13.489	31917.99
0.118029905576076	2.02283838172929	190.09	14.802	41549.35
0.14062988749609	2.44979804016157	310.807	17.355	49008.51
0.282389774088181	4.70843623325101	484.065	31.368	104874.85
0.426579658736273	6.82397454082037	658.624	46.721	147909.89
0.707629433896453	10.8016113587109	960.747	75.592	192118.97
0.845939323248541	11.6521106783115	879.951	81.804	304051.61
1.59393872484902	20.0894239284609	1236.753	193.061	460392.25
2.39158808672953	26.0339191728647	1457	265.971	551466.89
3.58436713250629	31.8113745509004	1294.788	328.723	653086.55
5.23017581585935	35.2178718257025	1130.755	358.287	717199.46
6.00113519909184	28.09383752493	822.114	303	730080.92
12.0779603376317	46.874302500558	1476.673	516.054	723089.87
18.1353454917236	53.3456573234741	1727.688	613.877	736188
27.3110581511535	63.5388691689047	2091.072	727.179	756137.59
34.2183626253099	57.4672940261648	1753.867	710.407	771501.04
47.2687821849742	83.0195335843731	2706.835	1031.404	800315.36
56.1718350625319	83.7893929684856	2631.493	1043.698	819838.11
65.2038178369457	89.9272080582336	2810.989	1132.479	841459.91
75.7712693829845	99.2621805902555	2982.252	1284.464	863400.18
84.0815627347498	99.9865000108	3014.935	1303.842	883090.4
90.559317552546	100.0	3071.806	1329.752	897252.24
