0.00105999915200068	0.0190799847360122	3.464	0.938	351.37
0.00197999841600127	0.0354599716320227	6.431	1.073	715.32
0.00282999773600181	0.0509399592480326	8.211	1.129	1030.2
0.00350999719200225	0.0631799494560404	8.022	1.217	1453.49
0.00399999680000256	0.0719999424000461	8.842	1.224	1648.79
0.00831999334400533	0.149759880192096	17.12	1.621	3222.48
0.0126899898480081	0.227879817696146	25.656	2.041	4690.9
0.0192299846160123	0.345059723952221	58.933	2.887	6800.2
0.0230999815200148	0.411299670960263	61.101	2.963	8898.67
0.0279299776560179	0.499139600688319	53.462	3.478	10769.96
0.0616099507120394	1.0889991288007	137.273	6.854	20816.19
0.0940699247440602	1.65473867620906	194.149	10.648	31917.99
0.139469888424089	2.42747805801755	270.777	14.978	52223.03
0.210009831992134	3.5881171295063	342.105	22.264	70141.4
0.315409747672202	5.27633577893138	582.643	34.206	106786.61
0.451439638848289	7.24049420760463	727.841	46.113	139630.44
0.625779499376401	9.42569245944603	825.292	61.862	171184.96
1.05087915929667	14.7677281858175	1142.445	131.779	381044.11
1.0986391210887	13.4456292434966	893.249	122.834	393466.96
2.27617817905746	24.2287006170395	1160.759	237.84	545016.66
2.9725776219379	24.6427002858398	876.614	255.06	615145.74
5.38387569289945	37.6014299188561	1313.295	389.685	712551.45
7.0360343711725	32.9318736545011	931.559	351.154	739150.54
12.1069603144317	47.6232819013745	1587.734	526.437	722789.91
17.5100359919712	47.1005623195501	1359.934	526.742	735299.23
27.3045481563615	63.5507491594007	2030.225	734.036	756280.92
35.6908314473348	61.7761305790955	1895.861	740.229	774831.02
46.5763327389338	76.0177191858246	2375.699	913.563	798552.86
56.8997044802364	88.4830692135446	2755.203	1106.842	821694.34
63.8673389061289	86.6738906608875	2704.915	1099.278	836950.43
73.8716809026553	95.7629833896133	2942.609	1607.816	860488.22
83.0021835982531	99.7589801928158	3010.56	1630.411	880029.09
90.55693755445	100.0	3050.133	1624.101	897251.68
