0.00103999916800067	0.018719985024012	4.632	1.178	430.68
0.00169999864000109	0.0305999755200196	4.88	1.191	738.98
0.0028199977440018	0.0507599593920325	8.191	1.279	1065.54
0.00378999696800243	0.0682199454240437	8.44	1.366	1648.79
0.00395999683200253	0.0712799429760456	9.618	1.391	1449.58
0.00855999315200548	0.153359877312098	17.388	1.728	3222.48
0.0126799898560081	0.227699817840146	26.632	2.134	4900.64
0.0185099851920118	0.331919734464212	50.371	2.813	6690.78
0.0200999839200129	0.35909971272023	37.412	3.124	9186.09
0.0416199667040266	0.742499406000475	74.63	5.364	16549.36
0.0477899617680306	0.845459323632541	91.19	5.882	20078.49
0.0904099276720579	1.59137872689702	214.413	10.667	34272.2
0.14107988713609	2.45465803627357	263.296	15.145	51867.18
0.211419830864135	3.62933709653032	422.377	23.623	74796.77
0.300959759232193	5.01569598744321	547.479	33.808	98732.11
0.363279709376232	5.75657539473968	519.71	38.624	106233
0.681029455176436	10.3550317159746	898.58	70.43	183863.79
0.910979271216583	12.6052099158321	969.438	118.602	341740.84
1.59472872421702	20.236483810813	1321.864	196.139	470910.27
2.39155808675353	26.0398591681127	1290.034	263.039	568262.9
2.91322766941786	24.1208807032954	984.069	258.228	604425.19
4.67518625985099	29.763336189331	874.263	330.216	704277.08
8.07089354328517	42.6218059025553	1417.51	462.925	741098.56
8.75709299432561	30.2810157751874	881.426	351.308	739180.22
17.7143258285393	48.6608010713591	1470.051	578.972	735726.46
24.7789501768399	48.9115408707673	1495.238	607.223	751323.47
37.3106101515119	73.6291210967031	2478.779	900.347	778963.93
47.0335423731661	79.759196192643	2536.922	1011.604	799535.14
57.1034943172045	90.5476675618659	2934.693	1183.397	822175.5
66.1854870516104	93.5918251265399	2978.045	1502.413	842128.79
74.5960703231437	97.1396222883022	3021.998	1592.652	860932.65
82.9893336085331	99.7553801956958	3081.376	1654.607	880003.81
90.575467539626	99.999820000144	3153.229	1724.823	897254.47
