0.000809999352000518	0.0145799883360093	3.485	1.219	430.68
0.0018699985040012	0.0336599730720215	5.27	1.496	742.92
0.00225999819200145	0.0404999676000259	6.752	1.666	1100.87
0.00331999734400212	0.059399952480038	21.448	1.956	1316.47
0.00403999676800259	0.0725399419680464	9.185	1.947	1508.22
0.00870999303200557	0.1564198748641	19.307	2.804	3730.09
0.0104899916080067	0.188639849088121	29.078	3.234	4102
0.0131199895040084	0.235979811216151	29.005	3.996	5026.36
0.0256099795120164	0.457379634096293	48.509	5.671	10977.34
0.0419999664000269	0.747539401968478	125.112	7.842	14445.37
0.0622999501600399	1.10357911713671	127.254	10.05	23015.22
0.0920699263440589	1.62719869824104	168.094	13.585	35951.99
0.131899894480084	2.29193816644947	281.588	17.337	45028.94
0.198169841464127	3.38471729222617	345.995	24.513	62411.44
0.272639781888175	4.5379763696189	435.099	32.601	95176.15
0.473459621232303	7.62731389814888	823.177	54.184	146276.49
0.711699430640455	10.859211312631	942.734	80.036	189491.08
0.901879278496577	12.449510040392	7659.834	123.331	335205.76
1.566148747081	19.6536442770846	1215.524	197.062	478559.96
1.75582859533712	18.0833255333396	923.846	189.973	504229.42
3.57394714084229	31.5489347608522	1265.633	333.252	655545.35
5.17136586290731	34.5140723887421	1081.111	359.961	711951.83
7.9656436274851	40.7035474371621	1264.925	447.379	740960.39
12.0062003950397	45.8898832880934	1417.941	514.277	723314.48
18.0922155262276	52.6571578742737	1736.86	626.766	736186.05
27.3095881523295	63.5230291815767	2172.235	787.355	756274.27
37.2035702371438	71.7184226252619	2372.368	922.382	778062.45
44.7731741814607	68.8983648813081	2223.77	891.16	794956.21
57.1634042692766	91.2152870277704	2981.864	1185.502	822499.01
66.8786764970588	97.4436420450864	3066.297	1265.997	843602.4
75.02189998248	97.8169617464306	3074.413	1357.819	863189.24
84.0568927544858	99.982720013824	3144.211	1425.919	882830.63
90.5310275751779	99.999640000288	3126.003	1420.74	897141.36
