0.00107999913600069	0.0194399844480124	4.056	1.111	426.72
0.00206999834400132	0.0372599701920238	6.495	1.335	798.1
0.00286999770400184	0.0516599586720331	6.968	1.44	1065.54
0.00377999697600242	0.0680399455680435	8.54	1.352	1633.18
0.00525999579200337	0.0943199245440604	11.54	1.658	1960.5
0.00888999288800569	0.159839872128102	33.301	1.821	3453.43
0.0110499911600071	0.197639841888126	23.396	2.441	4102
0.0127599897920082	0.229499816400147	24.89	2.317	5361.17
0.0283799772960182	0.506519594784324	56.339	3.726	11280.99
0.0337999729600216	0.603179517456386	69.037	4.137	12174.14
0.0626199499040401	1.11347910921671	120.707	7.197	24379.9
0.0769799384160493	1.35305891755287	164.52	9.418	28354.18
0.138649889080089	2.41181807054554	243.998	15.228	49280.5
0.194049844760124	3.21821742542606	327.984	20.881	60755.94
0.210289831768135	3.5931571254743	396.578	22.915	66792.16
0.278789776968178	4.46741642606686	450.326	27.992	87308.5
0.708759432992454	10.8394113284709	924.192	71.278	190114.41
1.06562914749668	15.0427679657856	1188.368	133.595	352176.36
1.557108754313	19.5816443346845	1231.564	190.311	464137.47
2.38825808939353	26.0724391420487	1270.494	274.245	550257.36
3.5889671288263	32.0554543556365	1264.069	325.907	645112.87
5.04716596226723	33.0942335246132	994.59	342.841	710957.74
7.00349439720448	32.735133811893	961.36	356.587	738976.65
12.1179803056158	47.9393616485107	1612.543	546.915	723064.12
17.9284156572675	50.7241394206885	1550.43	592.882	735672.17
26.639598688321	56.5676547458762	1744.026	695.941	754749.43
37.2991501606799	73.3357213314229	2498.678	911.003	778206.26
47.2337822129742	82.4633340293328	2761.146	1036.581	800899.14
54.5666063467149	78.3215373427701	2565.715	1033.929	816268.94
65.7754273796581	91.8298065361548	2975.813	1499.713	842633.24
75.1346698922641	98.0216215827027	3054.945	1618.813	863375.19
84.0720227423818	99.985420011664	3136.853	1752.897	883067.41
90.581007535194	100.0	3157.735	1747.838	897259.92
