0.000959999232000614	0.0172799861760111	3.303	0.933	426.72
0.00158999872800102	0.0284399772480182	4.434	0.98	770.52
0.00271999782400174	0.0489599608320313	6.731	1.142	983.05
0.00412999669600264	0.0743399405280476	9.28	1.255	1473.04
0.00653999476800419	0.117359906112075	13.571	1.547	2248.05
0.00707999433600453	0.127079898336081	16.343	1.552	2824.99
0.00814999348000522	0.146339882928094	17.831	1.52	3145.42
0.0194499844400124	0.348479721216223	59.357	3.236	7169.78
0.0276899778480177	0.494279604576316	51.89	3.392	11195.94
0.0414199668640265	0.737819409744472	77.101	4.871	15317.31
0.0632499494000405	1.11977910417672	126.205	7.174	22140.14
0.0945599243520605	1.66535866771307	209.593	11.088	35568.15
0.13991988806409	2.43413805268956	269.507	17.069	48559.65
0.210929831256135	3.61637710689831	370.05	23.067	74796.77
0.286879770496184	4.77521617982706	510.548	32.665	103070.6
0.473499621200303	7.62983389613288	810.335	48.486	137705.24
0.481739614608308	7.24931420054864	593.1	49.947	148993.84
1.05667915465668	14.9063280749375	1107.133	125.843	359307.57
1.58182873453701	19.8966440826847	1257.34	191.651	468460.8
2.25591819526544	23.8888608889113	1155	246.815	542168.85
3.29273736581011	27.8767576985938	1038.419	276.822	638804.26
4.14999668000266	26.1876390498888	839.788	265.321	683576.08
8.06964354428516	42.3824060940751	1406.47	455.248	741040.91
12.1057103154317	47.7026618378705	1587.122	533.802	722676.71
18.1943354445316	54.4281764574588	1810.188	608.716	736534.5
25.2546997962402	50.3016797586562	1527.58	593.382	752188.8
37.3025101579919	73.6136411090871	2428.914	865.17	778505.13
46.1909830472136	73.8816608946713	2284.037	897.557	797642.42
57.1703842636926	91.3252669397864	2870.521	1125.537	822481.87
66.6725466619627	95.8789032968774	2961.925	1537.475	844158.84
76.0391191687047	99.6886002491198	2963.925	1526.243	864686.96
84.1152127078298	99.989740008208	3013.332	1572.876	882834.36
90.582707533834	99.999820000144	3069.571	1649.003	897275.79
