0.00104999916000067	0.0188999848800121	3.93	1.293	402.94
0.00200999839200129	0.0361799710560232	5.224	1.368	790.22
0.00299999760000192	0.0539999568000346	7.129	1.56	1359.53
0.00302999757600194	0.0545399563680349	7.617	1.675	1179.33
0.00565999547200362	0.101699918640065	12.197	2.211	2434.2
0.00851999318400545	0.152819877744098	17.822	2.754	3041.31
0.0128499897200082	0.230939815248148	25.272	3.389	4618.38
0.0189799848160121	0.340199727840218	38.572	4.624	7681.21
0.0255399795680163	0.456479634816292	57.418	5.442	9771.22
0.0414899668080266	0.738539409168473	79.882	8.96	14445.37
0.0604999516000387	1.07153914276869	120.309	9.878	22392.82
0.0768799384960492	1.35053891956886	139.999	11.012	26347.84
0.118859904912076	2.06243835004932	236.002	15.441	41475.05
0.173729861016111	2.9613576309139	312.513	21.748	56016.88
0.314099748720201	5.23133581493135	541.524	37.221	95709.7
0.450919639264289	7.23941420846863	647.314	50.009	139630.44
0.602549517960386	8.4455932435254	676.329	58.955	172627.58
0.709079432736454	10.8161913470469	989.186	74.766	190114.41
1.41914886468091	17.4670060263952	1148.461	159.809	433111.26
1.64824868140105	17.0974663220269	948.829	155.981	495210.49
3.56269714984228	22.9741016207187	825.369	242.153	657599.85
3.5874771300183	32.0615743507405	1312.308	338.242	643523.05
8.07401354078917	42.5273059781552	1395.442	460.203	741096.66
12.0770403383677	46.865302507758	1518.488	504.273	723112.41
16.5587067530346	42.4459460432432	1257.155	506.604	733002.81
27.3050981559215	63.3846092923126	2079.137	732.495	756259.91
37.2378102097518	72.2008222393422	2313.27	874.271	778144.24
47.0370323703741	79.7941161647071	2550.103	981.926	799544.95
57.1947442442046	91.6402666877866	2901.998	1110.574	822482.99
66.1479070816743	93.4141652686678	2889.968	1171.17	842071.96
75.3116497506802	98.367401306079	2982.361	1252.324	863672.51
84.1033827172938	99.989020008784	3040.21	1315.372	883040.5
90.582627533898	99.999820000144	3066.937	1332.658	897275.66
