0.00103999916800067	0.018719985024012	10.13	0.934	426.72
0.00199999840000128	0.035999971200023	5.211	0.993	841.43
0.00316999746400203	0.0568799544960364	8.011	1.124	1179.33
0.00413999668800265	0.0743399405280476	9.155	1.195	1668.3
0.00598999520800383	0.107819913744069	12.32	1.403	2193.71
0.00829999336000531	0.149219880624095	17.502	1.655	3222.48
0.0126299898960081	0.226799818560145	25.176	1.982	5361.17
0.0182699853840117	0.32777973777621	35.843	2.463	6958.56
0.0240899807280154	0.429839656128275	58.354	3.222	8977.09
0.0260299791760167	0.465659627472298	67.536	3.249	8812.76
0.064089948728041	1.13507909193673	123.309	7.311	21858.78
0.0935799251360599	1.64735868211305	186.061	10.199	33286.97
0.131979894416084	2.29373816500947	294.677	14.094	45531.67
0.206499834800132	3.53429717256226	392.086	22.443	75512.23
0.239839808128154	3.96773682581054	392.895	24.708	74291.51
0.367659705872235	5.6190555047556	487.613	36.763	120465.93
0.392749685800251	6.27245498203601	591.656	41.045	122898.01
1.06268914984868	15.0627479498016	1240.468	132.206	361569.07
1.59493872404902	20.1657438674049	1317.98	195.687	458524.24
2.39276808578553	26.0837791329767	1355.374	260.412	547258.65
3.57463714029029	31.6011347190922	1264.963	320.824	654498.97
5.24917580065936	35.4480916415267	1184.245	358.745	717877.81
7.32719413824469	34.7615721907422	1040.064	368.526	740376.51
12.1064103148717	47.6652218678225	1565.125	539.19	722693.32
18.1959554432356	54.4481564414748	1843.736	609.558	736517.39
27.3028281577375	63.3284493372405	2015.901	749.881	756282.89
37.2993701605039	73.3488613209109	2430.085	867.782	778167.96
45.0754039396768	69.7558841952926	2144.65	842.129	795538.33
57.1547842761726	91.1337470930023	2957.144	1112.775	822467.88
64.5366583706733	88.1371094903124	2779.639	1108.132	839917.45
76.0212591829927	99.6524202780638	2938.027	1571.333	864736.79
84.0593827524938	99.984520012384	3065.209	1664.982	883040.5
90.556397554882	99.999820000144	3061.429	1579.157	897221.36
