0.00074999940000048	0.0134999892000086	3.1	1.372	228.16
0.00159999872000102	0.0287999769600184	5.712	1.331	561.3
0.0018699985040012	0.0336599730720215	5.318	1.339	884.73
0.003119997504002	0.0561599550720359	7.774	1.627	1253.8
0.00430999655200276	0.0775799379360497	16.866	1.991	1656.59
0.00628999496800403	0.112859909712072	14.204	2.32	3029.74
0.0128499897200082	0.230579815536148	34.278	3.491	4801.52
0.0188499849200121	0.337859729712216	37.275	4.324	7391.81
0.0270199783840173	0.482759613792309	51.829	6.511	10451.11
0.0271499782800174	0.48473961220831	67.946	5.812	11069.87
0.0357599713920229	0.635759491392407	76.711	7.842	13178.25
0.0846199323040542	1.48715881027295	173.558	11.884	34905.26
0.14022988781609	2.43863804908956	268.378	18.892	52117.62
0.209089832728134	3.57425714059429	371.268	25.676	68222.94
0.310249751800199	5.1627558697953	491.05	38.012	107769.77
0.443989644808284	7.09271432582854	690.096	49.861	133071.75
0.70351943718445	10.7116114307109	986.322	73.671	195258.98
1.06406914874468	15.0582479534016	1147.303	136.475	352061.99
1.39529888376089	17.136706290635	1049.159	149.683	434693.98
2.35985811211351	25.3671997062402	1356.1	261.819	576344.77
3.30333735733011	28.0167975865619	1128.311	286.904	639311.38
5.38411569270745	37.506209995032	1273.365	395.167	717952.61
6.69784464172429	31.1628350697319	896.504	345.084	737766.03
11.8716205027036	44.2646645882683	1385.24	493.974	722671.96
17.8581157135074	49.923320061344	1499.226	587.273	735574.3
26.608138713489	56.3496749202601	1711.446	676.977	754701.81
33.7378130097496	56.3712749029801	1682.797	691.547	770347.48
47.2755021795983	83.1561534750772	2699.302	1005.109	800629.53
54.8551561158751	79.0877967297626	2469.346	1005.443	817117
65.2167778265777	89.9687880249696	2852.15	1162.049	841489.25
76.0393491685207	99.6914802468158	2965.214	1254.794	864711.57
83.0973735221012	99.7867001706399	2984.742	1279.234	880220.96
90.59733752213	99.999820000144	3107.892	1331.52	897267.06
