0.00125999899200081	0.0226799818560145	4.116	1.233	410.86
0.00214999828000138	0.0386999690400248	6.452	1.329	742.92
0.00251999798400161	0.045359963712029	6.367	1.621	1226.37
0.00251999798400161	0.045359963712029	6.207	1.478	1104.8
0.00551999558400353	0.0993599205120636	11.598	2.077	2275.22
0.00847999321600543	0.151919878464097	16.911	2.596	3222.48
0.0129599896320083	0.232919813664149	29.947	3.824	5307.95
0.0192099846320123	0.344519724384221	39.685	4.363	7681.21
0.023499981200015	0.420299663760269	44.562	5.195	8213.89
0.0417699665840267	0.745559403552477	118.711	7.138	16734.19
0.0552499558000354	0.978839216928626	111.862	8.557	21512.53
0.0940099247920602	1.65941867246506	186.809	13.037	35599
0.11010991191207	1.90403847676922	281.751	14.339	35396.1
0.210659831472135	3.61097711121831	360.248	26.112	67408.17
0.315299747760202	5.25635579491536	523.119	38.58	97698.66
0.470359623712301	7.57943393645285	1056.75	52.221	136662.17
0.600719519424385	9.03617277106178	896.784	63.823	178787.56
0.958009233592613	13.3082893533685	1010.36	125.985	369683.64
1.49931880054496	18.6393450885239	1155.092	186.438	435318.74
2.12301830158536	22.1801222559022	1087.223	227.625	541555.3
3.57571713942629	31.6400146879882	1267.316	325.855	654636.59
5.29070576743539	35.969551224359	1148.74	386.259	719643.1
7.6629838696129	37.486230011016	1095.805	413.778	741029.74
11.2446310042952	39.3857684913852	1203.214	445.027	721551.68
18.1280954975236	53.2461174031061	1794.556	605.304	736205.36
27.2954981636015	63.2082094334325	2047.194	730.29	756314.78
37.1587902729678	71.2149630280296	2188.789	858.998	777940.13
45.6960234431812	71.802842557726	2219.432	930.835	796562.34
57.1554242756606	91.2673069861544	2824.875	1098.492	822369.04
66.2749669800264	93.8702849037721	2994.998	1176.665	843530.59
74.3477705217836	96.6883626493099	2953.679	1188.599	860334.01
83.6920630463496	99.930880055296	2995.446	1293.638	881613.37
90.599067520746	99.999820000144	3018.52	1311.282	897267.5
