0.00049999960000032	0.00899999280000576	2.42	0.997	228.16
0.00200999839200129	0.0361799710560232	5.632	1.042	809.92
0.00253999796800163	0.0457199634240293	6.032	1.081	892.6
0.0029699976240019	0.0534599572320342	6.957	1.113	1179.33
0.00545999563200349	0.0982799213760629	19.097	1.376	2294.62
0.00799999360000512	0.143279885376092	17.791	1.662	2906.24
0.0116399906880074	0.209159832672134	26.22	1.946	4163.29
0.0185699851440119	0.332819733744213	63.482	2.635	6800.2
0.0282299774160181	0.505799595360324	89.458	3.579	10012.96
0.040609967512026	0.724139420688463	78.213	4.975	16549.36
0.0481299614960308	0.852839317728546	102.708	6.063	16469.6
0.0924799260160592	1.62683869852904	164.56	10.356	31148.12
0.142199886240091	2.48039801568159	269.188	16.41	50274.8
0.208139833488133	3.56291714966628	375.068	22.344	69506.74
0.307539753968197	5.13557589153929	565.481	33.513	106123.98
0.454439636448291	7.29179416656467	696.109	46.56	132396.57
0.458709633032294	6.90947447242042	680.257	45.347	134882.53
0.753469397224482	10.3881516894786	769.101	68.877	316757.48
1.36818890544888	16.7851665718667	1025.052	145.073	438377.07
1.60750871399303	16.7147866281707	875.936	145.331	474901.75
3.5911571270743	32.0689543448365	1848.866	324.671	651942.58
5.03701597038722	32.9959536032371	985.473	337.569	711134.8
7.30348415721267	34.5943523245181	1026.107	373.29	740343.16
12.0860803311357	47.0472823621741	1548.442	501.493	722919.59
17.9280556575555	50.7176594258725	1508.832	568.587	735671.77
26.6890286487771	56.9481744414604	1676.296	677.646	754902.49
37.1173703061038	70.6593034725572	2216.368	836.441	777869.58
47.2808221753423	83.0216935826451	2703.981	990.316	800551.02
56.8478145217484	87.9373096501523	2722.701	1063.976	822403.83
63.3509693192245	85.5737315410148	2744.514	1066.277	835693.42
74.4381804494556	96.7355226115819	2959.599	1525.834	861964.46
84.1204427036458	99.989560008352	3068.808	1634.528	882834.31
90.598167521466	99.999820000144	3108.776	1629.32	897269.91
