0.000459999632000294	0.0082799933760053	5.023	1.226	232.14
0.00128999896800083	0.0232199814240149	4.142	1.338	450.49
0.0029699976240019	0.0534599572320342	7.459	1.742	1179.33
0.00393999684800252	0.0709199432640454	9.489	2.015	1473.04
0.00524999580000336	0.0944999244000605	11.615	2.347	2275.22
0.00721999422400462	0.129599896320083	14.541	2.595	2705.17
0.0117999905600076	0.211319830944135	23.189	3.747	4507.63
0.0151399878880097	0.271259782992174	30.126	3.874	5991.28
0.0188699849040121	0.337139730288216	39.603	4.527	6958.56
0.0394899684080253	0.701999438400449	79.089	7.192	13654.9
0.0626099499120401	1.11347910921671	136.043	9.85	24401.12
0.0880299295760563	1.55015875987299	188.128	12.981	29475.15
0.115749907400074	2.00843839324929	211.558	15.272	41475.05
0.207229834216133	3.55049715960227	394.092	26.639	71157.8
0.302499758000194	5.05709595432324	626.96	37.511	93486.49
0.446269642984286	7.15085427931658	773.76	50.126	131444.17
0.712499430000456	10.874871300103	907.711	74.323	194708.99
1.06195915043268	14.9563680349056	1176.204	140.392	368799.91
1.58217873425701	19.9402040478368	1388.949	199.799	464028.01
2.38070809543352	25.7198194241445	1434.247	276.954	559709.6
2.72207782233774	22.4935020051984	955.231	229.973	599604.56
3.37545729963416	22.0352223718221	734.43	227.547	645038.91
7.70597383522093	37.8813296949362	2232.713	419.392	741044.67
10.5485715611428	35.984671212263	1059.604	420.146	727941.14
17.9524756380195	50.9541792366566	1544.441	605	735696.2
27.3087781529775	63.5244691804247	2145.444	778.679	756273.46
37.1905602475518	71.5893627285098	2318.342	914.186	778038.03
47.2776421778863	83.1242935005652	2741.745	1093.426	800600.47
56.0189051848759	83.0620135503892	2667.081	1111.307	819346.98
63.6871790502568	86.2802309758152	2752.439	1176.876	836498.76
75.5755695395444	98.8409809272153	3095.06	1351.612	864301.7
84.0341727726618	99.981460014832	3078.034	1389.426	882967.82
90.593397525282	99.999820000144	3178.522	1428.191	897262.05
