0.000589999528000378	0.0106199915040068	2.646	0.9	283.85
0.00148999880800095	0.0268199785440172	4.214	0.984	687.7
0.0021799982560014	0.039059968752025	6.064	1.042	837.49
0.0037499970000024	0.0674999460000432	8.954	1.356	1668.3
0.00584999532000374	0.105119915904067	13.082	1.353	2511.68
0.00873999300800559	0.157139874288101	17.532	1.563	3557.24
0.0128099897520082	0.230219815824147	24.672	1.972	5342.16
0.018799984960012	0.336959730432216	48.433	2.773	6868.08
0.0259299792560166	0.462779629776296	55.662	3.334	9771.22
0.0420699663440269	0.75005939995248	86.822	5.371	14675.38
0.0618999504800396	1.0979991216007	144.983	6.721	22577.76
0.0943999244800604	1.66175867059306	199.313	10.671	31810.67
0.12557989953608	2.1833982532814	235.573	13.398	50879.8
0.208409833272133	3.57227714217829	364.141	22.117	67369.93
0.305789755368196	5.09957592033926	556.883	34.222	103112.11
0.4694996244003	7.57997393602085	732.359	47.509	136617.68
0.632219494224405	9.5246923802461	901.764	63.581	171184.96
1.04386916490467	14.6489282808574	1150.998	128.925	379575.26
1.19706904234477	14.5686483450813	953.067	129.98	396197.71
1.54163876668899	16.1366270906983	788.151	142.171	448578.87
2.24014820788143	19.0169847864122	745.067	188.003	540888.33
5.38011569590744	37.6253698997041	1297.959	386.218	715972.38
7.69388384489292	37.7646897882482	1113.294	405.928	741041.73
9.6912722469822	32.9421336462931	969.901	356.328	733333.88
18.0013655989075	51.493638805089	1523.883	583.074	735671.3
25.2442798045762	50.2681997854402	1525.458	596.866	752171.56
37.2870401703679	73.0763415389268	2364.177	854.698	778223.78
46.1413530869175	73.6599010720791	2300.714	897.933	797552.9
56.7178646257083	86.9296704562636	2739.996	1061.858	822296.61
66.2700469839624	93.8488649209081	2923.417	1478.141	843529.01
75.4807296154163	98.6658410673272	2979.042	1581.578	864044.62
83.3526533178773	99.8495201203839	3011.901	1624.079	881340.74
90.593777524978	99.999820000144	3024.639	1663.924	897262.09
