0.0010999991200007	0.0197999841600127	3.961	1.396	426.72
0.00128999896800083	0.0232199814240149	3.989	1.365	557.35
0.00244999804000157	0.0440999647200282	7.406	1.713	986.98
0.00369999704000237	0.0665999467200426	9.048	2.532	1539.47
0.00595999523200381	0.107099914320069	13.105	2.953	2275.22
0.00839999328000538	0.150479879616096	18.618	2.87	3222.48
0.0126799898560081	0.227699817840146	25.171	4.223	5342.16
0.0162399870080104	0.290339767728186	50.433	4.027	6758.7
0.0280099775920179	0.500759599392321	53.607	5.479	11203.34
0.0313399749280201	0.556919554464356	86.28	6.037	11140.46
0.0544299564560348	0.963719229024617	122.733	9.393	21512.53
0.0897099282320574	1.57931873654501	191.35	13.376	31148.12
0.106339914928068	1.84607852313718	210.745	15.078	35396.1
0.169789864168109	2.82995773603381	309.863	21.913	60266.96
0.177689857848114	3.03065757547394	334.192	23.321	60121.38
0.424139660688271	6.79481456414835	615.235	48.87	146164.48
0.603889516888386	9.07649273880581	829.113	63.078	180486.7
1.03392917285666	14.5427283658173	1172.503	136.3	356028.4
1.54591876326499	19.4101044719164	1329.725	194.134	450638.8
2.37525809979352	25.6548394761284	1305.931	266.174	562932.17
3.5900171279863	32.0496943602445	1351.283	329.473	642659.25
4.16911666470667	26.2947389642088	887.876	281.843	684210.26
8.07444354044517	42.5640259487792	1437.65	483.02	741094.29
11.7099206320635	42.6779658576273	1273.068	498.558	722581.98
18.0978355217316	52.7777577777938	1668.055	622.784	736236.43
26.7611585910731	57.4663940268848	1742.572	708.786	755171.8
36.1995610403512	63.993368805305	1984.213	801.016	776045.86
47.1940222447822	81.6058147153482	2676.865	1048.026	800267.93
56.0544751564199	83.2348134121493	2641.201	1113.894	819475.2
64.050078759937	86.9951904038477	2850.393	1197.731	839001.26
75.6057695153844	98.9572608341913	3141.879	1387.105	862818.38
82.9921336062931	99.7559201952638	3090.251	1432.755	880010.76
90.58053753557	100.0	3168.831	1466.521	897259.84
