0.000789999368000506	0.0142199886240091	3.078	1.228	395
0.00196999842400126	0.0354599716320227	5.177	1.371	731.09
0.00328999736800211	0.0592199526240379	7.947	1.753	1155.8
0.00391999686400251	0.0705599435520452	8.899	1.969	1488.68
0.00517999585600331	0.0930599255520596	13.496	2.209	2182.06
0.00864999308000554	0.154799876160099	21.734	2.757	3291.81
0.012519989984008	0.224819820144144	25.408	3.405	4618.38
0.0146799882560094	0.262799789760168	32.662	4.202	5144.37
0.0225099819920144	0.401219679024257	43.874	4.846	8213.89
0.0300699759440192	0.536039571168343	54.538	5.597	13603.62
0.050059959952032	0.878039297568562	117.205	8.713	19357.42
0.0620799503360397	1.0999791200167	109.639	9.008	21312.7
0.0776199379040497	1.34765892187286	136.676	10.93	28466.05
0.209479832416134	3.5913571269143	365.904	26.237	71157.8
0.283179773456181	4.71311622950702	588.745	33.935	98028.07
0.37535969971224	5.98193521445183	619.943	42.483	115027.66
0.710629431496455	10.8296913362469	949.671	76.782	288187.45
0.986019211184631	13.7109490312408	1063.962	126.422	347102.05
1.57852873717701	19.8334641332287	1356.342	197.464	476717.88
1.72933861652911	17.8707457034034	814.311	181.924	504056.28
3.5880371295703	31.7913945668843	1250.324	329.253	654521.16
4.92190606247515	31.8201945438444	979.124	337.387	708395.28
8.06981354414916	42.4677260258192	1395.739	453.048	741079.96
9.94913204069437	33.7870529703576	969.141	379.19	731421.29
17.8876056899154	50.2453398037282	1509.414	575.528	735591.55
27.2574881940094	62.6143899084881	2036.443	742.485	756589.22
35.8534713172229	62.4124300700559	1949.757	769.582	775118.54
46.883782492974	78.3335973331221	2445.317	968.96	799404.47
57.1968742425006	91.6359466912427	2901.966	1120.385	822541.11
64.7944781644175	88.9006688794649	2798.354	1120.49	839315.06
75.9562092350326	99.5593603525117	2994.8	1256.476	864535.5
83.9947028042378	99.976780018576	3004.468	1291.948	882816.94
90.580127535898	99.999820000144	3066.757	1327.427	897268.53
