0.000439999648000282	0.00791999366400507	2.684	1.071	228.16
0.0014099988720009	0.0253799796960162	4.376	1.131	557.35
0.0029699976240019	0.0534599572320342	8.219	1.314	1030.2
0.00395999683200253	0.0712799429760456	8.958	1.391	1410.39
0.00512999589600328	0.0923399261280591	12.034	1.497	2434.2
0.00850999319200545	0.153179877456098	17.857	1.782	3388.03
0.0119499904400076	0.214739828208137	27.305	2.446	4362.41
0.0150899879280097	0.270359783712173	29.804	2.919	5630.84
0.0166899866480107	0.298799760960191	32.687	2.522	6044.31
0.0230599815520148	0.409319672544262	43.718	3.361	8898.67
0.0603899516880387	1.07081914334469	110.497	7.304	20816.19
0.0929499256400595	1.63511869190505	165.683	10.612	33286.97
0.126349898920081	2.1949182440654	294.379	14.55	50879.8
0.164599868320105	2.80349775720179	300.64	18.896	55571.85
0.316589746728203	5.29505576395539	551.752	35.105	106786.61
0.338929728856217	5.40143567885146	520.512	36.175	126840.76
0.710169431864454	10.8552513157989	937.416	71.069	190114.41
1.06413914868868	15.0753479397216	1167.37	132.647	360729.56
1.11519910784071	13.6214891028087	829.617	127.19	402423.45
2.39201808638553	26.0963791228967	1422.636	261.718	550067
3.58384713292229	31.8459345232524	1278.141	328.68	652924.38
5.37266570186744	37.0160703871437	1290.335	391.487	717731.93
8.07074354340516	42.6954258436593	1520.538	467.059	741096.46
11.9263104589516	44.8838640929087	1349.875	499.861	722926.46
18.2145954283237	54.5154763876189	1822.719	635.368	736648.82
24.999340000528	49.5294803764157	1501.694	611.354	751775.86
36.8741005007196	68.2577453938037	2104.161	862.407	777479.81
46.6970226423819	76.8705585035532	2403.6	981.267	798664.98
56.8458345233324	87.9230896615283	2816.175	1147.296	822402.61
66.3890168887865	94.5719243424605	2991.34	1563.215	842545.01
76.0042391966086	99.6457602833918	3049.505	1729.832	864688.86
84.0436127651098	99.982180014256	3076.189	1762.446	883003.59
90.57778753777	100.0	3145.706	1802.563	897259.01
