0.000899999280000576	0.0161999870400104	3.41	0.943	418.79
0.00193999844800124	0.0349199720640224	5.23	1.048	778.4
0.00295999763200189	0.053099957520034	8.595	1.149	1187.18
0.00369999704000237	0.0665999467200426	8.435	1.224	1449.58
0.00512999589600328	0.0919799264160589	16.487	1.356	1629.28
0.00545999563200349	0.0982799213760629	21.451	1.368	2337.29
0.0120799903360077	0.216539826768139	23.737	2.418	5026.36
0.0134899892080086	0.240839807328154	51.22	2.279	5113.93
0.0223999820800143	0.399599680320256	44.462	3.015	8898.67
0.0275599779520176	0.491939606448315	57.585	3.868	9916.3
0.0523599581120335	0.920879263296589	93.421	5.958	19357.42
0.0633899492880406	1.12121910302472	133.146	7.362	22577.76
0.126269898984081	2.1940182447854	229.452	13.693	41258.79
0.206579834736132	3.52943717645026	407.015	22.132	72761.44
0.318009745592204	5.3089157528674	578.868	36.09	95709.7
0.424359660512272	6.76871458502833	669.992	43.406	122351.48
0.514009588792329	7.73063381549295	684.596	50.926	177165.56
0.994529204376636	13.8234489412408	1114.344	122.829	342241.53
1.557558753953	19.5829043336765	1316.568	189.884	463853.45
1.85819851344119	19.1642246686203	868.822	185.897	487581.35
3.21536742770606	27.0383183693453	1025.592	267.528	638562.12
5.02725597819522	32.882733693813	1058.872	344.824	710838.62
6.4018848784921	29.741376206899	852.825	331.812	735189.07
12.1288702969038	47.9787816169747	1652.545	526.417	723321.09
18.2067054346357	54.5147563881949	1784.211	613.363	736524.76
27.3170381463695	63.6576690738647	2059.843	729.152	756563.92
35.954671236263	62.8487497210002	1905.459	750.943	775361.5
47.2810421751663	82.9972136022291	2722.982	997.214	800543
57.0501543598765	89.9434080452736	2821.585	1106.837	822227.1
65.0792679365857	89.5749483400413	2802.684	1127.289	841168.45
74.7874201700639	97.3811820950543	2986.691	1595.171	862801.04
84.0620927503258	99.984880012096	3040.173	1672.549	883049.24
90.5468475625219	100.0	3056.583	1716.873	897246.45
