0.000909999272000582	0.0163799868960105	3.784	1.131	371.21
0.00219999824000141	0.0395999683200253	6.441	1.238	849.3
0.00285999771200183	0.0514799588160329	6.986	1.346	1120.5
0.00366999706400235	0.0658799472960422	8.427	1.423	1648.79
0.00369999704000237	0.0664199468640425	8.741	1.645	1465.22
0.00646999482400414	0.116099907120074	13.531	1.656	3029.74
0.0110799911360071	0.198899840880127	22.2	2.318	3883.56
0.0118299905360076	0.212219830224136	26.392	2.12	4132.66
0.0277099778320177	0.495719603424317	53.76	3.674	10614.28
0.0413899668880265	0.735659411472471	104.305	5.241	15010.94
0.0590699527440378	1.04705916235267	142.815	6.975	21312.7
0.0931599254720596	1.63691869046505	175.371	10.666	33600.72
0.10941991246407	1.89701848238521	210.757	11.987	35396.1
0.197639841888126	3.37283730173016	353.505	21.817	62411.44
0.254369796504163	4.20731663414669	408.312	26.612	80675.62
0.471559622752302	7.56989394408484	774.376	48.576	141822.74
0.704929436056451	10.7706513834789	1005.125	71.179	193746.26
1.02016918386465	14.3076485538812	1086.068	125.528	344353.49
1.4101488718809	17.3332661333871	1065.315	151.478	425847.4
1.94228844616924	20.0678239457408	905.569	197.515	505841.82
3.58483713213029	31.8063345549324	1308.466	329.492	653264.68
5.38487569209945	37.4932500054	1412.292	397.853	718051.53
5.47977561617951	26.1284190972647	785.837	285.322	721126.26
12.1143603085118	47.8360417311666	1551.898	547.744	723008.05
16.4560368351705	42.0711863430509	1268.293	513.865	732898.54
27.1981782414574	61.8524505180396	1984.43	755.472	756509.48
37.1723502621198	71.4144028684777	2290.299	923.927	777995.51
47.2296722162622	82.3285141371887	3139.426	1035.21	800938.23
53.4390472487622	75.7628393897285	2399.517	997.87	813624.08
65.0082179934256	89.3832484934012	2933.733	1201.647	840999.16
75.8573693141045	99.3701805038556	3058.645	1714.174	864565.74
83.8130729495416	99.951580038736	3107.843	1723.243	882445.97
90.599457520434	99.999820000144	3117.983	1783.453	897267.79
