0.000939999248000602	0.0167399866080107	3.336	0.909	375.17
0.0020299983760013	0.0365399707680234	5.323	0.988	845.36
0.00303999756800195	0.054719956224035	7.117	1.157	1120.5
0.00417999665600267	0.0752399398080481	9.742	1.273	1367.35
0.00583999532800374	0.105119915904067	45.676	1.524	2511.68
0.00756999394400484	0.135539891568087	15.075	1.501	2705.17
0.0127599897920082	0.229139816688147	27.865	1.972	5102.51
0.017249986200011	0.308879752896198	32.235	2.3	6758.7
0.0241299806960154	0.429839656128275	44.464	3.077	8861.32
0.0367899705680235	0.654839476128419	71.491	4.342	16233.4
0.0538699569040345	0.95273923780861	134.796	6.719	19378.96
0.0848399321280543	1.49129880696095	171.056	9.903	34905.26
0.139529888376089	2.42855805715355	259.616	15.845	46444.62
0.176359858912113	2.99609760312192	322.094	19.321	60121.38
0.230319815744147	3.81923694461044	370.111	24.392	89309.25
0.399209680632255	6.36515490787607	590.293	40.79	124440.94
0.70313943748845	10.7024314380548	937.761	73.128	195258.98
1.05442915645667	14.8481881214495	1106.136	129.398	376358.09
1.59634872292102	20.283103773517	1386.824	192.679	450583.88
2.38727809017753	25.8022593581925	1304.878	254.937	565053.92
3.5904271276583	32.0556343554925	1294.176	322.44	655999.86
4.96087603129917	32.1827142538286	980.217	334.913	709184.9
8.06712354630116	42.6669858664113	1498.455	454.06	741094.88
9.02596277922978	31.0164951868039	925.722	342.765	737988.83
18.1853454517236	54.2134366292507	1758.333	609.959	736358.79
27.3092281526175	63.5691091447127	2092.82	721.029	756010.09
35.945791243367	62.8048297561362	1915.294	754.673	775335.98
43.791634966692	66.5594467524426	2061.825	820.352	792854.25
56.9710844231325	89.070948743241	2771.617	1092.635	821806.6
66.6041367166906	95.7093434325253	2995.616	1536.967	843070.55
75.7898793680965	99.2564205948635	2935.65	1581.585	864542.86
84.0701527438778	99.984520012384	3047.73	1646.744	882834.07
90.5397775681779	100.0	3027.933	1679.387	897237.41
