0.000869999304000557	0.01565998747201	3.341	1.326	430.68
0.00194999844000125	0.0350999719200225	5.562	1.556	750.81
0.00252999797600162	0.0455399635680291	6.538	1.645	916.2
0.00398999680800255	0.071819942544046	9.217	1.979	1367.35
0.00574999540000368	0.103319917344066	12.294	2.452	2314.01
0.0087499930000056	0.157319874144101	18.949	2.955	3418.81
0.0131299894960084	0.236159811072151	25.616	3.519	4950.17
0.0194699844240125	0.348479721216223	57.512	4.679	6868.08
0.0245099803920157	0.435779651376279	46.387	5.486	8898.67
0.0283599773120181	0.506519594784324	53.262	5.807	9916.3
0.0601899518480385	1.06649914680068	117.641	10.126	21387.64
0.0902499278000578	1.59101872718502	160.601	13.523	35568.15
0.14058988752809	2.45069803944157	852.944	19.414	48097.73
0.206989834408132	3.53123717501026	428.772	28.067	75512.23
0.314229748616201	5.25329579736336	551.538	38.53	100350.89
0.472859621712303	7.61525390779687	779.505	53.61	143716.76
0.695369443704445	10.5922715261828	907.641	76.421	287329.99
0.95299923760061	13.2321494142805	1037.203	123.789	346318.28
1.59439872448102	20.1094039124769	1343.723	204.841	471615.61
2.10944831244135	21.9668224265421	1051.819	216.935	536698.98
3.5898071281543	32.0635543491565	1321.561	335.517	645271.98
5.35893571285143	36.7914305668555	1220.996	416.715	720013.99
5.47676561858751	26.1185191051847	832.301	292.807	721078.96
10.2013418389265	34.6429522856382	988.216	397.569	729506.33
16.5582267534186	42.4448660441072	1251.894	517.583	733002.37
27.2473882020894	62.47345002124	2019.282	766.831	756643.53
37.3105101515919	73.5421811662551	2487.879	924.097	778391.17
46.4378128497497	75.2084398332481	2402.775	967.336	798222.28
55.4552356358115	80.9236152611078	2547.182	1081.565	818259.9
66.8934564852348	97.5167219866224	3040.474	1301.667	843805.36
74.2014406388475	96.4322228542217	3048.508	1329.175	859981.28
83.7999729600216	99.949420040464	3132.084	1388.744	882041.68
90.589407528474	99.999820000144	3184.99	1445.469	897261.06
