0.000879999296000563	0.0158399873280101	3.318	1.061	335.49
0.00193999844800124	0.0349199720640224	5.187	1.32	731.09
0.00253999796800163	0.0457199634240293	23.397	1.577	1226.37
0.00398999680800255	0.071819942544046	9.943	1.768	1668.3
0.00414999668000266	0.0746999402400478	9.077	1.944	1328.21
0.00730999415200468	0.131219895024084	14.862	2.359	2705.17
0.0101199919040065	0.181619854704116	19.64	2.914	3545.71
0.0183099853520117	0.32849973720021	39.488	4.763	7098.23
0.0191199847040122	0.341639726688219	40.879	4.595	7467.02
0.024959980032016	0.443159645472284	66.336	5.114	8977.09
0.0614899508080394	1.0909791272167	127.021	8.972	21312.7
0.0678299457360434	1.19123904700876	125.43	10.435	24000.84
0.139349888520089	2.42621805902555	274.334	18.206	48114.35
0.210949831240135	3.60125711899431	368.599	25.96	71157.8
0.3131497494802	5.22737581809935	548.298	38.45	99108.65
0.324739740208208	5.17229586216331	497.996	37.36	105677.75
0.712609429912456	10.869471304423	954.41	75.485	188599.58
0.998829200936639	13.9705088235929	1110.626	127.707	334065.66
1.57076874338501	19.7098042321566	1287.287	197.797	480976.26
2.39045808763353	25.8773192981446	1300.184	261.554	560598.92
3.49563720349024	30.5515555587556	1088.455	322.009	652289.02
4.23123661501071	26.6577986737611	791.216	288.818	687211.31
8.07082354334116	42.4992260006192	1464.926	468.3	741093.9
9.46274242980606	32.2586741930606	899.387	376.171	734936.7
17.7375458099634	48.8512409190073	1432.078	569.271	735743.07
26.6727886617691	56.8119145504684	1684.27	673.966	754829.58
35.5018715985027	61.1173311061351	1842.986	758.103	774604.29
45.343293725365	70.5630035495972	2162.353	866.109	796165.02
55.8665753067398	82.4046540762767	2560.655	1020.935	818927.73
64.127688697849	87.1683502653198	2783.105	1104.159	839154.17
73.5759611392311	95.351683718653	2980.575	1219.432	858384.92
84.0798227361418	99.986320010944	3035.178	1324.677	883089.58
90.545027563978	100.0	3040.621	1324.428	897246.19
