0.000919999264000589	0.0165599867520106	3.484	1.121	426.72
0.00180999855200116	0.0325799739360208	4.828	1.394	841.43
0.003129997496002	0.0561599550720359	7.862	1.626	1132.27
0.00377999697600242	0.0678599457120434	9.219	1.925	1508.22
0.00559999552000358	0.100799919360065	12.962	2.291	1983.84
0.00612999509600392	0.110339911728071	13.228	2.152	2480.7
0.0127799897760082	0.228959816832147	34.074	3.423	5307.95
0.018749985000012	0.336059731152215	58.189	4.355	6800.2
0.0243399805280156	0.435959651232279	47.041	5.019	8812.76
0.039129968696025	0.696779442576446	88.066	7.037	14456.33
0.0454599636320291	0.802439358048514	83.994	8.212	20078.49
0.0926899258480593	1.63349869320105	183.904	12.525	33600.72
0.12561989950408	2.1832182534254	222.332	15.818	50324.44
0.206349834920132	3.53429717256226	354.378	24.759	71919.71
0.313699749040201	5.24465580427536	542.728	38.394	100350.89
0.464939628048298	7.45433403653277	726.177	51.283	146791.02
0.708969432824454	10.8521913182469	1014.808	75.491	283914.59
1.04064916748067	14.6287682969854	1065.398	133.444	367031.41
1.52933877652898	19.1096847122522	1219.134	187.741	445271.13
2.39773808180953	26.1510990791207	1296.824	260.501	562659.46
2.5065179947856	20.8776432978854	810.569	213.064	588763.17
5.38170569463544	37.6334698932241	1307.237	394.091	713935.18
8.06752354598116	42.6671658662673	1469.402	467.482	741094.94
11.5482607613914	41.4264268588585	1265.084	480.275	722091.7
16.9257164594268	43.9230248615801	1276.729	526.388	733963.02
27.3110381511695	63.6403890876887	2153.354	734.93	756163.09
37.0667003466397	70.0966239227009	2180.397	836.364	777778.81
47.2856821714543	83.2330134135893	2715.18	1005.746	800494.37
56.0454451636439	83.1883734493012	2589.914	1052.573	819442.76
65.9892872085702	92.7379058096754	2879.246	1170.309	841629.1
75.5655395475684	98.8222609421912	2970.776	1259.869	864278.33
83.9050228759817	99.967780025776	3041.218	1295.053	882532.55
90.56788754569	99.999820000144	3099.187	1331.581	897243.69
