0.000909999272000582	0.0163799868960105	3.28	1.132	371.21
0.00147999881600095	0.0266399786880171	4.46	1.295	557.35
0.00253999796800163	0.0455399635680291	6.201	1.523	1120.5
0.0040699967440026	0.0732599413920469	8.945	1.857	1683.9
0.00619999504000397	0.111419910864071	13.188	2.334	2484.57
0.00869999304000557	0.1562398750081	17.856	2.674	3484.2
0.012549989960008	0.224819820144144	24.735	3.531	5102.51
0.0173499861200111	0.309599752320198	32.406	3.978	6044.31
0.0175799859360113	0.314099748720201	34.153	4.34	7045.47
0.0324599740320208	0.577259538192369	61.161	6.266	11140.46
0.0611999510400392	1.0900791279367	113.985	9.731	24379.9
0.0837999329600536	1.45835883331293	205.412	11.996	28703.62
0.0941699246640603	1.65383867692906	168.624	13.444	33286.97
0.188889848888121	3.22199742240206	307.118	23.423	69707.31
0.290609767512186	4.83065613547509	513.188	35.908	94415.95
0.444339644528284	7.11683430653255	660.717	49.085	127251.37
0.548139561488351	8.20007343994125	803.721	57.15	149736.49
1.05296915762467	14.8093081525535	1235.456	132.852	380073.95
1.46685882651294	18.1189655048276	1169.444	183.658	454710.57
1.52565877947298	15.9784072172742	761.935	145.261	444316.14
2.88920768863385	23.9041608766713	881.882	258.069	599781.5
5.35382571693943	36.7512905989675	1216.608	393.546	720296.49
7.17431426054859	33.7796729762616	1096.916	366.936	739891.46
11.4068508745193	40.3878276897378	1145.371	444.487	721978.02
18.1940154447876	54.4288964568828	1782.343	630.089	736534.41
24.9097100722319	49.2755005795995	1489.031	590.174	751613.7
34.9597520321984	59.398692481046	1811.791	733.298	773618.72
47.2194622244302	81.9946144043085	2563.781	974.29	800462.9
56.8771544982764	88.2976693618645	2728.053	1076.956	821700.17
64.7979081616735	88.8099489520408	2814.892	1143.845	840489.03
75.3628197097442	98.5155411875671	2979.118	1250.031	862336.6
84.1237727009818	99.990460007632	3017.898	1300.545	882945
90.57288754169	99.999820000144	3035.235	1347.162	897251.47
