0.00074999940000048	0.0134999892000086	3.024	1.146	311.66
0.00117999905600076	0.0212399830080136	4.078	1.113	450.49
0.00267999785600172	0.0478799616960306	6.562	1.3	892.6
0.00317999745600204	0.0572399542080366	7.625	1.315	1116.57
0.0057799953760037	0.104039916768067	12.798	1.616	2275.22
0.00738999408800473	0.132839893728085	41.301	1.807	2705.17
0.0116099907120074	0.208979832816134	22.526	2.055	4163.29
0.0176899858480113	0.316979746416203	35.343	2.691	6532.19
0.0275499779600176	0.493559605152316	54.006	3.745	10614.28
0.0350399719680224	0.6245995003204	81.58	4.456	13123.2
0.0618199505440396	1.0978191217447	120.088	7.478	23480.05
0.0914899268080585	1.60829871336103	179.783	11.573	35568.15
0.105429915656067	1.83059853552117	233.361	11.879	35396.1
0.17115986307211	2.86199771040183	315.275	19.333	60266.96
0.203969836824131	3.48929720856223	351.774	23.514	72137.36
0.454609636312291	7.29377416498067	758.213	46.572	130945.68
0.697149442280446	10.5879515296388	957.325	70.341	281854.86
0.997119202304638	13.9348688521049	998.102	125.226	335044.27
1.59504872396102	20.2217238226209	1391.545	195.966	468044.04
2.39166808666553	26.1001591198727	1644.433	262.349	569538.6
3.37233730213016	28.8575769139385	981.165	287	637104.59
4.67358626113099	29.752716197827	884.504	322.888	704234.35
8.05905355275716	42.0252863797709	1401.123	506.699	740981.03
12.0001603998717	45.7979033616773	1439.179	504.805	723273.5
16.8812564949948	43.7376250099	1320.46	523.235	733841.23
27.1751682598654	61.5655307475754	1918.321	741.841	756308.47
37.2579301936558	72.4729820216144	2384.487	907.298	778117.09
47.2330022135982	82.4500140399888	2804.699	1042.85	800914.85
56.6467646825883	86.5430307655754	2710.94	1126.29	821082.2
66.8915864867308	97.4976420018864	2996.328	1636.813	843770.59
75.6596194723044	99.0562607549914	3057.256	1731.511	862988.23
83.6804530556376	99.929080056736	3193.13	1731.63	881573.64
90.55338755729	99.999640000288	3134.495	1812.607	897218.78
